<?xml version="1.0" encoding="utf-8"?>
<COLLADA xmlns="http://www.collada.org/2005/11/COLLADASchema" version="1.4.1">
  <asset>
    <contributor>
      <author>Mixamo</author>
      <authoring_tool>COLLADA Mixamo exporter</authoring_tool>
      <comments/>
    </contributor>
    <created>2022-12-11T03:29:59Z</created>
    <modified>2022-12-11T03:29:59Z</modified>
    <revision/>
    <title/>
    <unit meter="0.010000"/>
    <up_axis>Y_UP</up_axis>
  </asset>
  <library_animations>
    <animation id="mixamorig_Hips-anim" name="mixamorig_Hips">
      <source id="mixamorig_Hips-Matrix-animation-input">
        <float_array id="mixamorig_Hips-Matrix-animation-input-array" count="66">

0.000000 0.033333 0.066667 0.100000 0.133333 0.166667 0.200000 0.233333 0.266667 0.300000 0.333333 0.366667 0.400000 0.433333 0.466667 0.500000
0.533333 0.566667 0.600000 0.633333 0.666667 0.700000 0.733333 0.766667 0.800000 0.833333 0.866667 0.900000 0.933333 0.966667 1.000000 1.033333
1.066667 1.100000 1.133333 1.166667 1.200000 1.233333 1.266667 1.300000 1.333333 1.366667 1.400000 1.433333 1.466667 1.500000 1.533333 1.566667
1.600000 1.633333 1.666667 1.700000 1.733333 1.766667 1.800000 1.833333 1.866667 1.900000 1.933333 1.966667 2.000000 2.033333 2.066667 2.100000
2.133333 2.166667</float_array>
        <technique_common>
          <accessor source="#mixamorig_Hips-Matrix-animation-input-array" count="66">
            <param name="TIME" type="float"/>
          </accessor>
        </technique_common>
      </source>
      <source id="mixamorig_Hips-Matrix-animation-output-transform">
        <float_array id="mixamorig_Hips-Matrix-animation-output-transform-array" count="1056">

0.729064 0.051563 -0.682501 -0.222579 0.002047 0.996989 0.077510 88.459320 0.684443 -0.057907 0.726763 0.246838 0.000000 0.000000 0.000000 1.000000
0.775858 0.053625 -0.628624 0.061907 -0.038066 0.998545 0.038199 87.611069 0.629758 -0.005708 0.776771 -1.259912 0.000000 0.000000 0.000000 1.000000
0.808927 0.060710 -0.584766 0.516967 -0.101928 0.994073 -0.037797 86.006821 0.579006 0.090179 0.810321 -2.431545 0.000000 0.000000 0.000000 1.000000
0.830492 0.033894 -0.555998 0.838853 -0.148024 0.975688 -0.161625 83.834412 0.537002 0.216529 0.815318 -3.319971 0.000000 0.000000 0.000000 1.000000
0.847113 -0.021682 -0.530971 1.096021 -0.186193 0.923720 -0.334774 80.876915 0.497727 0.382455 0.778458 -3.882181 0.000000 0.000000 0.000000 1.000000
0.863004 -0.087605 -0.497543 1.370590 -0.211059 0.832266 -0.512629 77.194801 0.458997 0.547412 0.699759 -4.571143 0.000000 0.000000 0.000000 1.000000
0.879396 -0.146874 -0.452870 1.552638 -0.210213 0.733693 -0.646146 73.295189 0.427170 0.663417 0.614332 -5.496144 0.000000 0.000000 0.000000 1.000000
0.898698 -0.160202 -0.408261 1.623273 -0.189513 0.697643 -0.690926 69.103966 0.395508 0.698305 0.596610 -6.757327 0.000000 0.000000 0.000000 1.000000
0.901708 -0.158284 -0.402330 1.926836 -0.174663 0.717891 -0.673889 64.832802 0.395495 0.677923 0.619681 -8.100727 0.000000 0.000000 0.000000 1.000000
0.906559 -0.140167 -0.398126 1.905231 -0.158295 0.761495 -0.628545 61.397240 0.391272 0.632834 0.668152 -8.979768 0.000000 0.000000 0.000000 1.000000
0.922080 -0.119468 -0.368096 1.470057 -0.136600 0.789462 -0.598407 59.806877 0.362089 0.602061 0.711628 -8.953297 0.000000 0.000000 0.000000 1.000000
0.927290 -0.102198 -0.360123 0.809098 -0.128391 0.816834 -0.562404 60.281349 0.351637 0.567748 0.744320 -8.361002 0.000000 0.000000 0.000000 1.000000
0.932760 -0.073905 -0.352840 0.172904 -0.117837 0.862489 -0.492166 62.130783 0.340694 0.500651 0.795786 -7.507475 0.000000 0.000000 0.000000 1.000000
0.933775 -0.035788 -0.356066 -0.151389 -0.105944 0.922738 -0.370580 64.286560 0.341818 0.383762 0.857839 -6.786899 0.000000 0.000000 0.000000 1.000000
0.928151 -0.005496 -0.372164 -0.288761 -0.087116 0.968909 -0.231572 65.727753 0.361866 0.247355 0.898815 -7.137155 0.000000 0.000000 0.000000 1.000000
0.930593 0.036410 -0.364241 -0.248424 -0.058517 0.997042 -0.049837 66.864159 0.361349 0.067692 0.929970 -8.108384 0.000000 0.000000 0.000000 1.000000
0.941150 0.062828 -0.332099 -0.232995 -0.043507 0.996916 0.065307 68.039474 0.335178 -0.047015 0.940981 -8.304407 0.000000 0.000000 0.000000 1.000000
0.951926 0.088062 -0.293398 -0.836936 -0.047223 0.988525 0.143486 70.670555 0.302667 -0.122733 0.945161 -7.213899 0.000000 0.000000 0.000000 1.000000
0.956592 0.115068 -0.267753 -1.818902 -0.053963 0.972800 0.225274 76.190361 0.286392 -0.201047 0.936782 -4.238949 0.000000 0.000000 0.000000 1.000000
0.954806 0.123106 -0.270538 -2.806655 -0.032779 0.948256 0.315809 83.845016 0.295417 -0.292668 0.909436 -0.346419 0.000000 0.000000 0.000000 1.000000
0.957292 0.114605 -0.265440 -3.115650 0.003173 0.913863 0.406010 92.939095 0.289107 -0.389512 0.874470 2.809022 0.000000 0.000000 0.000000 1.000000
0.961222 0.120442 -0.248087 -3.505082 0.011720 0.880936 0.473090 101.751266 0.275528 -0.457652 0.845363 3.789562 0.000000 0.000000 0.000000 1.000000
0.963071 0.138355 -0.230982 -3.569291 0.017474 0.823950 0.566393 108.862061 0.268681 -0.549512 0.791105 3.309906 0.000000 0.000000 0.000000 1.000000
0.965713 0.160690 -0.203906 -3.423835 0.022631 0.730327 0.682723 115.193054 0.258625 -0.663929 0.701649 2.480874 0.000000 0.000000 0.000000 1.000000
0.971940 0.176416 -0.155594 -3.144943 0.013024 0.620086 0.784426 119.165375 0.234867 -0.764442 0.600389 1.998555 0.000000 0.000000 0.000000 1.000000
0.978470 0.176778 -0.106519 -3.059777 0.007293 0.486167 0.873835 121.265633 0.206261 -0.855799 0.474411 1.624797 0.000000 0.000000 0.000000 1.000000
0.983524 0.169745 -0.062190 -3.093319 0.003560 0.325760 0.945446 122.463318 0.180744 -0.930090 0.319789 1.595923 0.000000 0.000000 0.000000 1.000000
0.990125 0.139951 -0.008144 -3.338171 -0.008422 0.117377 0.993052 123.549248 0.139935 -0.983177 0.117397 2.319533 0.000000 0.000000 0.000000 1.000000
0.993365 0.103790 0.049527 -3.767287 -0.038307 -0.107440 0.993473 125.123108 0.108434 -0.988779 -0.102751 4.188832 0.000000 0.000000 0.000000 1.000000
0.991763 0.062769 0.111648 -4.351390 -0.081307 -0.365006 0.927448 126.892586 0.098967 -0.928887 -0.356897 6.738592 0.000000 0.000000 0.000000 1.000000
0.986097 0.017144 0.165283 -5.105155 -0.119147 -0.620383 0.775196 128.775406 0.115829 -0.784111 -0.609716 9.205635 0.000000 0.000000 0.000000 1.000000
0.979584 -0.035386 0.197897 -5.562685 -0.134467 -0.847101 0.514138 130.020096 0.149445 -0.530252 -0.834565 11.382866 0.000000 0.000000 0.000000 1.000000
0.975078 -0.100335 0.197880 -5.759330 -0.137593 -0.973138 0.184581 131.287064 0.174045 -0.207208 -0.962691 13.352300 0.000000 0.000000 0.000000 1.000000
0.970853 -0.165998 0.172887 -5.712114 -0.140974 -0.978857 -0.148208 133.302277 0.193834 0.119515 -0.973727 15.212975 0.000000 0.000000 0.000000 1.000000
0.969805 -0.222489 0.099886 -5.355693 -0.150539 -0.868341 -0.472569 134.822632 0.191876 0.443263 -0.875615 16.654858 0.000000 0.000000 0.000000 1.000000
0.961388 -0.274045 0.025143 -4.370364 -0.166972 -0.653498 -0.738282 132.549072 0.218753 0.705578 -0.674023 15.593741 0.000000 0.000000 0.000000 1.000000
0.952045 -0.299822 -0.060974 -4.609458 -0.179175 -0.384811 -0.905437 125.094070 0.248006 0.872942 -0.420078 13.303983 0.000000 0.000000 0.000000 1.000000
0.947143 -0.286118 -0.145112 -5.062502 -0.183517 -0.112197 -0.976593 114.328835 0.263140 0.951603 -0.158774 11.790958 0.000000 0.000000 0.000000 1.000000
0.942622 -0.255162 -0.215306 -5.466851 -0.189419 0.122320 -0.974248 102.174057 0.274927 0.959130 0.066969 11.072231 0.000000 0.000000 0.000000 1.000000
0.944468 -0.211180 -0.251758 -5.594692 -0.172700 0.332806 -0.927046 90.629990 0.279561 0.919045 0.277853 9.337845 0.000000 0.000000 0.000000 1.000000
0.944827 -0.166456 -0.282124 -4.964306 -0.148164 0.550962 -0.821272 80.741142 0.292145 0.817761 0.495901 6.876633 0.000000 0.000000 0.000000 1.000000
0.944640 -0.138949 -0.297236 -4.165393 -0.124593 0.686143 -0.716717 73.345306 0.303533 0.714073 0.630846 3.879512 0.000000 0.000000 0.000000 1.000000
0.948965 -0.133418 -0.285773 -3.480154 -0.100081 0.731889 -0.674034 69.377403 0.299082 0.668235 0.681184 1.185178 0.000000 0.000000 0.000000 1.000000
0.955563 -0.137294 -0.260862 -3.727391 -0.069906 0.754140 -0.652983 68.283775 0.286377 0.642202 0.711031 -1.126475 0.000000 0.000000 0.000000 1.000000
0.965346 -0.141712 -0.219144 -4.178676 -0.037163 0.756519 -0.652915 69.641571 0.258313 0.638433 0.725036 -3.390587 0.000000 0.000000 0.000000 1.000000
0.965457 -0.165551 -0.201212 -4.638668 -0.011232 0.745060 -0.666903 71.397972 0.260321 0.646126 0.717464 -5.652309 0.000000 0.000000 0.000000 1.000000
0.954333 -0.172477 -0.243925 -4.617110 -0.035196 0.745904 -0.665123 74.245888 0.296663 0.643335 0.705770 -7.665421 0.000000 0.000000 0.000000 1.000000
0.937074 -0.174402 -0.302452 -4.455037 -0.068832 0.757007 -0.649772 76.883270 0.342279 0.629702 0.697366 -9.408636 0.000000 0.000000 0.000000 1.000000
0.922628 -0.175538 -0.343430 -4.221917 -0.085066 0.775885 -0.625113 78.897751 0.376193 0.605961 0.700921 -9.562016 0.000000 0.000000 0.000000 1.000000
0.910349 -0.171538 -0.376615 -3.952873 -0.094904 0.799261 -0.593443 80.440872 0.402812 0.575983 0.711327 -9.286357 0.000000 0.000000 0.000000 1.000000
0.893880 -0.177493 -0.411674 -3.633249 -0.095777 0.821476 -0.562142 81.385841 0.437957 0.541916 0.717301 -8.304845 0.000000 0.000000 0.000000 1.000000
0.877055 -0.171007 -0.448921 -3.422768 -0.087935 0.861555 -0.499990 82.164108 0.472273 0.477995 0.740594 -7.664232 0.000000 0.000000 0.000000 1.000000
0.858754 -0.149346 -0.490141 -3.373713 -0.080909 0.905055 -0.417527 82.795982 0.505960 0.398210 0.765136 -6.762440 0.000000 0.000000 0.000000 1.000000
0.841538 -0.126793 -0.525107 -3.226433 -0.068773 0.939007 -0.336950 83.282730 0.535803 0.319669 0.781490 -6.120817 0.000000 0.000000 0.000000 1.000000
0.827469 -0.095184 -0.553384 -2.948194 -0.054832 0.967120 -0.248338 84.048965 0.558827 0.235835 0.795043 -5.660643 0.000000 0.000000 0.000000 1.000000
0.813964 -0.052478 -0.578539 -2.763165 -0.041891 0.988016 -0.148558 85.017708 0.579402 0.145156 0.802012 -4.926624 0.000000 0.000000 0.000000 1.000000
0.801411 -0.007137 -0.598071 -2.524621 -0.030455 0.998145 -0.052720 86.112801 0.597338 0.060465 0.799707 -4.389794 0.000000 0.000000 0.000000 1.000000
0.789764 0.034018 -0.612466 -2.198118 -0.020747 0.999371 0.028754 87.163025 0.613059 -0.010002 0.789973 -3.878805 0.000000 0.000000 0.000000 1.000000
0.778475 0.063282 -0.624478 -1.850981 -0.014168 0.996423 0.083311 87.957153 0.627516 -0.056008 0.776587 -3.141918 0.000000 0.000000 0.000000 1.000000
0.767293 0.077868 -0.636552 -1.490427 -0.006659 0.993515 0.113507 88.358986 0.641262 -0.082855 0.762835 -2.405061 0.000000 0.000000 0.000000 1.000000
0.756538 0.078679 -0.649199 -1.185940 0.005429 0.991946 0.126544 88.504318 0.653927 -0.099260 0.750018 -1.743345 0.000000 0.000000 0.000000 1.000000
0.746131 0.071842 -0.661912 -0.907854 0.013795 0.992280 0.123249 88.538803 0.665656 -0.101091 0.739380 -1.060884 0.000000 0.000000 0.000000 1.000000
0.737054 0.061202 -0.673057 -0.648906 0.015009 0.994163 0.106837 88.497246 0.675667 -0.088847 0.731834 -0.374222 0.000000 0.000000 0.000000 1.000000
0.730461 0.051703 -0.680994 -0.381368 0.009165 0.996298 0.085472 88.449097 0.682893 -0.068675 0.727283 0.114394 0.000000 0.000000 0.000000 1.000000
0.729063 0.051573 -0.682501 -0.222491 0.002033 0.996990 0.077509 88.457970 0.684444 -0.057897 0.726763 0.247196 0.000000 0.000000 0.000000 1.000000
0.729063 0.051573 -0.682501 -0.222491 0.002033 0.996990 0.077509 88.457970 0.684444 -0.057897 0.726763 0.247196 0.000000 0.000000 0.000000 1.000000</float_array>
        <technique_common>
          <accessor source="#mixamorig_Hips-Matrix-animation-output-transform-array" count="66" stride="16">
            <param type="float4x4"/>
          </accessor>
        </technique_common>
      </source>
      <source id="mixamorig_Hips-Interpolations">
        <Name_array id="mixamorig_Hips-Interpolations-array" count="66">
 LINEAR LINEAR LINEAR LINEAR LINEAR LINEAR LINEAR LINEAR LINEAR LINEAR LINEAR
LINEAR LINEAR LINEAR LINEAR LINEAR LINEAR LINEAR LINEAR LINEAR LINEAR LINEAR LINEAR
LINEAR LINEAR LINEAR LINEAR LINEAR LINEAR LINEAR LINEAR LINEAR LINEAR LINEAR LINEAR
LINEAR LINEAR LINEAR LINEAR LINEAR LINEAR LINEAR LINEAR LINEAR LINEAR LINEAR LINEAR
LINEAR LINEAR LINEAR LINEAR LINEAR LINEAR LINEAR LINEAR LINEAR LINEAR LINEAR LINEAR
LINEAR LINEAR LINEAR LINEAR LINEAR LINEAR LINEAR</Name_array>
        <technique_common>
          <accessor source="#mixamorig_Hips-Interpolations-array" count="66">
            <param type="name"/>
          </accessor>
        </technique_common>
      </source>
      <sampler id="mixamorig_Hips-Matrix-animation-transform">
        <input semantic="INPUT" source="#mixamorig_Hips-Matrix-animation-input"/>
        <input semantic="OUTPUT" source="#mixamorig_Hips-Matrix-animation-output-transform"/>
        <input semantic="INTERPOLATION" source="#mixamorig_Hips-Interpolations"/>
      </sampler>
      <channel source="#mixamorig_Hips-Matrix-animation-transform" target="mixamorig_Hips/matrix"/>
    </animation>
    <animation id="mixamorig_Spine-anim" name="mixamorig_Spine">
      <source id="mixamorig_Spine-Matrix-animation-input">
        <float_array id="mixamorig_Spine-Matrix-animation-input-array" count="66">

0.000000 0.033333 0.066667 0.100000 0.133333 0.166667 0.200000 0.233333 0.266667 0.300000 0.333333 0.366667 0.400000 0.433333 0.466667 0.500000
0.533333 0.566667 0.600000 0.633333 0.666667 0.700000 0.733333 0.766667 0.800000 0.833333 0.866667 0.900000 0.933333 0.966667 1.000000 1.033333
1.066667 1.100000 1.133333 1.166667 1.200000 1.233333 1.266667 1.300000 1.333333 1.366667 1.400000 1.433333 1.466667 1.500000 1.533333 1.566667
1.600000 1.633333 1.666667 1.700000 1.733333 1.766667 1.800000 1.833333 1.866667 1.900000 1.933333 1.966667 2.000000 2.033333 2.066667 2.100000
2.133333 2.166667</float_array>
        <technique_common>
          <accessor source="#mixamorig_Spine-Matrix-animation-input-array" count="66">
            <param name="TIME" type="float"/>
          </accessor>
        </technique_common>
      </source>
      <source id="mixamorig_Spine-Matrix-animation-output-transform">
        <float_array id="mixamorig_Spine-Matrix-animation-output-transform-array" count="1056">

0.996463 0.014020 0.082855 0.017300 -0.014385 0.999889 0.003809 10.574800 -0.082792 -0.004988 0.996554 -1.117200 0.000000 0.000000 0.000000 1.000000
0.997313 0.008069 0.072819 0.017300 -0.008213 0.999965 0.001676 10.574800 -0.072803 -0.002269 0.997344 -1.117200 0.000000 0.000000 0.000000 1.000000
0.997948 0.003692 0.063917 0.017300 -0.003781 0.999992 0.001262 10.574800 -0.063912 -0.001501 0.997954 -1.117200 0.000000 0.000000 0.000000 1.000000
0.998276 0.004557 0.058512 0.017300 -0.005019 0.999957 0.007750 10.574800 -0.058475 -0.008030 0.998257 -1.117200 0.000000 0.000000 0.000000 1.000000
0.998303 0.007779 0.057705 0.017300 -0.009046 0.999723 0.021740 10.574800 -0.057520 -0.022225 0.998097 -1.117200 0.000000 0.000000 0.000000 1.000000
0.998171 0.010655 0.059512 0.017300 -0.012811 0.999271 0.035970 10.574800 -0.059085 -0.036667 0.997579 -1.117200 0.000000 0.000000 0.000000 1.000000
0.998110 0.010923 0.060474 0.017300 -0.013446 0.999049 0.041469 10.574800 -0.059963 -0.042204 0.997308 -1.117200 0.000000 0.000000 0.000000 1.000000
0.998168 0.007822 0.059989 0.017300 -0.009938 0.999336 0.035053 10.574800 -0.059675 -0.035585 0.997583 -1.117200 0.000000 0.000000 0.000000 1.000000
0.998232 0.003952 0.059311 0.017300 -0.005205 0.999766 0.020984 10.574800 -0.059214 -0.021255 0.998019 -1.117200 0.000000 0.000000 0.000000 1.000000
0.998332 0.002615 0.057667 0.017300 -0.003043 0.999968 0.007340 10.574800 -0.057646 -0.007503 0.998309 -1.117200 0.000000 0.000000 0.000000 1.000000
0.998515 0.004411 0.054293 0.017300 -0.004503 0.999989 0.001574 10.574800 -0.054285 -0.001816 0.998524 -1.117200 0.000000 0.000000 0.000000 1.000000
0.998633 0.006540 0.051866 0.017300 -0.006941 0.999947 0.007541 10.574800 -0.051814 -0.007891 0.998626 -1.117200 0.000000 0.000000 0.000000 1.000000
0.998587 0.006083 0.052799 0.017300 -0.007342 0.999693 0.023680 10.574800 -0.052639 -0.024034 0.998324 -1.117200 0.000000 0.000000 0.000000 1.000000
0.998325 0.001931 0.057814 0.017300 -0.004503 0.999004 0.044386 10.574800 -0.057671 -0.044572 0.997340 -1.117200 0.000000 0.000000 0.000000 1.000000
0.997998 -0.000768 0.063243 0.017300 -0.003507 0.997717 0.067448 10.574800 -0.063151 -0.067535 0.995716 -1.117200 0.000000 0.000000 0.000000 1.000000
0.998188 -0.005908 0.059885 0.017300 0.001173 0.996890 0.078795 10.574800 -0.060164 -0.078582 0.995091 -1.117200 0.000000 0.000000 0.000000 1.000000
0.998650 -0.007175 0.051442 0.017300 0.002605 0.996087 0.088342 10.574800 -0.051875 -0.088089 0.994761 -1.117200 0.000000 0.000000 0.000000 1.000000
0.998965 -0.004971 0.045212 0.017300 0.000100 0.994248 0.107107 10.574800 -0.045485 -0.106991 0.993219 -1.117200 0.000000 0.000000 0.000000 1.000000
0.999303 -0.005113 0.036968 0.017300 0.000644 0.992785 0.119906 10.574800 -0.037314 -0.119798 0.992097 -1.117200 0.000000 0.000000 0.000000 1.000000
0.999453 -0.007815 0.032137 0.017300 0.003610 0.991656 0.128863 10.574800 -0.032876 -0.128676 0.991142 -1.117200 0.000000 0.000000 0.000000 1.000000
0.999614 -0.006178 0.027103 0.017300 0.002316 0.990112 0.140257 10.574800 -0.027702 -0.140140 0.989744 -1.117200 0.000000 0.000000 0.000000 1.000000
0.999881 -0.000999 0.015415 0.017300 -0.001305 0.988884 0.148681 10.574800 -0.015392 -0.148683 0.988765 -1.117200 0.000000 0.000000 0.000000 1.000000
0.999885 -0.000648 0.015124 0.017300 -0.001527 0.989677 0.143307 10.574800 -0.015061 -0.143314 0.989563 -1.117200 0.000000 0.000000 0.000000 1.000000
0.999854 -0.000082 0.017065 0.017300 -0.002077 0.991972 0.126442 10.574800 -0.016938 -0.126459 0.991827 -1.117200 0.000000 0.000000 0.000000 1.000000
0.999892 0.000917 0.014679 0.017300 -0.002450 0.994501 0.104700 10.574800 -0.014502 -0.104725 0.994395 -1.117200 0.000000 0.000000 0.000000 1.000000
0.999955 0.003988 0.008641 0.017300 -0.004672 0.996728 0.080689 10.574800 -0.008291 -0.080725 0.996702 -1.117200 0.000000 0.000000 0.000000 1.000000
0.999906 0.003938 0.013116 0.017300 -0.004696 0.998289 0.058288 10.574800 -0.012864 -0.058344 0.998214 -1.117200 0.000000 0.000000 0.000000 1.000000
0.999748 0.008008 0.020991 0.017300 -0.008797 0.999248 0.037754 10.574800 -0.020673 -0.037929 0.999067 -1.117200 0.000000 0.000000 0.000000 1.000000
0.999650 0.014030 0.022446 0.017300 -0.014495 0.999681 0.020690 10.574800 -0.022148 -0.021009 0.999534 -1.117200 0.000000 0.000000 0.000000 1.000000
0.999628 0.017285 0.021104 0.017300 -0.017336 0.999847 0.002247 10.574800 -0.021062 -0.002612 0.999775 -1.117200 0.000000 0.000000 0.000000 1.000000
0.999708 0.018511 0.015511 0.017300 -0.018149 0.999566 -0.023200 10.574800 -0.015934 0.022911 0.999611 -1.117200 0.000000 0.000000 0.000000 1.000000
0.999850 0.014816 0.008936 0.017300 -0.014285 0.998282 -0.056823 10.574800 -0.009762 0.056687 0.998344 -1.117200 0.000000 0.000000 0.000000 1.000000
0.999970 0.004797 0.006062 0.017300 -0.004221 0.995776 -0.091717 10.574800 -0.006476 0.091688 0.995767 -1.117200 0.000000 0.000000 0.000000 1.000000
0.999925 -0.007289 0.009811 0.017300 0.008383 0.993150 -0.116545 10.574800 -0.008894 0.116619 0.993137 -1.117200 0.000000 0.000000 0.000000 1.000000
0.999736 -0.013776 0.018404 0.017300 0.015963 0.992090 -0.124507 10.574800 -0.016543 0.124768 0.992048 -1.117200 0.000000 0.000000 0.000000 1.000000
0.999690 -0.007470 0.023762 0.017300 0.010226 0.992951 -0.118085 10.574800 -0.022712 0.118292 0.992719 -1.117200 0.000000 0.000000 0.000000 1.000000
0.999642 0.004229 0.026403 0.017300 -0.001454 0.994550 -0.104252 10.574800 -0.026700 0.104177 0.994200 -1.117200 0.000000 0.000000 0.000000 1.000000
0.999513 0.013062 0.028355 0.017300 -0.010532 0.996098 -0.087625 10.574800 -0.029389 0.087284 0.995750 -1.117200 0.000000 0.000000 0.000000 1.000000
0.999504 0.018398 0.025570 0.017300 -0.016543 0.997343 -0.070952 10.574800 -0.026807 0.070493 0.997152 -1.117200 0.000000 0.000000 0.000000 1.000000
0.999683 0.019730 0.015661 0.017300 -0.018752 0.998001 -0.060346 10.574800 -0.016820 0.060033 0.998055 -1.117200 0.000000 0.000000 0.000000 1.000000
0.999745 0.020569 0.009335 0.017300 -0.019945 0.997832 -0.062715 10.574800 -0.010605 0.062512 0.997988 -1.117200 0.000000 0.000000 0.000000 1.000000
0.999721 0.022748 0.006358 0.017300 -0.022198 0.996853 -0.076100 10.574800 -0.008069 0.075937 0.997080 -1.117200 0.000000 0.000000 0.000000 1.000000
0.999717 0.022813 0.006679 0.017300 -0.022117 0.995670 -0.090288 10.574800 -0.008710 0.090114 0.995893 -1.117200 0.000000 0.000000 0.000000 1.000000
0.999783 0.020033 0.005743 0.017300 -0.019395 0.995252 -0.095376 10.574800 -0.007626 0.095244 0.995425 -1.117200 0.000000 0.000000 0.000000 1.000000
0.999835 0.017836 0.003463 0.017300 -0.017467 0.996053 -0.087025 10.574800 -0.005002 0.086950 0.996200 -1.117200 0.000000 0.000000 0.000000 1.000000
0.999796 0.019655 0.004743 0.017300 -0.019280 0.997427 -0.069050 10.574800 -0.006088 0.068944 0.997602 -1.117200 0.000000 0.000000 0.000000 1.000000
0.999655 0.023157 0.012386 0.017300 -0.022497 0.998442 -0.051068 10.574800 -0.013549 0.050771 0.998618 -1.117200 0.000000 0.000000 0.000000 1.000000
0.999440 0.026426 0.020549 0.017300 -0.025585 0.998865 -0.040181 10.574800 -0.021587 0.039633 0.998981 -1.117200 0.000000 0.000000 0.000000 1.000000
0.999327 0.028454 0.023166 0.017300 -0.027567 0.998906 -0.037764 10.574800 -0.024216 0.037100 0.999018 -1.117200 0.000000 0.000000 0.000000 1.000000
0.999298 0.029037 0.023679 0.017300 -0.028123 0.998881 -0.038034 10.574800 -0.024757 0.037341 0.998996 -1.117200 0.000000 0.000000 0.000000 1.000000
0.999193 0.030968 0.025579 0.017300 -0.030054 0.998921 -0.035393 10.574800 -0.026647 0.034596 0.999046 -1.117200 0.000000 0.000000 0.000000 1.000000
0.999041 0.031628 0.030279 0.017300 -0.030658 0.999018 -0.031993 10.574800 -0.031262 0.031034 0.999029 -1.117200 0.000000 0.000000 0.000000 1.000000
0.998815 0.029683 0.038569 0.017300 -0.028548 0.999153 -0.029650 10.574800 -0.039416 0.028514 0.998816 -1.117200 0.000000 0.000000 0.000000 1.000000
0.998583 0.028485 0.044950 0.017300 -0.027309 0.999274 -0.026559 10.574800 -0.045674 0.025293 0.998636 -1.117200 0.000000 0.000000 0.000000 1.000000
0.998388 0.027738 0.049509 0.017300 -0.026526 0.999336 -0.024964 10.574800 -0.050169 0.023611 0.998462 -1.117200 0.000000 0.000000 0.000000 1.000000
0.998288 0.026895 0.051934 0.017300 -0.025390 0.999244 -0.029429 10.574800 -0.052686 0.028060 0.998217 -1.117200 0.000000 0.000000 0.000000 1.000000
0.998203 0.026606 0.053701 0.017300 -0.024653 0.999021 -0.036723 10.574800 -0.054626 0.035333 0.997882 -1.117200 0.000000 0.000000 0.000000 1.000000
0.997982 0.026546 0.057683 0.017300 -0.024128 0.998817 -0.042217 10.574800 -0.058736 0.040740 0.997442 -1.117200 0.000000 0.000000 0.000000 1.000000
0.997659 0.025505 0.063451 0.017300 -0.022801 0.998815 -0.042993 10.574800 -0.064472 0.041446 0.997058 -1.117200 0.000000 0.000000 0.000000 1.000000
0.997332 0.022902 0.069308 0.017300 -0.020374 0.999109 -0.036971 10.574800 -0.070093 0.035461 0.996910 -1.117200 0.000000 0.000000 0.000000 1.000000
0.997036 0.020079 0.074274 0.017300 -0.018127 0.999475 -0.026861 10.574800 -0.074774 0.025435 0.996876 -1.117200 0.000000 0.000000 0.000000 1.000000
0.996826 0.017483 0.077668 0.017300 -0.016304 0.999742 -0.015791 10.574800 -0.077924 0.014475 0.996854 -1.117200 0.000000 0.000000 0.000000 1.000000
0.996505 0.015372 0.082108 0.017300 -0.014952 0.999872 -0.005733 10.574800 -0.082185 0.004485 0.996607 -1.117200 0.000000 0.000000 0.000000 1.000000
0.996425 0.014528 0.083225 0.017300 -0.014803 0.999887 0.002699 10.574800 -0.083176 -0.003921 0.996527 -1.117200 0.000000 0.000000 0.000000 1.000000
0.996464 0.014048 0.082840 0.017300 -0.014413 0.999889 0.003805 10.574800 -0.082778 -0.004985 0.996556 -1.117200 0.000000 0.000000 0.000000 1.000000
0.996464 0.014048 0.082840 0.017300 -0.014413 0.999889 0.003805 10.574800 -0.082778 -0.004985 0.996556 -1.117200 0.000000 0.000000 0.000000 1.000000</float_array>
        <technique_common>
          <accessor source="#mixamorig_Spine-Matrix-animation-output-transform-array" count="66" stride="16">
            <param type="float4x4"/>
          </accessor>
        </technique_common>
      </source>
      <source id="mixamorig_Spine-Interpolations">
        <Name_array id="mixamorig_Spine-Interpolations-array" count="66">
 LINEAR LINEAR LINEAR LINEAR LINEAR LINEAR LINEAR LINEAR LINEAR LINEAR LINEAR
LINEAR LINEAR LINEAR LINEAR LINEAR LINEAR LINEAR LINEAR LINEAR LINEAR LINEAR LINEAR
LINEAR LINEAR LINEAR LINEAR LINEAR LINEAR LINEAR LINEAR LINEAR LINEAR LINEAR LINEAR
LINEAR LINEAR LINEAR LINEAR LINEAR LINEAR LINEAR LINEAR LINEAR LINEAR LINEAR LINEAR
LINEAR LINEAR LINEAR LINEAR LINEAR LINEAR LINEAR LINEAR LINEAR LINEAR LINEAR LINEAR
LINEAR LINEAR LINEAR LINEAR LINEAR LINEAR LINEAR</Name_array>
        <technique_common>
          <accessor source="#mixamorig_Spine-Interpolations-array" count="66">
            <param type="name"/>
          </accessor>
        </technique_common>
      </source>
      <sampler id="mixamorig_Spine-Matrix-animation-transform">
        <input semantic="INPUT" source="#mixamorig_Spine-Matrix-animation-input"/>
        <input semantic="OUTPUT" source="#mixamorig_Spine-Matrix-animation-output-transform"/>
        <input semantic="INTERPOLATION" source="#mixamorig_Spine-Interpolations"/>
      </sampler>
      <channel source="#mixamorig_Spine-Matrix-animation-transform" target="mixamorig_Spine/matrix"/>
    </animation>
    <animation id="mixamorig_Spine1-anim" name="mixamorig_Spine1">
      <source id="mixamorig_Spine1-Matrix-animation-input">
        <float_array id="mixamorig_Spine1-Matrix-animation-input-array" count="66">

0.000000 0.033333 0.066667 0.100000 0.133333 0.166667 0.200000 0.233333 0.266667 0.300000 0.333333 0.366667 0.400000 0.433333 0.466667 0.500000
0.533333 0.566667 0.600000 0.633333 0.666667 0.700000 0.733333 0.766667 0.800000 0.833333 0.866667 0.900000 0.933333 0.966667 1.000000 1.033333
1.066667 1.100000 1.133333 1.166667 1.200000 1.233333 1.266667 1.300000 1.333333 1.366667 1.400000 1.433333 1.466667 1.500000 1.533333 1.566667
1.600000 1.633333 1.666667 1.700000 1.733333 1.766667 1.800000 1.833333 1.866667 1.900000 1.933333 1.966667 2.000000 2.033333 2.066667 2.100000
2.133333 2.166667</float_array>
        <technique_common>
          <accessor source="#mixamorig_Spine1-Matrix-animation-input-array" count="66">
            <param name="TIME" type="float"/>
          </accessor>
        </technique_common>
      </source>
      <source id="mixamorig_Spine1-Matrix-animation-output-transform">
        <float_array id="mixamorig_Spine1-Matrix-animation-output-transform-array" count="1056">

0.986104 0.036304 0.162112 -0.000000 -0.003030 0.979597 -0.200948 12.406000 -0.166099 0.197664 0.966095 0.000000 0.000000 0.000000 0.000000 1.000000
0.989490 0.025197 0.142392 0.000000 0.004593 0.978729 -0.205107 12.406000 -0.144531 0.203605 0.968326 -0.000000 0.000000 0.000000 0.000000 1.000000
0.992098 0.018994 0.124018 0.000000 0.007042 0.978486 -0.206191 12.406000 -0.125266 0.205435 0.970621 0.000000 0.000000 0.000000 0.000000 1.000000
0.993566 0.019622 0.111543 -0.000000 0.002368 0.981063 -0.193675 12.406000 -0.113231 0.192693 0.974704 0.000000 0.000000 0.000000 0.000000 1.000000
0.993889 0.024144 0.107708 0.000000 -0.005928 0.986051 -0.166337 12.406000 -0.110221 0.164682 0.980169 0.000000 0.000000 0.000000 0.000000 1.000000
0.993609 0.026792 0.109650 0.000000 -0.011452 0.990338 -0.138204 12.406000 -0.112293 0.136065 0.984315 0.000000 0.000000 0.000000 0.000000 1.000000
0.993423 0.023272 0.112108 -0.000000 -0.008904 0.991864 -0.126993 12.406000 -0.114151 0.125160 0.985548 0.000000 0.000000 0.000000 0.000000 1.000000
0.993460 0.013853 0.113338 -0.000000 0.002072 0.990262 -0.139197 12.406000 -0.114163 0.138522 0.983757 0.000000 0.000000 0.000000 0.000000 1.000000
0.993509 0.004208 0.113672 0.000000 0.014874 0.985930 -0.166496 12.406000 -0.112773 0.167106 0.979468 0.000000 0.000000 0.000000 0.000000 1.000000
0.993800 0.000077 0.111185 -0.000000 0.021525 0.980948 -0.193072 12.406000 -0.109081 0.194268 0.974865 0.000000 0.000000 0.000000 0.000000 1.000000
0.994480 0.002233 0.104900 0.000000 0.019369 0.978684 -0.204457 12.406000 -0.103121 0.205361 0.973238 0.000000 0.000000 0.000000 0.000000 1.000000
0.995035 0.006172 0.099336 0.000000 0.013184 0.981107 -0.193019 12.406000 -0.098651 0.193370 0.976154 -0.000000 0.000000 0.000000 0.000000 1.000000
0.994950 0.005801 0.100206 0.000000 0.010498 0.986838 -0.161368 12.406000 -0.099824 0.161605 0.981794 0.000000 0.000000 0.000000 0.000000 1.000000
0.994000 -0.001500 0.109373 0.000000 0.014724 0.992640 -0.120200 12.406000 -0.108388 0.121089 0.986706 0.000000 0.000000 0.000000 0.000000 1.000000
0.992766 -0.007116 0.119858 0.000000 0.016091 0.997123 -0.074079 12.406000 -0.118986 0.075472 0.990023 0.000000 0.000000 0.000000 0.000000 1.000000
0.993476 -0.017334 0.112717 -0.000000 0.023241 0.998412 -0.051311 12.406000 -0.111649 0.053596 0.992301 0.000000 0.000000 0.000000 0.000000 1.000000
0.995224 -0.019237 0.095701 -0.000000 0.022440 0.999220 -0.032505 12.406000 -0.095001 0.034498 0.994879 0.000000 0.000000 0.000000 0.000000 1.000000
0.996378 -0.012716 0.084082 0.000000 0.012365 0.999913 0.004698 12.406000 -0.084135 -0.003642 0.996448 0.000000 0.000000 0.000000 0.000000 1.000000
0.997488 -0.009709 0.070172 -0.000000 0.007611 0.999518 0.030109 12.406000 -0.070430 -0.029499 0.997080 0.000000 0.000000 0.000000 0.000000 1.000000
0.997885 -0.013306 0.063623 0.000000 0.010253 0.998791 0.048083 12.406000 -0.064186 -0.047329 0.996815 0.000000 0.000000 0.000000 0.000000 1.000000
0.998477 -0.013888 0.053384 0.000000 0.010072 0.997419 0.071094 12.406000 -0.054234 -0.070448 0.996040 -0.000000 0.000000 0.000000 0.000000 1.000000
0.999635 -0.010976 0.024688 0.000000 0.008763 0.996079 0.088034 12.406000 -0.025557 -0.087786 0.995811 0.000000 0.000000 0.000000 0.000000 1.000000
0.999695 -0.013203 0.020886 -0.000000 0.011553 0.996946 0.077241 12.406000 -0.021842 -0.076976 0.996794 0.000000 0.000000 0.000000 0.000000 1.000000
0.999632 -0.013434 0.023574 -0.000000 0.012404 0.998984 0.043319 12.406000 -0.024132 -0.043011 0.998783 0.000000 0.000000 0.000000 0.000000 1.000000
0.999710 -0.011702 0.021051 0.000000 0.011715 0.999931 -0.000482 12.406000 -0.021044 0.000729 0.999778 -0.000000 0.000000 0.000000 0.000000 1.000000
0.999888 -0.006535 0.013490 0.000000 0.007186 0.998782 -0.048805 12.406000 -0.013154 0.048896 0.998717 -0.000000 0.000000 0.000000 0.000000 1.000000
0.999640 -0.003392 0.026621 0.000000 0.005869 0.995600 -0.093523 12.406000 -0.026187 0.093645 0.995261 0.000000 0.000000 0.000000 0.000000 1.000000
0.998968 0.000585 0.045411 0.000000 0.005515 0.990953 -0.134099 12.406000 -0.045078 0.134211 0.989927 0.000000 0.000000 0.000000 0.000000 1.000000
0.998630 0.010734 0.051222 -0.000000 -0.001988 0.985816 -0.167820 12.406000 -0.052297 0.167488 0.984486 -0.000000 0.000000 0.000000 0.000000 1.000000
0.998575 0.016559 0.050723 -0.000000 -0.005866 0.978933 -0.204099 12.406000 -0.053034 0.203511 0.977635 -0.000000 0.000000 0.000000 0.000000 1.000000
0.998995 0.019797 0.040205 -0.000000 -0.008953 0.967217 -0.253795 12.406000 -0.043912 0.253180 0.966422 0.000000 0.000000 0.000000 0.000000 1.000000
0.999546 0.016521 0.025177 0.000000 -0.007647 0.947913 -0.318437 12.406000 -0.029127 0.318100 0.947609 0.000000 0.000000 0.000000 0.000000 1.000000
0.999845 0.003121 0.017318 0.000000 0.003769 0.923329 -0.383991 12.406000 -0.017189 0.383997 0.923174 0.000000 0.000000 0.000000 0.000000 1.000000
0.999641 -0.013834 0.022951 0.000000 0.022355 0.902784 -0.429513 12.406000 -0.014778 0.429872 0.902769 0.000000 0.000000 0.000000 0.000000 1.000000
0.999189 -0.020416 0.034696 0.000000 0.033709 0.895476 -0.443832 12.406000 -0.022008 0.444641 0.895438 0.000000 0.000000 0.000000 0.000000 1.000000
0.999132 -0.008620 0.040747 0.000000 0.025404 0.901409 -0.432223 12.406000 -0.033003 0.432883 0.900846 0.000000 0.000000 0.000000 0.000000 1.000000
0.999149 0.015172 0.038345 0.000000 0.001761 0.913314 -0.407252 12.406000 -0.041200 0.406973 0.912511 -0.000000 0.000000 0.000000 0.000000 1.000000
0.998885 0.034973 0.031702 0.000000 -0.020465 0.926069 -0.376799 12.406000 -0.042536 0.375730 0.925752 0.000000 0.000000 0.000000 0.000000 1.000000
0.998849 0.042340 0.022522 -0.000000 -0.031963 0.937849 -0.345569 12.406000 -0.035754 0.344452 0.938123 0.000000 0.000000 0.000000 0.000000 1.000000
0.999022 0.043000 0.010277 0.000000 -0.037320 0.944839 -0.325403 12.406000 -0.023703 0.324701 0.945520 -0.000000 0.000000 0.000000 0.000000 1.000000
0.999006 0.044571 -0.000223 0.000000 -0.042151 0.943119 -0.329773 12.406000 -0.014488 0.329454 0.944060 -0.000000 0.000000 0.000000 0.000000 1.000000
0.998929 0.046213 -0.002336 0.000000 -0.044032 0.933851 -0.354941 12.406000 -0.014221 0.354663 0.934886 -0.000000 0.000000 0.000000 0.000000 1.000000
0.999068 0.043127 0.001491 0.000000 -0.039298 0.923558 -0.381440 12.406000 -0.017827 0.381026 0.924392 -0.000000 0.000000 0.000000 0.000000 1.000000
0.999381 0.035023 0.003271 0.000000 -0.030959 0.919928 -0.390863 12.406000 -0.016698 0.390520 0.920443 0.000000 0.000000 0.000000 0.000000 1.000000
0.999580 0.028840 0.002821 0.000000 -0.025673 0.926523 -0.375361 12.406000 -0.013439 0.375131 0.926874 0.000000 0.000000 0.000000 0.000000 1.000000
0.999474 0.031171 0.008937 0.000000 -0.026243 0.939439 -0.341711 12.406000 -0.019047 0.341297 0.939763 -0.000000 0.000000 0.000000 0.000000 1.000000
0.998920 0.039225 0.024893 0.000000 -0.029677 0.951027 -0.307679 12.406000 -0.035742 0.306608 0.951165 0.000000 0.000000 0.000000 0.000000 1.000000
0.998052 0.047214 0.040774 0.000000 -0.033567 0.957361 -0.286939 12.406000 -0.052583 0.285011 0.957081 0.000000 0.000000 0.000000 0.000000 1.000000
0.997610 0.052385 0.045067 0.000000 -0.037579 0.958568 -0.282373 12.406000 -0.057992 0.280004 0.958246 0.000000 0.000000 0.000000 0.000000 1.000000
0.997501 0.054487 0.044968 -0.000000 -0.039592 0.958322 -0.282933 12.406000 -0.058510 0.280446 0.958085 0.000000 0.000000 0.000000 0.000000 1.000000
0.997127 0.059391 0.047007 0.000000 -0.044052 0.959587 -0.277944 12.406000 -0.061615 0.275075 0.959446 -0.000000 0.000000 0.000000 0.000000 1.000000
0.996553 0.061688 0.055468 -0.000000 -0.044403 0.961423 -0.271468 12.406000 -0.070074 0.268069 0.960848 0.000000 0.000000 0.000000 0.000000 1.000000
0.995658 0.059847 0.071292 0.000000 -0.038763 0.962924 -0.266973 12.406000 -0.084627 0.263050 0.961063 0.000000 0.000000 0.000000 0.000000 1.000000
0.994746 0.058613 0.083929 0.000000 -0.034823 0.964714 -0.260988 12.406000 -0.096265 0.256695 0.961687 0.000000 0.000000 0.000000 0.000000 1.000000
0.993973 0.057772 0.093165 0.000000 -0.031956 0.965652 -0.257868 12.406000 -0.104862 0.253336 0.961678 0.000000 0.000000 0.000000 0.000000 1.000000
0.993551 0.057093 0.097959 0.000000 -0.029090 0.963410 -0.266449 12.406000 -0.109587 0.261881 0.958858 0.000000 0.000000 0.000000 0.000000 1.000000
0.993187 0.057384 0.101419 0.000000 -0.026799 0.959495 -0.280449 12.406000 -0.113404 0.275820 0.954496 0.000000 0.000000 0.000000 0.000000 1.000000
0.992304 0.058154 0.109324 0.000000 -0.024002 0.956449 -0.290911 12.406000 -0.121480 0.286048 0.950483 0.000000 0.000000 0.000000 0.000000 1.000000
0.991007 0.057161 0.120983 0.000000 -0.019472 0.956142 -0.292255 12.406000 -0.132383 0.287271 0.948657 0.000000 0.000000 0.000000 0.000000 1.000000
0.989691 0.052670 0.133183 0.000000 -0.013334 0.959769 -0.280474 12.406000 -0.142597 0.275807 0.950577 0.000000 0.000000 0.000000 0.000000 1.000000
0.988523 0.046732 0.143661 0.000000 -0.007748 0.965384 -0.260719 12.406000 -0.150872 0.256614 0.954666 0.000000 0.000000 0.000000 0.000000 1.000000
0.987676 0.041302 0.150962 0.000000 -0.004060 0.970988 -0.239093 12.406000 -0.156457 0.235534 0.959190 0.000000 0.000000 0.000000 0.000000 1.000000
0.986366 0.037565 0.160223 0.000000 -0.001519 0.975637 -0.219388 12.406000 -0.164560 0.216153 0.962392 -0.000000 0.000000 0.000000 0.000000 1.000000
0.985994 0.036516 0.162735 0.000000 -0.002753 0.979168 -0.203032 12.406000 -0.166759 0.199740 0.965554 -0.000000 0.000000 0.000000 0.000000 1.000000
0.986107 0.036387 0.162080 0.000000 -0.003116 0.979594 -0.200962 12.406000 -0.166085 0.197665 0.966098 0.000000 0.000000 0.000000 0.000000 1.000000
0.986107 0.036387 0.162080 0.000000 -0.003116 0.979594 -0.200962 12.406000 -0.166085 0.197665 0.966098 0.000000 0.000000 0.000000 0.000000 1.000000</float_array>
        <technique_common>
          <accessor source="#mixamorig_Spine1-Matrix-animation-output-transform-array" count="66" stride="16">
            <param type="float4x4"/>
          </accessor>
        </technique_common>
      </source>
      <source id="mixamorig_Spine1-Interpolations">
        <Name_array id="mixamorig_Spine1-Interpolations-array" count="66">
 LINEAR LINEAR LINEAR LINEAR LINEAR LINEAR LINEAR LINEAR LINEAR LINEAR LINEAR
LINEAR LINEAR LINEAR LINEAR LINEAR LINEAR LINEAR LINEAR LINEAR LINEAR LINEAR LINEAR
LINEAR LINEAR LINEAR LINEAR LINEAR LINEAR LINEAR LINEAR LINEAR LINEAR LINEAR LINEAR
LINEAR LINEAR LINEAR LINEAR LINEAR LINEAR LINEAR LINEAR LINEAR LINEAR LINEAR LINEAR
LINEAR LINEAR LINEAR LINEAR LINEAR LINEAR LINEAR LINEAR LINEAR LINEAR LINEAR LINEAR
LINEAR LINEAR LINEAR LINEAR LINEAR LINEAR LINEAR</Name_array>
        <technique_common>
          <accessor source="#mixamorig_Spine1-Interpolations-array" count="66">
            <param type="name"/>
          </accessor>
        </technique_common>
      </source>
      <sampler id="mixamorig_Spine1-Matrix-animation-transform">
        <input semantic="INPUT" source="#mixamorig_Spine1-Matrix-animation-input"/>
        <input semantic="OUTPUT" source="#mixamorig_Spine1-Matrix-animation-output-transform"/>
        <input semantic="INTERPOLATION" source="#mixamorig_Spine1-Interpolations"/>
      </sampler>
      <channel source="#mixamorig_Spine1-Matrix-animation-transform" target="mixamorig_Spine1/matrix"/>
    </animation>
    <animation id="mixamorig_Spine2-anim" name="mixamorig_Spine2">
      <source id="mixamorig_Spine2-Matrix-animation-input">
        <float_array id="mixamorig_Spine2-Matrix-animation-input-array" count="66">

0.000000 0.033333 0.066667 0.100000 0.133333 0.166667 0.200000 0.233333 0.266667 0.300000 0.333333 0.366667 0.400000 0.433333 0.466667 0.500000
0.533333 0.566667 0.600000 0.633333 0.666667 0.700000 0.733333 0.766667 0.800000 0.833333 0.866667 0.900000 0.933333 0.966667 1.000000 1.033333
1.066667 1.100000 1.133333 1.166667 1.200000 1.233333 1.266667 1.300000 1.333333 1.366667 1.400000 1.433333 1.466667 1.500000 1.533333 1.566667
1.600000 1.633333 1.666667 1.700000 1.733333 1.766667 1.800000 1.833333 1.866667 1.900000 1.933333 1.966667 2.000000 2.033333 2.066667 2.100000
2.133333 2.166667</float_array>
        <technique_common>
          <accessor source="#mixamorig_Spine2-Matrix-animation-input-array" count="66">
            <param name="TIME" type="float"/>
          </accessor>
        </technique_common>
      </source>
      <source id="mixamorig_Spine2-Matrix-animation-output-transform">
        <float_array id="mixamorig_Spine2-Matrix-animation-output-transform-array" count="1056">

0.986153 0.051637 0.157593 0.000000 -0.001522 0.953066 -0.302759 14.178300 -0.165830 0.298327 0.939948 0.000000 0.000000 0.000000 0.000000 1.000000
0.989522 0.038514 0.139150 0.000000 0.006100 0.951754 -0.306803 14.178300 -0.144253 0.304437 0.941546 0.000000 0.000000 0.000000 0.000000 1.000000
0.992122 0.030410 0.121530 0.000000 0.008549 0.951395 -0.307854 14.178300 -0.124985 0.306468 0.943640 0.000000 0.000000 0.000000 0.000000 1.000000
