<?xml version="1.0" encoding="utf-8"?>
<COLLADA xmlns="http://www.collada.org/2005/11/COLLADASchema" version="1.4.1">
  <asset>
    <contributor>
      <author>Mixamo</author>
      <authoring_tool>COLLADA Mixamo exporter</authoring_tool>
      <comments/>
    </contributor>
    <created>2022-12-10T03:32:57Z</created>
    <modified>2022-12-10T03:32:57Z</modified>
    <revision/>
    <title/>
    <unit meter="0.010000"/>
    <up_axis>Y_UP</up_axis>
  </asset>
  <library_animations>
    <animation id="mixamorig_Hips-anim" name="mixamorig_Hips">
      <source id="mixamorig_Hips-Matrix-animation-input">
        <float_array id="mixamorig_Hips-Matrix-animation-input-array" count="43">

0.000000 0.033333 0.066667 0.100000 0.133333 0.166667 0.200000 0.233333 0.266667 0.300000 0.333333 0.366667 0.400000 0.433333 0.466667 0.500000
0.533333 0.566667 0.600000 0.633333 0.666667 0.700000 0.733333 0.766667 0.800000 0.833333 0.866667 0.900000 0.933333 0.966667 1.000000 1.033333
1.066667 1.100000 1.133333 1.166667 1.200000 1.233333 1.266667 1.300000 1.333333 1.366667 1.400000</float_array>
        <technique_common>
          <accessor source="#mixamorig_Hips-Matrix-animation-input-array" count="43">
            <param name="TIME" type="float"/>
          </accessor>
        </technique_common>
      </source>
      <source id="mixamorig_Hips-Matrix-animation-output-transform">
        <float_array id="mixamorig_Hips-Matrix-animation-output-transform-array" count="688">

0.392204 -0.172772 -0.903508 -0.030566 -0.022478 0.980110 -0.197177 69.150414 0.919604 0.097642 0.380520 0.016870 0.000000 0.000000 0.000000 1.000000
0.392332 -0.173486 -0.903315 0.052868 -0.022661 0.979932 -0.198042 69.183777 0.919544 0.098168 0.380527 0.028846 0.000000 0.000000 0.000000 1.000000
0.391550 -0.175021 -0.903358 0.135192 -0.022914 0.979585 -0.199722 69.227440 0.919872 0.098901 0.379545 0.043268 0.000000 0.000000 0.000000 1.000000
0.390469 -0.175924 -0.903651 0.221378 -0.023521 0.979345 -0.200824 69.270447 0.920316 0.099670 0.378266 0.071020 0.000000 0.000000 0.000000 1.000000
0.390551 -0.176640 -0.903476 0.297253 -0.023622 0.979173 -0.201651 69.301735 0.920278 0.100097 0.378244 0.095126 0.000000 0.000000 0.000000 1.000000
0.390653 -0.177033 -0.903354 0.364282 -0.023775 0.979065 -0.202152 69.318832 0.920231 0.100449 0.378266 0.117580 0.000000 0.000000 0.000000 1.000000
0.390783 -0.177387 -0.903229 0.416131 -0.024208 0.978936 -0.202729 69.333908 0.920164 0.101089 0.378257 0.131320 0.000000 0.000000 0.000000 1.000000
0.391156 -0.177414 -0.903062 0.453193 -0.024618 0.978875 -0.202971 69.344398 0.919995 0.101625 0.378526 0.142981 0.000000 0.000000 0.000000 1.000000
0.391735 -0.177045 -0.902884 0.481124 -0.025193 0.978880 -0.202878 69.349686 0.919733 0.102221 0.379001 0.150970 0.000000 0.000000 0.000000 1.000000
0.391871 -0.176160 -0.902998 0.502126 -0.025518 0.979039 -0.202068 69.337334 0.919666 0.102227 0.379162 0.153429 0.000000 0.000000 0.000000 1.000000
0.392512 -0.175407 -0.902866 0.506690 -0.025606 0.979181 -0.201365 69.308830 0.919391 0.102157 0.379849 0.146487 0.000000 0.000000 0.000000 1.000000
0.393387 -0.174757 -0.902611 0.498625 -0.025727 0.979291 -0.200817 69.277565 0.919013 0.102220 0.380744 0.135296 0.000000 0.000000 0.000000 1.000000
0.393736 -0.174138 -0.902578 0.491838 -0.025947 0.979395 -0.200278 69.236687 0.918857 0.102276 0.381105 0.114697 0.000000 0.000000 0.000000 1.000000
0.394569 -0.173261 -0.902383 0.489222 -0.026339 0.979526 -0.199590 69.203087 0.918489 0.102520 0.381927 0.093821 0.000000 0.000000 0.000000 1.000000
0.394729 -0.172577 -0.902445 0.483798 -0.026845 0.979616 -0.199076 69.186157 0.918405 0.102807 0.382050 0.068103 0.000000 0.000000 0.000000 1.000000
0.394111 -0.172598 -0.902711 0.482829 -0.027759 0.979524 -0.199404 69.185036 0.918644 0.103646 0.381250 0.040780 0.000000 0.000000 0.000000 1.000000
0.394036 -0.172659 -0.902732 0.487274 -0.027925 0.979494 -0.199529 69.193382 0.918671 0.103830 0.381135 0.016651 0.000000 0.000000 0.000000 1.000000
0.394345 -0.173185 -0.902496 0.495219 -0.027905 0.979372 -0.200130 69.222511 0.918539 0.104105 0.381377 -0.001968 0.000000 0.000000 0.000000 1.000000
0.394473 -0.173366 -0.902405 0.508257 -0.027641 0.979358 -0.200233 69.254738 0.918492 0.103930 0.381538 -0.021134 0.000000 0.000000 0.000000 1.000000
0.394369 -0.173454 -0.902434 0.517794 -0.027318 0.979378 -0.200181 69.282722 0.918546 0.103598 0.381498 -0.037074 0.000000 0.000000 0.000000 1.000000
0.393963 -0.173954 -0.902515 0.521893 -0.027170 0.979294 -0.200613 69.309464 0.918725 0.103555 0.381079 -0.051390 0.000000 0.000000 0.000000 1.000000
0.393348 -0.173659 -0.902840 0.523270 -0.027341 0.979355 -0.200288 69.330414 0.918983 0.103468 0.380479 -0.065972 0.000000 0.000000 0.000000 1.000000
0.393046 -0.173827 -0.902939 0.528413 -0.026743 0.979393 -0.200186 69.340530 0.919130 0.102829 0.380298 -0.083245 0.000000 0.000000 0.000000 1.000000
0.392567 -0.174143 -0.903087 0.521285 -0.026332 0.979380 -0.200301 69.346558 0.919346 0.102412 0.379887 -0.104435 0.000000 0.000000 0.000000 1.000000
0.392243 -0.173914 -0.903272 0.502102 -0.025924 0.979484 -0.199845 69.360138 0.919496 0.101804 0.379687 -0.127789 0.000000 0.000000 0.000000 1.000000
0.391523 -0.173196 -0.903722 0.481788 -0.025894 0.979664 -0.198968 69.368973 0.919804 0.101302 0.379076 -0.145844 0.000000 0.000000 0.000000 1.000000
0.390291 -0.172747 -0.904340 0.448126 -0.026075 0.979772 -0.198410 69.389771 0.920322 0.101018 0.377892 -0.164779 0.000000 0.000000 0.000000 1.000000
0.388827 -0.172389 -0.905039 0.413720 -0.026438 0.979846 -0.197996 69.411438 0.920932 0.100913 0.376433 -0.192059 0.000000 0.000000 0.000000 1.000000
0.388109 -0.172306 -0.905363 0.377329 -0.026419 0.979884 -0.197814 69.444580 0.921235 0.100692 0.375750 -0.200939 0.000000 0.000000 0.000000 1.000000
0.387641 -0.171988 -0.905624 0.344810 -0.025996 0.980010 -0.197242 69.474228 0.921444 0.100002 0.375421 -0.213838 0.000000 0.000000 0.000000 1.000000
0.387132 -0.171633 -0.905909 0.308777 -0.026049 0.980094 -0.196820 69.497452 0.921656 0.099793 0.374954 -0.234450 0.000000 0.000000 0.000000 1.000000
0.386531 -0.170909 -0.906302 0.267339 -0.026285 0.980239 -0.196062 69.517921 0.921902 0.099606 0.374400 -0.262208 0.000000 0.000000 0.000000 1.000000
0.387704 -0.170716 -0.905837 0.230564 -0.026470 0.980233 -0.196066 69.523521 0.921404 0.099993 0.375522 -0.290509 0.000000 0.000000 0.000000 1.000000
0.388747 -0.170780 -0.905378 0.199296 -0.026517 0.980190 -0.196277 69.515411 0.920963 0.100311 0.376517 -0.320415 0.000000 0.000000 0.000000 1.000000
0.388778 -0.170730 -0.905374 0.170106 -0.026716 0.980178 -0.196308 69.487801 0.920944 0.100508 0.376511 -0.330578 0.000000 0.000000 0.000000 1.000000
0.389077 -0.170854 -0.905223 0.143587 -0.026504 0.980167 -0.196391 69.443329 0.920824 0.100403 0.376832 -0.316356 0.000000 0.000000 0.000000 1.000000
0.389448 -0.171050 -0.905026 0.117846 -0.026117 0.980158 -0.196488 69.390541 0.920678 0.100159 0.377253 -0.285920 0.000000 0.000000 0.000000 1.000000
0.389873 -0.171301 -0.904795 0.092659 -0.025597 0.980150 -0.196597 69.326935 0.920513 0.099808 0.377750 -0.245699 0.000000 0.000000 0.000000 1.000000
0.390336 -0.171589 -0.904541 0.067887 -0.024986 0.980143 -0.196713 69.259254 0.920333 0.099385 0.378297 -0.198130 0.000000 0.000000 0.000000 1.000000
0.390818 -0.171898 -0.904275 0.043310 -0.024327 0.980135 -0.196832 69.195480 0.920147 0.098924 0.378872 -0.145202 0.000000 0.000000 0.000000 1.000000
0.391302 -0.172209 -0.904006 0.018707 -0.023661 0.980128 -0.196952 69.143707 0.919958 0.098458 0.379451 -0.088916 0.000000 0.000000 0.000000 1.000000
0.391770 -0.172506 -0.903747 -0.006000 -0.023031 0.980119 -0.197068 69.114479 0.919775 0.098019 0.380008 -0.024307 0.000000 0.000000 0.000000 1.000000
0.392204 -0.172772 -0.903508 -0.030567 -0.022478 0.980110 -0.197177 69.150421 0.919604 0.097642 0.380520 0.016873 0.000000 0.000000 0.000000 1.000000</float_array>
        <technique_common>
          <accessor source="#mixamorig_Hips-Matrix-animation-output-transform-array" count="43" stride="16">
            <param type="float4x4"/>
          </accessor>
        </technique_common>
      </source>
      <source id="mixamorig_Hips-Interpolations">
        <Name_array id="mixamorig_Hips-Interpolations-array" count="43">
 LINEAR LINEAR LINEAR LINEAR LINEAR LINEAR LINEAR LINEAR LINEAR LINEAR LINEAR
LINEAR LINEAR LINEAR LINEAR LINEAR LINEAR LINEAR LINEAR LINEAR LINEAR LINEAR LINEAR
LINEAR LINEAR LINEAR LINEAR LINEAR LINEAR LINEAR LINEAR LINEAR LINEAR LINEAR LINEAR
LINEAR LINEAR LINEAR LINEAR LINEAR LINEAR LINEAR LINEAR</Name_array>
        <technique_common>
          <accessor source="#mixamorig_Hips-Interpolations-array" count="43">
            <param type="name"/>
          </accessor>
        </technique_common>
      </source>
      <sampler id="mixamorig_Hips-Matrix-animation-transform">
        <input semantic="INPUT" source="#mixamorig_Hips-Matrix-animation-input"/>
        <input semantic="OUTPUT" source="#mixamorig_Hips-Matrix-animation-output-transform"/>
        <input semantic="INTERPOLATION" source="#mixamorig_Hips-Interpolations"/>
      </sampler>
      <channel source="#mixamorig_Hips-Matrix-animation-transform" target="mixamorig_Hips/matrix"/>
    </animation>
    <animation id="mixamorig_Spine-anim" name="mixamorig_Spine">
      <source id="mixamorig_Spine-Matrix-animation-input">
        <float_array id="mixamorig_Spine-Matrix-animation-input-array" count="43">

0.000000 0.033333 0.066667 0.100000 0.133333 0.166667 0.200000 0.233333 0.266667 0.300000 0.333333 0.366667 0.400000 0.433333 0.466667 0.500000
0.533333 0.566667 0.600000 0.633333 0.666667 0.700000 0.733333 0.766667 0.800000 0.833333 0.866667 0.900000 0.933333 0.966667 1.000000 1.033333
1.066667 1.100000 1.133333 1.166667 1.200000 1.233333 1.266667 1.300000 1.333333 1.366667 1.400000</float_array>
        <technique_common>
          <accessor source="#mixamorig_Spine-Matrix-animation-input-array" count="43">
            <param name="TIME" type="float"/>
          </accessor>
        </technique_common>
      </source>
      <source id="mixamorig_Spine-Matrix-animation-output-transform">
        <float_array id="mixamorig_Spine-Matrix-animation-output-transform-array" count="688">

0.950389 0.152996 0.270839 0.017300 -0.150273 0.988162 -0.030895 10.574800 -0.272359 -0.011338 0.962129 -1.117200 0.000000 0.000000 0.000000 1.000000
0.950331 0.153021 0.271027 0.017300 -0.150315 0.988157 -0.030846 10.574800 -0.272537 -0.011426 0.962077 -1.117200 0.000000 0.000000 0.000000 1.000000
0.949966 0.153228 0.272188 0.017300 -0.150724 0.988114 -0.030213 10.574800 -0.273582 -0.012324 0.961770 -1.117200 0.000000 0.000000 0.000000 1.000000
0.949718 0.153351 0.272983 0.017300 -0.150836 0.988094 -0.030308 10.574800 -0.274381 -0.012391 0.961541 -1.117200 0.000000 0.000000 0.000000 1.000000
0.949563 0.153871 0.273228 0.017300 -0.151232 0.988018 -0.030828 10.574800 -0.274698 -0.012047 0.961455 -1.117200 0.000000 0.000000 0.000000 1.000000
0.949301 0.154161 0.273973 0.017300 -0.151348 0.987978 -0.031511 10.574800 -0.275537 -0.011552 0.961221 -1.117200 0.000000 0.000000 0.000000 1.000000
0.949133 0.154574 0.274324 0.017300 -0.151652 0.987917 -0.031964 10.574800 -0.275950 -0.011264 0.961106 -1.117200 0.000000 0.000000 0.000000 1.000000
0.949186 0.155152 0.273815 0.017300 -0.152212 0.987827 -0.032087 10.574800 -0.275460 -0.011221 0.961247 -1.117200 0.000000 0.000000 0.000000 1.000000
0.949406 0.155343 0.272943 0.017300 -0.152282 0.987803 -0.032500 10.574800 -0.274662 -0.010709 0.961481 -1.117200 0.000000 0.000000 0.000000 1.000000
0.949562 0.156161 0.271930 0.017300 -0.152890 0.987682 -0.033313 10.574800 -0.273782 -0.009942 0.961740 -1.117200 0.000000 0.000000 0.000000 1.000000
0.949467 0.156747 0.271922 0.017300 -0.153410 0.987590 -0.033629 10.574800 -0.273819 -0.009786 0.961731 -1.117200 0.000000 0.000000 0.000000 1.000000
0.949463 0.157155 0.271704 0.017300 -0.153825 0.987525 -0.033653 10.574800 -0.273603 -0.009843 0.961792 -1.117200 0.000000 0.000000 0.000000 1.000000
0.949348 0.157574 0.271863 0.017300 -0.154291 0.987456 -0.033552 10.574800 -0.273740 -0.010093 0.961751 -1.117200 0.000000 0.000000 0.000000 1.000000
0.949695 0.157848 0.270488 0.017300 -0.154579 0.987413 -0.033488 10.574800 -0.272369 -0.010008 0.962141 -1.117200 0.000000 0.000000 0.000000 1.000000
0.949364 0.157788 0.271683 0.017300 -0.154544 0.987420 -0.033437 10.574800 -0.273541 -0.010243 0.961806 -1.117200 0.000000 0.000000 0.000000 1.000000
0.949199 0.157508 0.272419 0.017300 -0.154566 0.987452 -0.032367 10.574800 -0.274099 -0.011384 0.961634 -1.117200 0.000000 0.000000 0.000000 1.000000
0.949323 0.157520 0.271982 0.017300 -0.154752 0.987443 -0.031739 10.574800 -0.273567 -0.011959 0.961779 -1.117200 0.000000 0.000000 0.000000 1.000000
0.949568 0.157147 0.271340 0.017300 -0.154654 0.987492 -0.030687 10.574800 -0.272768 -0.012824 0.961994 -1.117200 0.000000 0.000000 0.000000 1.000000
0.949767 0.157079 0.270682 0.017300 -0.154640 0.987501 -0.030457 10.574800 -0.272083 -0.012931 0.962187 -1.117200 0.000000 0.000000 0.000000 1.000000
0.950055 0.157294 0.269545 0.017300 -0.154874 0.987468 -0.030362 10.574800 -0.270942 -0.012900 0.962509 -1.117200 0.000000 0.000000 0.000000 1.000000
0.950053 0.156833 0.269818 0.017300 -0.154703 0.987527 -0.029284 10.574800 -0.271046 -0.013920 0.962466 -1.117200 0.000000 0.000000 0.000000 1.000000
0.950091 0.156156 0.270080 0.017300 -0.154080 0.987632 -0.029006 10.574800 -0.271269 -0.014056 0.962401 -1.117200 0.000000 0.000000 0.000000 1.000000
0.950229 0.155870 0.269758 0.017300 -0.153873 0.987675 -0.028671 10.574800 -0.270902 -0.014265 0.962501 -1.117200 0.000000 0.000000 0.000000 1.000000
0.950159 0.155596 0.270162 0.017300 -0.153832 0.987705 -0.027828 10.574800 -0.271171 -0.015119 0.962413 -1.117200 0.000000 0.000000 0.000000 1.000000
0.950188 0.155033 0.270383 0.017300 -0.153416 0.987786 -0.027240 10.574800 -0.271304 -0.015598 0.962367 -1.117200 0.000000 0.000000 0.000000 1.000000
0.950182 0.154240 0.270859 0.017300 -0.152641 0.987910 -0.027094 10.574800 -0.271763 -0.015600 0.962238 -1.117200 0.000000 0.000000 0.000000 1.000000
0.950166 0.153688 0.271229 0.017300 -0.152199 0.987991 -0.026648 10.574800 -0.272068 -0.015960 0.962146 -1.117200 0.000000 0.000000 0.000000 1.000000
0.950128 0.153473 0.271484 0.017300 -0.152103 0.988017 -0.026214 10.574800 -0.272254 -0.016387 0.962086 -1.117200 0.000000 0.000000 0.000000 1.000000
0.950134 0.152529 0.271994 0.017300 -0.151391 0.988150 -0.025292 10.574800 -0.272629 -0.017147 0.961966 -1.117200 0.000000 0.000000 0.000000 1.000000
0.950473 0.152322 0.270921 0.017300 -0.151165 0.988186 -0.025264 10.574800 -0.271569 -0.016941 0.962270 -1.117200 0.000000 0.000000 0.000000 1.000000
0.950631 0.152108 0.270489 0.017300 -0.151017 0.988216 -0.024969 10.574800 -0.271100 -0.017112 0.962399 -1.117200 0.000000 0.000000 0.000000 1.000000
0.950684 0.151811 0.270468 0.017300 -0.150689 0.988264 -0.025039 10.574800 -0.271095 -0.016952 0.962403 -1.117200 0.000000 0.000000 0.000000 1.000000
0.950772 0.150963 0.270633 0.017300 -0.149927 0.988390 -0.024620 10.574800 -0.271208 -0.017167 0.962368 -1.117200 0.000000 0.000000 0.000000 1.000000
0.950976 0.150911 0.269945 0.017300 -0.149843 0.988402 -0.024686 10.574800 -0.270540 -0.016974 0.962559 -1.117200 0.000000 0.000000 0.000000 1.000000
0.950934 0.150852 0.270127 0.017300 -0.149599 0.988422 -0.025344 10.574800 -0.270822 -0.016310 0.962491 -1.117200 0.000000 0.000000 0.000000 1.000000
0.951176 0.151258 0.269044 0.017300 -0.149889 0.988368 -0.025750 10.574800 -0.269810 -0.015834 0.962784 -1.117200 0.000000 0.000000 0.000000 1.000000
0.951208 0.151156 0.268989 0.017300 -0.149566 0.988396 -0.026520 10.574800 -0.269876 -0.015006 0.962778 -1.117200 0.000000 0.000000 0.000000 1.000000
0.951634 0.151459 0.267306 0.017300 -0.149776 0.988357 -0.026798 10.574800 -0.268252 -0.014535 0.963239 -1.117200 0.000000 0.000000 0.000000 1.000000
0.951590 0.152200 0.267044 0.017300 -0.150464 0.988245 -0.027078 10.574800 -0.268026 -0.014414 0.963304 -1.117200 0.000000 0.000000 0.000000 1.000000
0.951521 0.152962 0.266853 0.017300 -0.150856 0.988145 -0.028502 10.574800 -0.268049 -0.013136 0.963316 -1.117200 0.000000 0.000000 0.000000 1.000000
0.951350 0.153787 0.266990 0.017300 -0.151471 0.988025 -0.029376 10.574800 -0.268310 -0.012495 0.963252 -1.117200 0.000000 0.000000 0.000000 1.000000
0.950697 0.152896 0.269811 0.017300 -0.150351 0.988171 -0.030202 10.574800 -0.271237 -0.011853 0.962440 -1.117200 0.000000 0.000000 0.000000 1.000000
0.950389 0.152997 0.270839 0.017300 -0.150273 0.988162 -0.030895 10.574800 -0.272359 -0.011338 0.962129 -1.117200 0.000000 0.000000 0.000000 1.000000</float_array>
        <technique_common>
          <accessor source="#mixamorig_Spine-Matrix-animation-output-transform-array" count="43" stride="16">
            <param type="float4x4"/>
          </accessor>
        </technique_common>
      </source>
      <source id="mixamorig_Spine-Interpolations">
        <Name_array id="mixamorig_Spine-Interpolations-array" count="43">
 LINEAR LINEAR LINEAR LINEAR LINEAR LINEAR LINEAR LINEAR LINEAR LINEAR LINEAR
LINEAR LINEAR LINEAR LINEAR LINEAR LINEAR LINEAR LINEAR LINEAR LINEAR LINEAR LINEAR
LINEAR LINEAR LINEAR LINEAR LINEAR LINEAR LINEAR LINEAR LINEAR LINEAR LINEAR LINEAR
LINEAR LINEAR LINEAR LINEAR LINEAR LINEAR LINEAR LINEAR</Name_array>
        <technique_common>
          <accessor source="#mixamorig_Spine-Interpolations-array" count="43">
            <param type="name"/>
          </accessor>
        </technique_common>
      </source>
      <sampler id="mixamorig_Spine-Matrix-animation-transform">
        <input semantic="INPUT" source="#mixamorig_Spine-Matrix-animation-input"/>
        <input semantic="OUTPUT" source="#mixamorig_Spine-Matrix-animation-output-transform"/>
        <input semantic="INTERPOLATION" source="#mixamorig_Spine-Interpolations"/>
      </sampler>
      <channel source="#mixamorig_Spine-Matrix-animation-transform" target="mixamorig_Spine/matrix"/>
    </animation>
    <animation id="mixamorig_Spine1-anim" name="mixamorig_Spine1">
      <source id="mixamorig_Spine1-Matrix-animation-input">
        <float_array id="mixamorig_Spine1-Matrix-animation-input-array" count="43">

0.000000 0.033333 0.066667 0.100000 0.133333 0.166667 0.200000 0.233333 0.266667 0.300000 0.333333 0.366667 0.400000 0.433333 0.466667 0.500000
0.533333 0.566667 0.600000 0.633333 0.666667 0.700000 0.733333 0.766667 0.800000 0.833333 0.866667 0.900000 0.933333 0.966667 1.000000 1.033333
1.066667 1.100000 1.133333 1.166667 1.200000 1.233333 1.266667 1.300000 1.333333 1.366667 1.400000</float_array>
        <technique_common>
          <accessor source="#mixamorig_Spine1-Matrix-animation-input-array" count="43">
            <param name="TIME" type="float"/>
          </accessor>
        </technique_common>
      </source>
      <source id="mixamorig_Spine1-Matrix-animation-output-transform">
        <float_array id="mixamorig_Spine1-Matrix-animation-output-transform-array" count="688">

0.999082 0.038434 0.018916 0.000000 -0.035683 0.991016 -0.128893 12.406000 -0.023700 0.128100 0.991478 0.000000 0.000000 0.000000 0.000000 1.000000
0.999081 0.038440 0.018960 0.000000 -0.035683 0.991016 -0.128895 12.406000 -0.023745 0.128100 0.991477 0.000000 0.000000 0.000000 0.000000 1.000000
0.999074 0.038477 0.019248 -0.000000 -0.035683 0.991015 -0.128905 12.406000 -0.024034 0.128099 0.991470 -0.000000 0.000000 0.000000 0.000000 1.000000
0.999069 0.038505 0.019461 -0.000000 -0.035683 0.991014 -0.128913 12.406000 -0.024250 0.128098 0.991465 -0.000000 0.000000 0.000000 0.000000 1.000000
0.999067 0.038512 0.019518 0.000000 -0.035683 0.991013 -0.128915 12.406000 -0.024308 0.128098 0.991464 0.000000 0.000000 0.000000 0.000000 1.000000
0.999063 0.038537 0.019716 0.000000 -0.035683 0.991013 -0.128922 12.406000 -0.024507 0.128097 0.991459 0.000000 0.000000 0.000000 0.000000 1.000000
0.999063 0.038536 0.019707 0.000000 -0.035683 0.991013 -0.128921 12.406000 -0.024498 0.128097 0.991459 -0.000000 0.000000 0.000000 0.000000 1.000000
0.999062 0.038592 0.019664 0.000000 -0.035743 0.991010 -0.128921 12.406000 -0.024463 0.128098 0.991460 0.000000 0.000000 0.000000 0.000000 1.000000
0.999056 0.038847 0.019446 0.000000 -0.036024 0.991000 -0.128920 12.406000 -0.024279 0.128098 0.991464 0.000000 0.000000 0.000000 0.000000 1.000000
0.999052 0.039039 0.019251 0.000000 -0.036240 0.990993 -0.128918 12.406000 -0.024110 0.128099 0.991468 0.000000 0.000000 0.000000 0.000000 1.000000
0.999045 0.039238 0.019233 0.000000 -0.036440 0.990985 -0.128923 12.406000 -0.024118 0.128099 0.991468 0.000000 0.000000 0.000000 0.000000 1.000000
0.999038 0.039404 0.019241 0.000000 -0.036603 0.990978 -0.128927 12.406000 -0.024148 0.128098 0.991467 -0.000000 0.000000 0.000000 0.000000 1.000000
0.999036 0.039508 0.019142 0.000000 -0.036719 0.990974 -0.128926 12.406000 -0.024063 0.128099 0.991469 0.000000 0.000000 0.000000 0.000000 1.000000
0.999042 0.039547 0.018750 0.000000 -0.036808 0.990973 -0.128913 12.406000 -0.023679 0.128100 0.991479 0.000000 0.000000 0.000000 0.000000 1.000000
0.999032 0.039648 0.019069 0.000000 -0.036867 0.990969 -0.128927 12.406000 -0.024009 0.128099 0.991471 0.000000 0.000000 0.000000 0.000000 1.000000
0.999027 0.039686 0.019257 0.000000 -0.036880 0.990967 -0.128934 12.406000 -0.024200 0.128098 0.991466 0.000000 0.000000 0.000000 0.000000 1.000000
0.999029 0.039682 0.019123 0.000000 -0.036894 0.990967 -0.128929 12.406000 -0.024066 0.128098 0.991469 0.000000 0.000000 0.000000 0.000000 1.000000
0.999031 0.039715 0.018945 0.000000 -0.036950 0.990966 -0.128924 12.406000 -0.023894 0.128099 0.991473 0.000000 0.000000 0.000000 0.000000 1.000000
0.999030 0.039852 0.018748 0.000000 -0.037111 0.990960 -0.128920 12.406000 -0.023716 0.128100 0.991478 0.000000 0.000000 0.000000 0.000000 1.000000
0.999030 0.039997 0.018393 0.000000 -0.037300 0.990956 -0.128900 12.406000 -0.023383 0.128089 0.991487 0.000000 0.000000 0.000000 0.000000 1.000000
0.999034 0.039951 0.018308 0.000000 -0.037267 0.990963 -0.128854 12.406000 -0.023291 0.128048 0.991495 0.000000 0.000000 0.000000 0.000000 1.000000
0.999040 0.039812 0.018296 -0.000000 -0.037132 0.990974 -0.128809 12.406000 -0.023259 0.128006 0.991501 0.000000 0.000000 0.000000 0.000000 1.000000
0.999042 0.039742 0.018314 0.000000 -0.037061 0.990982 -0.128768 12.406000 -0.023266 0.127966 0.991506 0.000000 0.000000 0.000000 0.000000 1.000000
0.999045 0.039639 0.018367 -0.000000 -0.036953 0.990992 -0.128724 12.406000 -0.023304 0.127922 0.991510 0.000000 0.000000 0.000000 0.000000 1.000000
0.999049 0.039508 0.018465 0.000000 -0.036812 0.991003 -0.128675 12.406000 -0.023383 0.127873 0.991515 0.000000 0.000000 0.000000 0.000000 1.000000
0.999050 0.039378 0.018678 0.000000 -0.036657 0.991015 -0.128629 12.406000 -0.023576 0.127822 0.991517 0.000000 0.000000 0.000000 0.000000 1.000000
0.999049 0.039363 0.018743 0.000000 -0.036634 0.991022 -0.128585 12.406000 -0.023636 0.127776 0.991521 0.000000 0.000000 0.000000 0.000000 1.000000
0.999053 0.039202 0.018866 0.000000 -0.036460 0.991031 -0.128559 12.406000 -0.023737 0.127750 0.991522 0.000000 0.000000 0.000000 0.000000 1.000000
0.999061 0.038950 0.018992 0.000000 -0.036194 0.991043 -0.128542 12.406000 -0.023829 0.127733 0.991522 0.000000 0.000000 0.000000 0.000000 1.000000
0.999049 0.039363 0.018731 0.000000 -0.036637 0.991030 -0.128523 12.406000 -0.023622 0.127715 0.991530 -0.000000 0.000000 0.000000 0.000000 1.000000
0.999048 0.039441 0.018665 0.000000 -0.036724 0.991031 -0.128487 12.406000 -0.023565 0.127679 0.991536 0.000000 0.000000 0.000000 0.000000 1.000000
0.999046 0.039522 0.018572 0.000000 -0.036818 0.991037 -0.128417 12.406000 -0.023480 0.127611 0.991546 -0.000000 0.000000 0.000000 0.000000 1.000000
0.999065 0.039003 0.018634 0.000000 -0.036301 0.991086 -0.128183 12.406000 -0.023468 0.127387 0.991575 0.000000 0.000000 0.000000 0.000000 1.000000
0.999064 0.039120 0.018451 0.000000 -0.036440 0.991084 -0.128159 12.406000 -0.023300 0.127366 0.991582 0.000000 0.000000 0.000000 0.000000 1.000000
0.999068 0.038996 0.018517 0.000000 -0.036300 0.991039 -0.128546 12.406000 -0.023364 0.127754 0.991531 0.000000 0.000000 0.000000 0.000000 1.000000
0.999056 0.039426 0.018214 0.000000 -0.036762 0.991005 -0.128679 12.406000 -0.023124 0.127888 0.991519 0.000000 0.000000 0.000000 0.000000 1.000000
0.999056 0.039425 0.018227 0.000000 -0.036758 0.990994 -0.128765 12.406000 -0.023139 0.127974 0.991508 0.000000 0.000000 0.000000 0.000000 1.000000
0.999045 0.039918 0.017751 0.000000 -0.037306 0.990966 -0.128821 12.406000 -0.022733 0.128035 0.991509 0.000000 0.000000 0.000000 0.000000 1.000000
0.999041 0.040066 0.017681 0.000000 -0.037461 0.990955 -0.128858 12.406000 -0.022684 0.128072 0.991505 0.000000 0.000000 0.000000 0.000000 1.000000
0.999042 0.040029 0.017661 -0.000000 -0.037428 0.990962 -0.128819 12.406000 -0.022658 0.128035 0.991511 0.000000 0.000000 0.000000 0.000000 1.000000
0.999041 0.040047 0.017718 0.000000 -0.037436 0.990949 -0.128916 12.406000 -0.022720 0.128129 0.991497 0.000000 0.000000 0.000000 0.000000 1.000000
0.999079 0.038683 0.018593 0.000000 -0.035979 0.991049 -0.128555 12.406000 -0.023400 0.127768 0.991528 0.000000 0.000000 0.000000 0.000000 1.000000
0.999082 0.038428 0.018907 0.000000 -0.035686 0.991055 -0.128595 12.406000 -0.023679 0.127802 0.991517 0.000000 0.000000 0.000000 0.000000 1.000000</float_array>
        <technique_common>
          <accessor source="#mixamorig_Spine1-Matrix-animation-output-transform-array" count="43" stride="16">
            <param type="float4x4"/>
          </accessor>
        </technique_common>
      </source>
      <source id="mixamorig_Spine1-Interpolations">
        <Name_array id="mixamorig_Spine1-Interpolations-array" count="43">
 LINEAR LINEAR LINEAR LINEAR LINEAR LINEAR LINEAR LINEAR LINEAR LINEAR LINEAR
LINEAR LINEAR LINEAR LINEAR LINEAR LINEAR LINEAR LINEAR LINEAR LINEAR LINEAR LINEAR
LINEAR LINEAR LINEAR LINEAR LINEAR LINEAR LINEAR LINEAR LINEAR LINEAR LINEAR LINEAR
LINEAR LINEAR LINEAR LINEAR LINEAR LINEAR LINEAR LINEAR</Name_array>
        <technique_common>
          <accessor source="#mixamorig_Spine1-Interpolations-array" count="43">
            <param type="name"/>
          </accessor>
        </technique_common>
      </source>
      <sampler id="mixamorig_Spine1-Matrix-animation-transform">
        <input semantic="INPUT" source="#mixamorig_Spine1-Matrix-animation-input"/>
        <input semantic="OUTPUT" source="#mixamorig_Spine1-Matrix-animation-output-transform"/>
        <input semantic="INTERPOLATION" source="#mixamorig_Spine1-Interpolations"/>
      </sampler>
      <channel source="#mixamorig_Spine1-Matrix-animation-transform" target="mixamorig_Spine1/matrix"/>
    </animation>
    <animation id="mixamorig_Spine2-anim" name="mixamorig_Spine2">
      <source id="mixamorig_Spine2-Matrix-animation-input">
        <float_array id="mixamorig_Spine2-Matrix-animation-input-array" count="43">

0.000000 0.033333 0.066667 0.100000 0.133333 0.166667 0.200000 0.233333 0.266667 0.300000 0.333333 0.366667 0.400000 0.433333 0.466667 0.500000
0.533333 0.566667 0.600000 0.633333 0.666667 0.700000 0.733333 0.766667 0.800000 0.833333 0.866667 0.900000 0.933333 0.966667 1.000000 1.033333
1.066667 1.100000 1.133333 1.166667 1.200000 1.233333 1.266667 1.300000 1.333333 1.366667 1.400000</float_array>
        <technique_common>
          <accessor source="#mixamorig_Spine2-Matrix-animation-input-array" count="43">
            <param name="TIME" type="float"/>
          </accessor>
        </technique_common>
      </source>
      <source id="mixamorig_Spine2-Matrix-animation-output-transform">
        <float_array id="mixamorig_Spine2-Matrix-animation-output-transform-array" count="688">

0.979229 -0.110848 -0.169774 -0.000000 0.087939 0.986662 -0.136987 14.178300 0.182694 0.119212 0.975916 0.000000 0.000000 0.000000 0.000000 1.000000
0.979238 -0.110842 -0.169729 0.000000 0.087940 0.986662 -0.136983 14.178300 0.182648 0.119213 0.975924 0.000000 0.000000 0.000000 0.000000 1.000000
0.979291 -0.110807 -0.169444 0.000000 0.087944 0.986665 -0.136958 14.178300 0.182360 0.119220 0.975977 0.000000 0.000000 0.000000 0.000000 1.000000
0.979330 -0.110782 -0.169232 0.000000 0.087948 0.986668 -0.136939 14.178300 0.182146 0.119225 0.976016 -0.000000 0.000000 0.000000 0.000000 1.000000
0.979340 -0.110775 -0.169180 0.000000 0.087949 0.986668 -0.136934 14.178300 0.182093 0.119226 0.976026 0.000000 0.000000 0.000000 0.000000 1.000000
0.979376 -0.110752 -0.168989 0.000000 0.087952 0.986670 -0.136917 14.178300 0.181900 0.119231 0.976062 0.000000 0.000000 0.000000 0.000000 1.000000
0.979372 -0.110754 -0.169006 0.000000 0.087952 0.986670 -0.136919 14.178300 0.181918 0.119230 0.976058 0.000000 0.000000 0.000000 0.000000 1.000000
0.979371 -0.110693 -0.169055 -0.000000 0.087886 0.986677 -0.136911 14.178300 0.181958 0.119229 0.976051 0.000000 0.000000 0.000000 0.000000 1.000000
0.979364 -0.110433 -0.169267 0.000000 0.087604 0.986707 -0.136878 14.178300 0.182133 0.119225 0.976019 -0.000000 0.000000 0.000000 0.000000 1.000000
0.979349 -0.110291 -0.169445 -0.000000 0.087442 0.986723 -0.136864 14.178300 0.182291 0.119221 0.975990 0.000000 0.000000 0.000000 0.000000 1.000000
0.979366 -0.110114 -0.169460 0.000000 0.087267 0.986743 -0.136833 14.178300 0.182281 0.119222 0.975992 0.000000 0.000000 0.000000 0.000000 1.000000
0.979386 -0.109944 -0.169454 0.000000 0.087103 0.986762 -0.136802 14.178300 0.182252 0.119222 0.975997 0.000000 0.000000 0.000000 0.000000 1.000000
0.979383 -0.109801 -0.169564 -0.000000 0.086948 0.986778 -0.136783 14.178300 0.182340 0.119220 0.975981 0.000000 0.000000 0.000000 0.000000 1.000000
0.979320 -0.109748 -0.169963 0.000000 0.086842 0.986785 -0.136800 14.178300 0.182730 0.119211 0.975909 0.000000 0.000000 0.000000 0.000000 1.000000
0.979385 -0.109661 -0.169647 0.000000 0.086806 0.986797 -0.136737 14.178300 0.182402 0.119192 0.975973 0.000000 0.000000 0.000000 0.000000 1.000000
0.979422 -0.109616 -0.169461 0.000000 0.086801 0.986810 -0.136642 14.178300 0.182204 0.119121 0.976019 0.000000 0.000000 0.000000 0.000000 1.000000
0.979401 -0.109608 -0.169590 0.000000 0.086789 0.986820 -0.136580 14.178300 0.182325 0.119048 0.976005 -0.000000 0.000000 0.000000 0.000000 1.000000
0.979378 -0.109556 -0.169754 0.000000 0.086737 0.986840 -0.136468 14.178300 0.182471 0.118930 0.975992 0.000000 0.000000 0.000000 0.000000 1.000000
0.979359 -0.109413 -0.169954 0.000000 0.086587 0.986867 -0.136366 14.178300 0.182642 0.118836 0.975971 -0.000000 0.000000 0.000000 0.000000 1.000000
0.979314 -0.109277 -0.170302 0.000000 0.086414 0.986887 -0.136329 14.178300 0.182967 0.118793 0.975916 0.000000 0.000000 0.000000 0.000000 1.000000
0.979293 -0.109320 -0.170392 0.000000 0.086448 0.986886 -0.136321 14.178300 0.183060 0.118768 0.975901 0.000000 0.000000 0.000000 0.000000 1.000000
0.979274 -0.109462 -0.170413 0.000000 0.086587 0.986872 -0.136330 14.178300 0.183099 0.118748 0.975896 0.000000 0.000000 0.000000 0.000000 1.000000
0.979267 -0.109534 -0.170405 0.000000 0.086662 0.986867 -0.136320 14.178300 0.183099 0.118726 0.975899 0.000000 0.000000 0.000000 0.000000 1.000000
0.979265 -0.109629 -0.170357 0.000000 0.086765 0.986858 -0.136316 14.178300 0.183062 0.118709 0.975908 0.000000 0.000000 0.000000 0.000000 1.000000
0.979269 -0.109761 -0.170249 0.000000 0.086909 0.986844 -0.136327 14.178300 0.182973 0.118705 0.975925 0.000000 0.000000 0.000000 0.000000 1.000000
0.979293 -0.109891 -0.170028 -0.000000 0.087066 0.986829 -0.136338 14.178300 0.182771 0.118711 0.975962 0.000000 0.000000 0.000000 0.000000 1.000000
0.979302 -0.109905 -0.169965 0.000000 0.087087 0.986827 -0.136338 14.178300 0.182710 0.118715 0.975973 -0.000000 0.000000 0.000000 0.000000 1.000000
0.979306 -0.110066 -0.169839 0.000000 0.087261 0.986809 -0.136357 14.178300 0.182607 0.118715 0.975993 0.000000 0.000000 0.000000 0.000000 1.000000
0.979299 -0.110317 -0.169717 0.000000 0.087525 0.986782 -0.136382 14.178300 0.182519 0.118704 0.976010 -0.000000 0.000000 0.000000 0.000000 1.000000
0.979302 -0.109905 -0.169967 -0.000000 0.087095 0.986832 -0.136295 14.178300 0.182709 0.118670 0.975979 -0.000000 0.000000 0.000000 0.000000 1.000000
0.979300 -0.109826 -0.170030 -0.000000 0.087019 0.986848 -0.136233 14.178300 0.182756 0.118617 0.975977 0.000000 0.000000 0.000000 0.000000 1.000000
0.979293 -0.109748 -0.170119 0.000000 0.086947 0.986867 -0.136138 14.178300 0.182825 0.118528 0.975974 -0.000000 0.000000 0.000000 0.000000 1.000000
0.979246 -0.110266 -0.170058 -0.000000 0.087499 0.986835 -0.136017 14.178300 0.182817 0.118314 0.976002 -0.000000 0.000000 0.000000 0.000000 1.000000
0.979228 -0.110150 -0.170233 0.000000 0.087369 0.986852 -0.135980 14.178300 0.182973 0.118282 0.975976 0.000000 0.000000 0.000000 0.000000 1.000000
0.979227 -0.110274 -0.170160 0.000000 0.087437 0.986798 -0.136325 14.178300 0.182946 0.118615 0.975941 0.000000 0.000000 0.000000 0.000000 1.000000
0.979224 -0.109844 -0.170457 0.000000 0.086968 0.986839 -0.136326 14.178300 0.183188 0.118669 0.975889 -0.000000 0.000000 0.000000 0.000000 1.000000
0.979225 -0.109845 -0.170449 0.000000 0.086969 0.986839 -0.136325 14.178300 0.183181 0.118669 0.975891 0.000000 0.000000 0.000000 0.000000 1.000000
0.979199 -0.109355 -0.170909 0.000000 0.086433 0.986897 -0.136249 14.178300 0.183570 0.118643 0.975821 -0.000000 0.000000 0.000000 0.000000 1.000000
0.979204 -0.109210 -0.170975 -0.000000 0.086283 0.986912 -0.136232 14.178300 0.183615 0.118646 0.975812 -0.000000 0.000000 0.000000 0.000000 1.000000
0.979197 -0.109243 -0.170997 -0.000000 0.086300 0.986901 -0.136301 14.178300 0.183647 0.118709 0.975798 0.000000 0.000000 0.000000 0.000000 1.000000
0.979208 -0.109224 -0.170941 -0.000000 0.086231 0.986865 -0.136606 14.178300 0.183616 0.119026 0.975765 0.000000 0.000000 0.000000 0.000000 1.000000
0.979204 -0.110581 -0.170090 -0.000000 0.087719 0.986745 -0.136524 14.178300 0.182933 0.118765 0.975925 0.000000 0.000000 0.000000 0.000000 1.000000
0.979229 -0.110833 -0.169784 0.000000 0.087992 0.986708 -0.136620 14.178300 0.182670 0.118843 0.975965 0.000000 0.000000 0.000000 0.000000 1.000000</float_array>
        <technique_common>
          <accessor source="#mixamorig_Spine2-Matrix-animation-output-transform-array" count="43" stride="16">
            <param type="float4x4"/>
          </accessor>
        </technique_common>
      </source>
      <source id="mixamorig_Spine2-Interpolations">
        <Name_array id="mixamorig_Spine2-Interpolations-array" count="43">
 LINEAR LINEAR LINEAR LINEAR LINEAR LINEAR LINEAR LINEAR LINEAR LINEAR LINEAR
LINEAR LINEAR LINEAR LINEAR LINEAR LINEAR LINEAR LINEAR LINEAR LINEAR LINEAR LINEAR
LINEAR LINEAR LINEAR LINEAR LINEAR LINEAR LINEAR LINEAR LINEAR LINEAR LINEAR LINEAR
LINEAR LINEAR LINEAR LINEAR LINEAR LINEAR LINEAR LINEAR</Name_array>
        <technique_common>
          <accessor source="#mixamorig_Spine2-Interpolations-array" count="43">
            <param type="name"/>
          </accessor>
        </technique_common>
      </source>
      <sampler id="mixamorig_Spine2-Matrix-animation-transform">
        <input semantic="INPUT" source="#mixamorig_Spine2-Matrix-animation-input"/>
        <input semantic="OUTPUT" source="#mixamorig_Spine2-Matrix-animation-output-transform"/>
        <input semantic="INTERPOLATION" source="#mixamorig_Spine2-Interpolations"/>
      </sampler>
      <channel source="#mixamorig_Spine2-Matrix-animation-transform" target="mixamorig_Spine2/matrix"/>
    </animation>
    <animation id="mixamorig_Neck-anim" name="mixamorig_Neck">
      <source id="mixamorig_Neck-Matrix-animation-input">
        <float_array id="mixamorig_Neck-Matrix-animation-input-array" count="43">

0.000000 0.033333 0.066667 0.100000 0.133333 0.166667 0.200000 0.233333 0.266667 0.300000 0.333333 0.366667 0.400000 0.433333 0.466667 0.500000
0.533333 0.566667 0.600000 0.633333 0.666667 0.700000 0.733333 0.766667 0.800000 0.833333 0.866667 0.900000 0.933333 0.966667 1.000000 1.033333
1.066667 1.100000 1.133333 1.166667 1.200000 1.233333 1.266667 1.300000 1.333333 1.366667 1.400000</float_array>
        <technique_common>
          <accessor source="#mixamorig_Neck-Matrix-animation-input-array" count="43">
            <param name="TIME" type="float"/>
          </accessor>
        </technique_common>
      </source>
      <source id="mixamorig_Neck-Matrix-animation-output-transform">
        <float_array id="mixamorig_Neck-Matrix-animation-output-transform-array" count="688">

0.930865 -0.086829 0.354896 0.024400 0.116798 0.991100 -0.063870 15.862300 -0.346191 0.100906 0.932722 -1.675800 0.000000 0.000000 0.000000 1.000000
0.930700 -0.087428 0.355181 0.024400 0.117012 0.991153 -0.062641 15.862300 -0.346562 0.099860 0.932696 -1.675800 0.000000 0.000000 0.000000 1.000000
0.930651 -0.087033 0.355408 0.024400 0.116286 0.991294 -0.061751 15.862300 -0.346940 0.098797 0.932669 -1.675800 0.000000 0.000000 0.000000 1.000000
0.930537 -0.087344 0.355628 0.024400 0.116187 0.991381 -0.060527 15.862300 -0.347277 0.097642 0.932665 -1.675800 0.000000 0.000000 0.000000 1.000000
0.930453 -0.087633 0.355779 0.024400 0.116300 0.991403 -0.059960 15.862300 -0.347466 0.097167 0.932645 -1.675800 0.000000 0.000000 0.000000 1.000000
0.930454 -0.088024 0.355679 0.024400 0.116499 0.991413 -0.059406 15.862300 -0.347396 0.096711 0.932718 -1.675800 0.000000 0.000000 0.000000 1.000000
0.930425 -0.089145 0.355475 0.024400 0.117357 0.991362 -0.058560 15.862300 -0.347184 0.096203 0.932850 -1.675800 0.000000 0.000000 0.000000 1.000000
0.930402 -0.089299 0.355498 0.024400 0.117549 0.991335 -0.058631 15.862300 -0.347182 0.096339 0.932836 -1.675800 0.000000 0.000000 0.000000 1.000000
0.930293 -0.090539 0.355467 0.024400 0.118861 0.991179 -0.058613 15.862300 -0.347025 0.096779 0.932849 -1.675800 0.000000 0.000000 0.000000 1.000000
0.930223 -0.090862 0.355570 0.024400 0.119221 0.991136 -0.058624 15.862300 -0.347091 0.096925 0.932809 -1.675800 0.000000 0.000000 0.000000 1.000000
0.930385 -0.091203 0.355057 0.024400 0.119845 0.991009 -0.059480 15.862300 -0.346440 0.097891 0.932950 -1.675800 0.000000 0.000000 0.000000 1.000000
0.930440 -0.090751 0.355030 0.024400 0.119649 0.990986 -0.060258 15.862300 -0.346361 0.098545 0.932911 -1.675800 0.000000 0.000000 0.000000 1.000000
0.930489 -0.090750 0.354902 0.024400 0.120010 0.990880 -0.061271 15.862300 -0.346105 0.099604 0.932894 -1.675800 0.000000 0.000000 0.000000 1.000000
0.930360 -0.091142 0.355137 0.024400 0.120513 0.990809 -0.061432 15.862300 -0.346274 0.099952 0.932793 -1.675800 0.000000 0.000000 0.000000 1.000000
0.930632 -0.090594 0.354565 0.024400 0.120205 0.990789 -0.062350 15.862300 -0.345651 0.100645 0.932950 -1.675800 0.000000 0.000000 0.000000 1.000000
0.930718 -0.090571 0.354345 0.024400 0.120299 0.990753 -0.062739 15.862300 -0.345386 0.101020 0.933008 -1.675800 0.000000 0.000000 0.000000 1.000000
0.930710 -0.090900 0.354284 0.024400 0.120590 0.990727 -0.062596 15.862300 -0.345308 0.100982 0.933041 -1.675800 0.000000 0.000000 0.000000 1.000000
0.930678 -0.091585 0.354191 0.024400 0.121152 0.990685 -0.062174 15.862300 -0.345197 0.100775 0.933104 -1.675800 0.000000 0.000000 0.000000 1.000000
0.930647 -0.091856 0.354201 0.024400 0.121321 0.990685 -0.061846 15.862300 -0.345220 0.100529 0.933122 -1.675800 0.000000 0.000000 0.000000 1.000000
0.930355 -0.092162 0.354889 0.024400 0.121514 0.990696 -0.061277 15.862300 -0.345939 0.100134 0.932898 -1.675800 0.000000 0.000000 0.000000 1.000000
0.930601 -0.091762 0.354347 0.024400 0.121121 0.990729 -0.061533 15.862300 -0.345415 0.100182 0.933087 -1.675800 0.000000 0.000000 0.000000 1.000000
0.930572 -0.092369 0.354265 0.024400 0.121723 0.990661 -0.061439 15.862300 -0.345281 0.100296 0.933125 -1.675800 0.000000 0.000000 0.000000 1.000000
