<?xml version="1.0" encoding="utf-8"?>
<COLLADA xmlns="http://www.collada.org/2005/11/COLLADASchema" version="1.4.1">
  <asset>
    <contributor>
      <author>Mixamo</author>
      <authoring_tool>COLLADA Mixamo exporter</authoring_tool>
      <comments/>
    </contributor>
    <created>2022-12-10T03:34:42Z</created>
    <modified>2022-12-10T03:34:42Z</modified>
    <revision/>
    <title/>
    <unit meter="0.010000"/>
    <up_axis>Y_UP</up_axis>
  </asset>
  <library_animations>
    <animation id="mixamorig_Hips-anim" name="mixamorig_Hips">
      <source id="mixamorig_Hips-Matrix-animation-input">
        <float_array id="mixamorig_Hips-Matrix-animation-input-array" count="24">

0.000000 0.033333 0.066667 0.100000 0.133333 0.166667 0.200000 0.233333 0.266667 0.300000 0.333333 0.366667 0.400000 0.433333 0.466667 0.500000
0.533333 0.566667 0.600000 0.633333 0.666667 0.700000 0.733333 0.766667</float_array>
        <technique_common>
          <accessor source="#mixamorig_Hips-Matrix-animation-input-array" count="24">
            <param name="TIME" type="float"/>
          </accessor>
        </technique_common>
      </source>
      <source id="mixamorig_Hips-Matrix-animation-output-transform">
        <float_array id="mixamorig_Hips-Matrix-animation-output-transform-array" count="384">

0.392204 -0.172772 -0.903508 -0.030566 -0.022478 0.980110 -0.197177 69.150436 0.919604 0.097642 0.380520 0.016873 0.000000 0.000000 0.000000 1.000000
0.415056 -0.180088 -0.891794 -0.707561 -0.013571 0.978879 -0.203990 69.313553 0.909695 0.096770 0.403846 0.279014 0.000000 0.000000 0.000000 1.000000
0.437871 -0.184506 -0.879901 -1.412412 0.000280 0.978742 -0.205093 69.587006 0.899038 0.089558 0.428615 0.533194 0.000000 0.000000 0.000000 1.000000
0.466813 -0.170063 -0.867850 -2.100761 0.016106 0.982808 -0.183927 70.090721 0.884209 0.071882 0.461527 0.659094 0.000000 0.000000 0.000000 1.000000
0.502348 -0.137660 -0.853637 -2.743834 0.026261 0.989219 -0.144070 70.707886 0.864266 0.049956 0.500548 0.644183 0.000000 0.000000 0.000000 1.000000
0.537975 -0.103293 -0.836608 -3.385344 0.032385 0.994264 -0.101933 71.295174 0.842338 0.027743 0.538234 0.553695 0.000000 0.000000 0.000000 1.000000
0.564661 -0.073170 -0.822073 -3.957295 0.042089 0.997319 -0.059858 71.882347 0.824249 -0.000801 0.566227 0.316590 0.000000 0.000000 0.000000 1.000000
0.567935 -0.060185 -0.820870 -4.289383 0.063740 0.997544 -0.029039 72.431458 0.820601 -0.035830 0.570377 -0.218663 0.000000 0.000000 0.000000 1.000000
0.549171 -0.069920 -0.832780 -4.309054 0.090087 0.995640 -0.024187 72.848625 0.830840 -0.061740 0.553076 -0.997631 0.000000 0.000000 0.000000 1.000000
0.533384 -0.097032 -0.840290 -4.098040 0.092434 0.994136 -0.056124 72.903778 0.840808 -0.047736 0.539225 -1.604373 0.000000 0.000000 0.000000 1.000000
0.521420 -0.113865 -0.845669 -3.829629 0.086636 0.993000 -0.080284 72.780457 0.848891 -0.031404 0.527635 -2.030719 0.000000 0.000000 0.000000 1.000000
0.506348 -0.125242 -0.853186 -3.507809 0.068645 0.992111 -0.104896 72.492737 0.859593 -0.005453 0.510950 -2.227122 0.000000 0.000000 0.000000 1.000000
0.493212 -0.132337 -0.859784 -3.132168 0.040817 0.990793 -0.129087 72.098320 0.868951 0.028574 0.494073 -2.140143 0.000000 0.000000 0.000000 1.000000
0.482898 -0.133856 -0.865385 -2.711246 0.013053 0.989238 -0.145730 71.636833 0.875579 0.059077 0.479448 -1.893728 0.000000 0.000000 0.000000 1.000000
0.474743 -0.137498 -0.869318 -2.281609 -0.003079 0.987456 -0.157865 71.183792 0.880119 0.077622 0.468364 -1.706897 0.000000 0.000000 0.000000 1.000000
0.469583 -0.147635 -0.870457 -1.830611 -0.005236 0.985437 -0.169961 70.701324 0.882873 0.084369 0.461972 -1.482349 0.000000 0.000000 0.000000 1.000000
0.462757 -0.160928 -0.871756 -1.334288 -0.001517 0.983239 -0.182314 70.179008 0.886484 0.085690 0.454757 -1.159070 0.000000 0.000000 0.000000 1.000000
0.451802 -0.171901 -0.875400 -0.861615 -0.002538 0.981008 -0.193949 69.724167 0.892115 0.089848 0.442785 -0.846579 0.000000 0.000000 0.000000 1.000000
0.437077 -0.173412 -0.882549 -0.543346 -0.008583 0.980389 -0.196888 69.474129 0.899383 0.093630 0.427016 -0.589338 0.000000 0.000000 0.000000 1.000000
0.423047 -0.171755 -0.889680 -0.280761 -0.016873 0.980207 -0.197255 69.352608 0.905951 0.098460 0.411776 -0.415226 0.000000 0.000000 0.000000 1.000000
0.411448 -0.169835 -0.895470 -0.075552 -0.024663 0.980051 -0.197209 69.296280 0.911099 0.103227 0.399052 -0.291560 0.000000 0.000000 0.000000 1.000000
0.401743 -0.169148 -0.899995 0.053613 -0.028947 0.979956 -0.197098 69.238785 0.915295 0.105235 0.388794 -0.168701 0.000000 0.000000 0.000000 1.000000
0.395977 -0.170598 -0.902274 0.041428 -0.026865 0.980018 -0.197088 69.186760 0.917867 0.102282 0.383481 -0.062612 0.000000 0.000000 0.000000 1.000000
0.392204 -0.172772 -0.903508 -0.030568 -0.022477 0.980110 -0.197177 69.150429 0.919604 0.097642 0.380520 0.016870 0.000000 0.000000 0.000000 1.000000</float_array>
        <technique_common>
          <accessor source="#mixamorig_Hips-Matrix-animation-output-transform-array" count="24" stride="16">
            <param type="float4x4"/>
          </accessor>
        </technique_common>
      </source>
      <source id="mixamorig_Hips-Interpolations">
        <Name_array id="mixamorig_Hips-Interpolations-array" count="24">
 LINEAR LINEAR LINEAR LINEAR LINEAR LINEAR LINEAR LINEAR LINEAR LINEAR LINEAR
LINEAR LINEAR LINEAR LINEAR LINEAR LINEAR LINEAR LINEAR LINEAR LINEAR LINEAR LINEAR
LINEAR</Name_array>
        <technique_common>
          <accessor source="#mixamorig_Hips-Interpolations-array" count="24">
            <param type="name"/>
          </accessor>
        </technique_common>
      </source>
      <sampler id="mixamorig_Hips-Matrix-animation-transform">
        <input semantic="INPUT" source="#mixamorig_Hips-Matrix-animation-input"/>
        <input semantic="OUTPUT" source="#mixamorig_Hips-Matrix-animation-output-transform"/>
        <input semantic="INTERPOLATION" source="#mixamorig_Hips-Interpolations"/>
      </sampler>
      <channel source="#mixamorig_Hips-Matrix-animation-transform" target="mixamorig_Hips/matrix"/>
    </animation>
    <animation id="mixamorig_Spine-anim" name="mixamorig_Spine">
      <source id="mixamorig_Spine-Matrix-animation-input">
        <float_array id="mixamorig_Spine-Matrix-animation-input-array" count="24">

0.000000 0.033333 0.066667 0.100000 0.133333 0.166667 0.200000 0.233333 0.266667 0.300000 0.333333 0.366667 0.400000 0.433333 0.466667 0.500000
0.533333 0.566667 0.600000 0.633333 0.666667 0.700000 0.733333 0.766667</float_array>
        <technique_common>
          <accessor source="#mixamorig_Spine-Matrix-animation-input-array" count="24">
            <param name="TIME" type="float"/>
          </accessor>
        </technique_common>
      </source>
      <source id="mixamorig_Spine-Matrix-animation-output-transform">
        <float_array id="mixamorig_Spine-Matrix-animation-output-transform-array" count="384">

0.950389 0.152997 0.270839 0.017300 -0.150273 0.988162 -0.030895 10.574800 -0.272359 -0.011338 0.962129 -1.117200 0.000000 0.000000 0.000000 1.000000
0.951569 0.112043 0.286293 0.017300 -0.115884 0.993256 -0.003548 10.574800 -0.284760 -0.029801 0.958136 -1.117200 0.000000 0.000000 0.000000 1.000000
0.950676 0.064683 0.303366 0.017300 -0.077610 0.996510 0.030738 10.574800 -0.300319 -0.052766 0.952378 -1.117200 0.000000 0.000000 0.000000 1.000000
0.950552 0.018647 0.310006 0.017300 -0.038474 0.997577 0.057968 10.574800 -0.308174 -0.067029 0.948966 -1.117200 0.000000 0.000000 0.000000 1.000000
0.952327 -0.018481 0.304517 0.017300 -0.003152 0.997514 0.070396 10.574800 -0.305061 -0.068000 0.949902 -1.117200 0.000000 0.000000 0.000000 1.000000
0.952215 -0.049951 0.301318 0.017300 0.026636 0.996358 0.080997 10.574800 -0.304266 -0.069100 0.950077 -1.117200 0.000000 0.000000 0.000000 1.000000
0.951154 -0.071853 0.300239 0.017300 0.049089 0.995365 0.082698 10.574800 -0.304789 -0.063920 0.950272 -1.117200 0.000000 0.000000 0.000000 1.000000
0.950596 -0.073088 0.301704 0.017300 0.055405 0.996229 0.066771 10.574800 -0.305446 -0.046756 0.951061 -1.117200 0.000000 0.000000 0.000000 1.000000
0.952346 -0.056977 0.299652 0.017300 0.045777 0.997970 0.044271 10.574800 -0.301566 -0.028444 0.953021 -1.117200 0.000000 0.000000 0.000000 1.000000
0.956706 -0.050813 0.286585 0.017300 0.037619 0.997971 0.051364 10.574800 -0.288614 -0.038360 0.956677 -1.117200 0.000000 0.000000 0.000000 1.000000
0.958107 -0.044394 0.282950 0.017300 0.031458 0.998249 0.050100 10.574800 -0.284679 -0.039100 0.957825 -1.117200 0.000000 0.000000 0.000000 1.000000
0.961539 -0.029616 0.273066 0.017300 0.017137 0.998702 0.047974 10.574800 -0.274132 -0.041449 0.960798 -1.117200 0.000000 0.000000 0.000000 1.000000
0.967241 -0.007188 0.253759 0.017300 -0.004957 0.998874 0.047188 10.574800 -0.253813 -0.046900 0.966116 -1.117200 0.000000 0.000000 0.000000 1.000000
0.972566 0.022456 0.231539 0.017300 -0.033581 0.998457 0.044217 10.574800 -0.230189 -0.050779 0.971820 -1.117200 0.000000 0.000000 0.000000 1.000000
0.975041 0.055852 0.214886 0.017300 -0.066016 0.997000 0.040411 10.574800 -0.211984 -0.053588 0.975803 -1.117200 0.000000 0.000000 0.000000 1.000000
0.974864 0.088712 0.204377 0.017300 -0.098328 0.994452 0.037365 10.574800 -0.199929 -0.056522 0.978179 -1.117200 0.000000 0.000000 0.000000 1.000000
0.972982 0.117517 0.198735 0.017300 -0.126595 0.991387 0.033558 10.574800 -0.193080 -0.057810 0.979478 -1.117200 0.000000 0.000000 0.000000 1.000000
0.969742 0.138578 0.200990 0.017300 -0.146961 0.988765 0.027331 10.574800 -0.194944 -0.056042 0.979212 -1.117200 0.000000 0.000000 0.000000 1.000000
0.966446 0.150050 0.208489 0.017300 -0.157314 0.987373 0.018612 10.574800 -0.203064 -0.050786 0.977848 -1.117200 0.000000 0.000000 0.000000 1.000000
0.963262 0.154817 0.219451 0.017300 -0.160622 0.986977 0.008749 10.574800 -0.215239 -0.043677 0.975584 -1.117200 0.000000 0.000000 0.000000 1.000000
0.960265 0.154962 0.232118 0.017300 -0.159007 0.987277 -0.001296 10.574800 -0.229366 -0.035664 0.972687 -1.117200 0.000000 0.000000 0.000000 1.000000
0.957100 0.153254 0.245911 0.017300 -0.155243 0.987811 -0.011398 10.574800 -0.244660 -0.027267 0.969225 -1.117200 0.000000 0.000000 0.000000 1.000000
0.953781 0.151859 0.259307 0.017300 -0.151554 0.988220 -0.021290 10.574800 -0.259485 -0.018993 0.965560 -1.117200 0.000000 0.000000 0.000000 1.000000
0.950388 0.152997 0.270839 0.017300 -0.150273 0.988162 -0.030895 10.574800 -0.272360 -0.011338 0.962129 -1.117200 0.000000 0.000000 0.000000 1.000000</float_array>
        <technique_common>
          <accessor source="#mixamorig_Spine-Matrix-animation-output-transform-array" count="24" stride="16">
            <param type="float4x4"/>
          </accessor>
        </technique_common>
      </source>
      <source id="mixamorig_Spine-Interpolations">
        <Name_array id="mixamorig_Spine-Interpolations-array" count="24">
 LINEAR LINEAR LINEAR LINEAR LINEAR LINEAR LINEAR LINEAR LINEAR LINEAR LINEAR
LINEAR LINEAR LINEAR LINEAR LINEAR LINEAR LINEAR LINEAR LINEAR LINEAR LINEAR LINEAR
LINEAR</Name_array>
        <technique_common>
          <accessor source="#mixamorig_Spine-Interpolations-array" count="24">
            <param type="name"/>
          </accessor>
        </technique_common>
      </source>
      <sampler id="mixamorig_Spine-Matrix-animation-transform">
        <input semantic="INPUT" source="#mixamorig_Spine-Matrix-animation-input"/>
        <input semantic="OUTPUT" source="#mixamorig_Spine-Matrix-animation-output-transform"/>
        <input semantic="INTERPOLATION" source="#mixamorig_Spine-Interpolations"/>
      </sampler>
      <channel source="#mixamorig_Spine-Matrix-animation-transform" target="mixamorig_Spine/matrix"/>
    </animation>
    <animation id="mixamorig_Spine1-anim" name="mixamorig_Spine1">
      <source id="mixamorig_Spine1-Matrix-animation-input">
        <float_array id="mixamorig_Spine1-Matrix-animation-input-array" count="24">

0.000000 0.033333 0.066667 0.100000 0.133333 0.166667 0.200000 0.233333 0.266667 0.300000 0.333333 0.366667 0.400000 0.433333 0.466667 0.500000
0.533333 0.566667 0.600000 0.633333 0.666667 0.700000 0.733333 0.766667</float_array>
        <technique_common>
          <accessor source="#mixamorig_Spine1-Matrix-animation-input-array" count="24">
            <param name="TIME" type="float"/>
          </accessor>
        </technique_common>
      </source>
      <source id="mixamorig_Spine1-Matrix-animation-output-transform">
        <float_array id="mixamorig_Spine1-Matrix-animation-output-transform-array" count="384">

0.999082 0.038428 0.018907 0.000000 -0.035686 0.991055 -0.128595 12.406000 -0.023679 0.127802 0.991517 -0.000000 0.000000 0.000000 0.000000 1.000000
0.999213 0.032221 0.023154 0.000000 -0.029087 0.991747 -0.124869 12.406000 -0.026986 0.124098 0.991903 0.000000 0.000000 0.000000 0.000000 1.000000
0.999274 0.025992 0.027866 0.000000 -0.022424 0.992338 -0.121501 12.406000 -0.030810 0.120788 0.992200 0.000000 0.000000 0.000000 0.000000 1.000000
0.999379 0.018674 0.029871 -0.000000 -0.015015 0.992857 -0.118360 12.406000 -0.031867 0.117838 0.992521 0.000000 0.000000 0.000000 0.000000 1.000000
0.999541 0.009612 0.028739 0.000000 -0.006250 0.993359 -0.114886 12.406000 -0.029653 0.114654 0.992963 0.000000 0.000000 0.000000 0.000000 1.000000
0.999599 -0.001287 0.028295 0.000000 0.004421 0.993813 -0.110977 12.406000 -0.027977 0.111058 0.993420 0.000000 0.000000 0.000000 0.000000 1.000000
0.999548 -0.010030 0.028336 0.000000 0.013069 0.993938 -0.109166 12.406000 -0.027070 0.109487 0.993620 -0.000000 0.000000 0.000000 0.000000 1.000000
0.999526 -0.011136 0.028700 0.000000 0.014301 0.993544 -0.112545 12.406000 -0.027261 0.112902 0.993232 0.000000 0.000000 0.000000 0.000000 1.000000
0.999601 -0.004927 0.027828 0.000000 0.008196 0.992906 -0.118622 12.406000 -0.027046 0.118802 0.992550 -0.000000 0.000000 0.000000 0.000000 1.000000
0.999705 0.000048 0.024272 0.000000 0.002831 0.992943 -0.118555 12.406000 -0.024106 0.118589 0.992651 -0.000000 0.000000 0.000000 0.000000 1.000000
0.999717 0.002966 0.023608 -0.000000 -0.000116 0.992799 -0.119790 12.406000 -0.023794 0.119754 0.992518 -0.000000 0.000000 0.000000 0.000000 1.000000
0.999715 0.005911 0.023119 0.000000 -0.003063 0.992608 -0.121328 12.406000 -0.023665 0.121222 0.992343 0.000000 0.000000 0.000000 0.000000 1.000000
0.999736 0.008189 0.021468 -0.000000 -0.005508 0.992501 -0.122110 12.406000 -0.022307 0.121960 0.992284 0.000000 0.000000 0.000000 0.000000 1.000000
0.999749 0.010642 0.019708 -0.000000 -0.008153 0.992454 -0.122343 12.406000 -0.020862 0.122151 0.992292 -0.000000 0.000000 0.000000 0.000000 1.000000
0.999709 0.014225 0.019497 0.000000 -0.011716 0.992310 -0.123225 12.406000 -0.021100 0.122961 0.992187 -0.000000 0.000000 0.000000 0.000000 1.000000
0.999623 0.018612 0.020192 -0.000000 -0.015953 0.992074 -0.124640 12.406000 -0.022352 0.124271 0.991997 -0.000000 0.000000 0.000000 0.000000 1.000000
0.999532 0.022589 0.020621 -0.000000 -0.019818 0.991847 -0.125882 12.406000 -0.023296 0.125414 0.991831 0.000000 0.000000 0.000000 0.000000 1.000000
0.999457 0.025403 0.020996 -0.000000 -0.022541 0.991670 -0.126814 12.406000 -0.024042 0.126272 0.991704 0.000000 0.000000 0.000000 0.000000 1.000000
0.999383 0.028090 0.021088 -0.000000 -0.025185 0.991555 -0.127215 12.406000 -0.024483 0.126606 0.991651 0.000000 0.000000 0.000000 0.000000 1.000000
0.999317 0.030456 0.020920 0.000000 -0.027547 0.991456 -0.127503 12.406000 -0.024625 0.126840 0.991618 0.000000 0.000000 0.000000 0.000000 1.000000
0.999263 0.032492 0.020439 0.000000 -0.029621 0.991360 -0.127782 12.406000 -0.024414 0.127082 0.991592 0.000000 0.000000 0.000000 0.000000 1.000000
0.999209 0.034392 0.019976 0.000000 -0.031558 0.991265 -0.128058 12.406000 -0.024206 0.127326 0.991566 0.000000 0.000000 0.000000 0.000000 1.000000
0.999150 0.036321 0.019512 0.000000 -0.033525 0.991165 -0.128330 12.406000 -0.024000 0.127567 0.991540 0.000000 0.000000 0.000000 0.000000 1.000000
0.999079 0.038446 0.019045 -0.000000 -0.035686 0.991054 -0.128600 12.406000 -0.023819 0.127802 0.991514 0.000000 0.000000 0.000000 0.000000 1.000000</float_array>
        <technique_common>
          <accessor source="#mixamorig_Spine1-Matrix-animation-output-transform-array" count="24" stride="16">
            <param type="float4x4"/>
          </accessor>
        </technique_common>
      </source>
      <source id="mixamorig_Spine1-Interpolations">
        <Name_array id="mixamorig_Spine1-Interpolations-array" count="24">
 LINEAR LINEAR LINEAR LINEAR LINEAR LINEAR LINEAR LINEAR LINEAR LINEAR LINEAR
LINEAR LINEAR LINEAR LINEAR LINEAR LINEAR LINEAR LINEAR LINEAR LINEAR LINEAR LINEAR
LINEAR</Name_array>
        <technique_common>
          <accessor source="#mixamorig_Spine1-Interpolations-array" count="24">
            <param type="name"/>
          </accessor>
        </technique_common>
      </source>
      <sampler id="mixamorig_Spine1-Matrix-animation-transform">
        <input semantic="INPUT" source="#mixamorig_Spine1-Matrix-animation-input"/>
        <input semantic="OUTPUT" source="#mixamorig_Spine1-Matrix-animation-output-transform"/>
        <input semantic="INTERPOLATION" source="#mixamorig_Spine1-Interpolations"/>
      </sampler>
      <channel source="#mixamorig_Spine1-Matrix-animation-transform" target="mixamorig_Spine1/matrix"/>
    </animation>
    <animation id="mixamorig_Spine2-anim" name="mixamorig_Spine2">
      <source id="mixamorig_Spine2-Matrix-animation-input">
        <float_array id="mixamorig_Spine2-Matrix-animation-input-array" count="24">

0.000000 0.033333 0.066667 0.100000 0.133333 0.166667 0.200000 0.233333 0.266667 0.300000 0.333333 0.366667 0.400000 0.433333 0.466667 0.500000
0.533333 0.566667 0.600000 0.633333 0.666667 0.700000 0.733333 0.766667</float_array>
        <technique_common>
          <accessor source="#mixamorig_Spine2-Matrix-animation-input-array" count="24">
            <param name="TIME" type="float"/>
          </accessor>
        </technique_common>
      </source>
      <source id="mixamorig_Spine2-Matrix-animation-output-transform">
        <float_array id="mixamorig_Spine2-Matrix-animation-output-transform-array" count="384">

0.979229 -0.110833 -0.169784 0.000000 0.087991 0.986708 -0.136620 14.178300 0.182669 0.118843 0.975965 0.000000 0.000000 0.000000 0.000000 1.000000
0.988612 -0.084037 -0.124833 -0.000000 0.068206 0.989672 -0.126086 14.178300 0.134140 0.116136 0.984134 -0.000000 0.000000 0.000000 0.000000 1.000000
0.995291 -0.056822 -0.078524 -0.000000 0.047332 0.991904 -0.117836 14.178300 0.084584 0.113564 0.989924 0.000000 0.000000 0.000000 0.000000 1.000000
0.998367 -0.037416 -0.043172 -0.000000 0.032358 0.993131 -0.112448 14.178300 0.047083 0.110867 0.992719 -0.000000 0.000000 0.000000 0.000000 1.000000
0.999355 -0.028475 -0.021899 -0.000000 0.025945 0.993787 -0.108233 14.178300 0.024845 0.107595 0.993884 0.000000 0.000000 0.000000 0.000000 1.000000
0.999628 -0.026501 -0.006444 -0.000000 0.025687 0.994236 -0.104091 14.178300 0.009165 0.103886 0.994547 0.000000 0.000000 0.000000 0.000000 1.000000
0.999643 -0.026332 0.004528 0.000000 0.026657 0.994414 -0.102133 14.178300 -0.001813 0.102217 0.994760 -0.000000 0.000000 0.000000 0.000000 1.000000
0.999654 -0.025170 0.007590 0.000000 0.025831 0.994090 -0.105437 14.178300 -0.004891 0.105596 0.994397 0.000000 0.000000 0.000000 0.000000 1.000000
0.999719 -0.023689 0.000798 -0.000000 0.023630 0.993484 -0.111492 14.178300 0.001848 0.111479 0.993765 0.000000 0.000000 0.000000 0.000000 1.000000
0.999668 -0.024024 -0.009312 0.000000 0.022839 0.993514 -0.111396 14.178300 0.011928 0.111147 0.993732 0.000000 0.000000 0.000000 0.000000 1.000000
0.999462 -0.027521 -0.017862 0.000000 0.025335 0.993296 -0.112788 14.178300 0.020846 0.112275 0.993458 -0.000000 0.000000 0.000000 0.000000 1.000000
0.999118 -0.032247 -0.026905 0.000000 0.028963 0.992990 -0.114597 14.178300 0.030412 0.113716 0.993048 0.000000 0.000000 0.000000 0.000000 1.000000
0.998497 -0.039183 -0.038322 -0.000000 0.034507 0.992666 -0.115861 14.178300 0.042581 0.114364 0.992526 0.000000 0.000000 0.000000 0.000000 1.000000
0.997567 -0.047315 -0.051190 0.000000 0.041071 0.992303 -0.116821 14.178300 0.056323 0.114435 0.991833 0.000000 0.000000 0.000000 0.000000 1.000000
0.996503 -0.054796 -0.063087 -0.000000 0.047032 0.991829 -0.118586 14.178300 0.069069 0.115204 0.990938 -0.000000 0.000000 0.000000 0.000000 1.000000
0.995312 -0.061591 -0.074564 0.000000 0.052275 0.991274 -0.121010 14.178300 0.081367 0.116545 0.989847 0.000000 0.000000 0.000000 0.000000 1.000000
0.993886 -0.068471 -0.086612 -0.000000 0.057495 0.990686 -0.123431 14.178300 0.094257 0.117697 0.988566 0.000000 0.000000 0.000000 0.000000 1.000000
0.992230 -0.075703 -0.098732 0.000000 0.063027 0.990061 -0.125721 14.178300 0.107268 0.118522 0.987140 -0.000000 0.000000 0.000000 0.000000 1.000000
0.990500 -0.081882 -0.110480 0.000000 0.067588 0.989540 -0.127445 14.178300 0.119759 0.118767 0.985673 -0.000000 0.000000 0.000000 0.000000 1.000000
0.988616 -0.087724 -0.122238 0.000000 0.071803 0.989033 -0.129066 14.178300 0.132220 0.118820 0.984073 -0.000000 0.000000 0.000000 0.000000 1.000000
0.986536 -0.093509 -0.134173 0.000000 0.075906 0.988499 -0.130798 14.178300 0.144860 0.118852 0.982288 0.000000 0.000000 0.000000 0.000000 1.000000
0.984277 -0.099282 -0.146087 0.000000 0.079965 0.987934 -0.132634 14.178300 0.157492 0.118867 0.980340 0.000000 0.000000 0.000000 0.000000 1.000000
0.981841 -0.105051 -0.157966 -0.000000 0.083988 0.987338 -0.134575 14.178300 0.170103 0.118864 0.978231 0.000000 0.000000 0.000000 0.000000 1.000000
0.979229 -0.110833 -0.169784 -0.000000 0.087991 0.986708 -0.136620 14.178300 0.182670 0.118843 0.975965 0.000000 0.000000 0.000000 0.000000 1.000000</float_array>
        <technique_common>
          <accessor source="#mixamorig_Spine2-Matrix-animation-output-transform-array" count="24" stride="16">
            <param type="float4x4"/>
          </accessor>
        </technique_common>
      </source>
      <source id="mixamorig_Spine2-Interpolations">
        <Name_array id="mixamorig_Spine2-Interpolations-array" count="24">
 LINEAR LINEAR LINEAR LINEAR LINEAR LINEAR LINEAR LINEAR LINEAR LINEAR LINEAR
LINEAR LINEAR LINEAR LINEAR LINEAR LINEAR LINEAR LINEAR LINEAR LINEAR LINEAR LINEAR
LINEAR</Name_array>
        <technique_common>
          <accessor source="#mixamorig_Spine2-Interpolations-array" count="24">
            <param type="name"/>
          </accessor>
        </technique_common>
      </source>
      <sampler id="mixamorig_Spine2-Matrix-animation-transform">
        <input semantic="INPUT" source="#mixamorig_Spine2-Matrix-animation-input"/>
        <input semantic="OUTPUT" source="#mixamorig_Spine2-Matrix-animation-output-transform"/>
        <input semantic="INTERPOLATION" source="#mixamorig_Spine2-Interpolations"/>
      </sampler>
      <channel source="#mixamorig_Spine2-Matrix-animation-transform" target="mixamorig_Spine2/matrix"/>
    </animation>
    <animation id="mixamorig_Neck-anim" name="mixamorig_Neck">
      <source id="mixamorig_Neck-Matrix-animation-input">
        <float_array id="mixamorig_Neck-Matrix-animation-input-array" count="24">

0.000000 0.033333 0.066667 0.100000 0.133333 0.166667 0.200000 0.233333 0.266667 0.300000 0.333333 0.366667 0.400000 0.433333 0.466667 0.500000
0.533333 0.566667 0.600000 0.633333 0.666667 0.700000 0.733333 0.766667</float_array>
        <technique_common>
          <accessor source="#mixamorig_Neck-Matrix-animation-input-array" count="24">
            <param name="TIME" type="float"/>
          </accessor>
        </technique_common>
      </source>
      <source id="mixamorig_Neck-Matrix-animation-output-transform">
        <float_array id="mixamorig_Neck-Matrix-animation-output-transform-array" count="384">

0.930865 -0.086829 0.354896 0.024400 0.116798 0.991100 -0.063870 15.862300 -0.346191 0.100905 0.932722 -1.675800 0.000000 0.000000 0.000000 1.000000
0.938298 -0.085009 0.335217 0.024400 0.117232 0.990111 -0.077057 15.862300 -0.325351 0.111601 0.938984 -1.675800 0.000000 0.000000 0.000000 1.000000
0.946497 -0.087582 0.310602 0.024400 0.122705 0.987850 -0.095368 15.862300 -0.298475 0.128378 0.945744 -1.675800 0.000000 0.000000 0.000000 1.000000
0.954384 -0.098617 0.281827 0.024400 0.137632 0.982925 -0.122134 15.862300 -0.264970 0.155351 0.951660 -1.675800 0.000000 0.000000 0.000000 1.000000
0.961313 -0.126114 0.244892 0.024400 0.170476 0.970708 -0.169304 15.862300 -0.216366 0.204503 0.954654 -1.675800 0.000000 0.000000 0.000000 1.000000
0.962824 -0.164554 0.214224 0.024400 0.213327 0.949691 -0.229300 15.862300 -0.165714 0.266475 0.949489 -1.675800 0.000000 0.000000 0.000000 1.000000
0.963114 -0.170132 0.208487 0.024400 0.222429 0.939375 -0.260958 15.862300 -0.151450 0.297706 0.942568 -1.675800 0.000000 0.000000 0.000000 1.000000
0.964270 -0.153173 0.216151 0.024400 0.210770 0.937864 -0.275658 15.862300 -0.160496 0.311367 0.936638 -1.675800 0.000000 0.000000 0.000000 1.000000
0.963772 -0.139616 0.227267 0.024400 0.199533 0.942824 -0.266962 15.862300 -0.177001 0.302638 0.936526 -1.675800 0.000000 0.000000 0.000000 1.000000
0.962420 -0.134793 0.235750 0.024400 0.194610 0.947812 -0.252547 15.862300 -0.189405 0.288936 0.938425 -1.675800 0.000000 0.000000 0.000000 1.000000
0.960440 -0.134363 0.243928 0.024400 0.193152 0.952384 -0.235916 15.862300 -0.200615 0.273698 0.940661 -1.675800 0.000000 0.000000 0.000000 1.000000
0.958812 -0.134615 0.250116 0.024400 0.192966 0.954868 -0.225812 15.862300 -0.208430 0.264776 0.941515 -1.675800 0.000000 0.000000 0.000000 1.000000
0.957304 -0.127536 0.259430 0.024400 0.186228 0.958468 -0.216003 15.862300 -0.221107 0.255094 0.941296 -1.675800 0.000000 0.000000 0.000000 1.000000
0.955474 -0.117012 0.270883 0.024400 0.175945 0.962889 -0.204668 15.862300 -0.236882 0.243215 0.940603 -1.675800 0.000000 0.000000 0.000000 1.000000
0.953418 -0.107688 0.281775 0.024400 0.166430 0.966856 -0.193626 15.862300 -0.251584 0.231502 0.939740 -1.675800 0.000000 0.000000 0.000000 1.000000
0.951460 -0.106417 0.288788 0.024400 0.164223 0.969121 -0.183942 15.862300 -0.260296 0.222439 0.939557 -1.675800 0.000000 0.000000 0.000000 1.000000
0.949357 -0.101495 0.297354 0.024400 0.157373 0.972722 -0.170426 15.862300 -0.271945 0.208591 0.939434 -1.675800 0.000000 0.000000 0.000000 1.000000
0.946970 -0.092330 0.307773 0.024400 0.144821 0.977667 -0.152297 15.862300 -0.286837 0.188793 0.939192 -1.675800 0.000000 0.000000 0.000000 1.000000
0.944449 -0.089781 0.316159 0.024400 0.138842 0.980903 -0.136207 15.862300 -0.297892 0.172536 0.938878 -1.675800 0.000000 0.000000 0.000000 1.000000
0.941861 -0.089078 0.323979 0.024400 0.134663 0.983466 -0.121084 15.862300 -0.307836 0.157673 0.938284 -1.675800 0.000000 0.000000 0.000000 1.000000
0.939207 -0.088480 0.331754 0.024400 0.130523 0.985695 -0.106627 15.862300 -0.317574 0.143446 0.937321 -1.675800 0.000000 0.000000 0.000000 1.000000
0.936490 -0.087946 0.339487 0.024400 0.126219 0.987698 -0.092313 15.862300 -0.327192 0.129300 0.936070 -1.675800 0.000000 0.000000 0.000000 1.000000
0.933710 -0.087424 0.347193 0.024400 0.121685 0.989492 -0.078091 15.862300 -0.336718 0.115162 0.934537 -1.675800 0.000000 0.000000 0.000000 1.000000
0.930865 -0.086829 0.354896 0.024400 0.116798 0.991100 -0.063870 15.862300 -0.346192 0.100905 0.932722 -1.675800 0.000000 0.000000 0.000000 1.000000</float_array>
        <technique_common>
          <accessor source="#mixamorig_Neck-Matrix-animation-output-transform-array" count="24" stride="16">
            <param type="float4x4"/>
          </accessor>
        </technique_common>
      </source>
      <source id="mixamorig_Neck-Interpolations">
        <Name_array id="mixamorig_Neck-Interpolations-array" count="24">
 LINEAR LINEAR LINEAR LINEAR LINEAR LINEAR LINEAR LINEAR LINEAR LINEAR LINEAR
LINEAR LINEAR LINEAR LINEAR LINEAR LINEAR LINEAR LINEAR LINEAR LINEAR LINEAR LINEAR
LINEAR</Name_array>
        <technique_common>
          <accessor source="#mixamorig_Neck-Interpolations-array" count="24">
            <param type="name"/>
          </accessor>
        </technique_common>
      </source>
      <sampler id="mixamorig_Neck-Matrix-animation-transform">
        <input semantic="INPUT" source="#mixamorig_Neck-Matrix-animation-input"/>
        <input semantic="OUTPUT" source="#mixamorig_Neck-Matrix-animation-output-transform"/>
        <input semantic="INTERPOLATION" source="#mixamorig_Neck-Interpolations"/>
      </sampler>
      <channel source="#mixamorig_Neck-Matrix-animation-transform" target="mixamorig_Neck/matrix"/>
    </animation>
    <animation id="mixamorig_Head-anim" name="mixamorig_Head">
      <source id="mixamorig_Head-Matrix-animation-input">
        <float_array id="mixamorig_Head-Matrix-animation-input-array" count="24">

0.000000 0.033333 0.066667 0.100000 0.133333 0.166667 0.200000 0.233333 0.266667 0.300000 0.333333 0.366667 0.400000 0.433333 0.466667 0.500000
0.533333 0.566667 0.600000 0.633333 0.666667 0.700000 0.733333 0.766667</float_array>
        <technique_common>
          <accessor source="#mixamorig_Head-Matrix-animation-input-array" count="24">
            <param name="TIME" type="float"/>
          </accessor>
        </technique_common>
      </source>
      <source id="mixamorig_Head-Matrix-animation-output-transform">
        <float_array id="mixamorig_Head-Matrix-animation-output-transform-array" count="384">

0.789907 0.205095 0.577913 0.000000 -0.401234 0.885543 0.234147 5.564000 -0.463744 -0.416833 0.781787 0.988100 0.000000 0.000000 0.000000 1.000000
0.842395 0.156840 0.515531 0.000000 -0.353295 0.883141 0.308618 5.564000 -0.406883 -0.442113 0.799364 0.988100 0.000000 0.000000 0.000000 1.000000
0.886031 0.122493 0.447152 0.000000 -0.311222 0.872011 0.377806 5.564000 -0.343643 -0.473911 0.810751 0.988100 0.000000 0.000000 0.000000 1.000000
0.915966 0.124231 0.381541 0.000000 -0.284907 0.870924 0.400400 5.564000 -0.282551 -0.475456 0.833130 0.988100 0.000000 0.000000 0.000000 1.000000
0.928186 0.170797 0.330603 0.000000 -0.288291 0.891807 0.348666 5.564000 -0.235283 -0.418937 0.877003 0.988100 0.000000 0.000000 0.000000 1.000000
0.924787 0.245908 0.290341 -0.000000 -0.320293 0.915039 0.245186 5.564000 -0.205380 -0.319739 0.924979 0.988100 0.000000 0.000000 0.000000 1.000000
0.916815 0.298559 0.265165 0.000000 -0.346765 0.924555 0.157961 5.564000 -0.197998 -0.236771 0.951176 0.988100 0.000000 0.000000 0.000000 1.000000
0.916312 0.296712 0.268950 0.000000 -0.346848 0.923711 0.162648 5.564000 -0.200173 -0.242321 0.949321 0.988100 0.000000 0.000000 0.000000 1.000000
0.913851 0.284620 0.289600 0.000000 -0.348929 0.915209 0.201595 5.564000 -0.207666 -0.285278 0.935677 0.988100 0.000000 0.000000 0.000000 1.000000
0.904496 0.284809 0.317444 0.000000 -0.363650 0.903914 0.225165 5.564000 -0.222813 -0.319099 0.921157 0.988100 0.000000 0.000000 0.000000 1.000000
0.892401 0.293510 0.342742 0.000000 -0.381824 0.895949 0.226906 5.564000 -0.240480 -0.333358 0.911615 0.988100 0.000000 0.000000 0.000000 1.000000
0.883386 0.298163 0.361562 0.000000 -0.393053 0.891531 0.225124 5.564000 -0.255221 -0.340985 0.904761 0.988100 0.000000 0.000000 0.000000 1.000000
0.874780 0.299174 0.381123 0.000000 -0.399631 0.890276 0.218414 5.564000 -0.273961 -0.343373 0.898355 0.988100 0.000000 0.000000 0.000000 1.000000
0.865112 0.299562 0.402298 0.000000 -0.404960 0.890404 0.207816 5.564000 -0.295954 -0.342699 0.891610 0.988100 0.000000 0.000000 0.000000 1.000000
0.855908 0.298405 0.422345 0.000000 -0.408703 0.890724 0.198928 5.564000 -0.316832 -0.342878 0.884337 0.988100 0.000000 0.000000 0.000000 1.000000
0.851172 0.290760 0.436995 -0.000000 -0.407490 0.890818 0.200985 5.564000 -0.330845 -0.349143 0.876722 0.988100 0.000000 0.000000 0.000000 1.000000
0.849436 0.274391 0.450741 0.000000 -0.400296 0.891623 0.211592 5.564000 -0.343833 -0.360164 0.867215 0.988100 0.000000 0.000000 0.000000 1.000000
0.847443 0.254664 0.465819 0.000000 -0.391359 0.892554 0.224020 5.564000 -0.358719 -0.372147 0.856054 0.988100 0.000000 0.000000 0.000000 1.000000
0.840683 0.243189 0.483851 0.000000 -0.389854 0.891931 0.229069 5.564000 -0.375854 -0.381206 0.844639 0.988100 0.000000 0.000000 0.000000 1.000000
0.831988 0.234589 0.502757 0.000000 -0.390987 0.890845 0.231352 5.564000 -0.393606 -0.389053 0.832894 0.988100 0.000000 0.000000 0.000000 1.000000
0.822250 0.227114 0.521846 0.000000 -0.393122 0.889677 0.232226 5.564000 -0.411533 -0.396097 0.820821 0.988100 0.000000 0.000000 0.000000 1.000000
0.811931 0.219821 0.540784 0.000000 -0.395621 0.888403 0.232861 5.564000 -0.429246 -0.403012 0.808288 0.988100 0.000000 0.000000 0.000000 1.000000
0.801107 0.212564 0.559504 0.000000 -0.398377 0.887026 0.233409 5.564000 -0.446680 -0.409879 0.795284 0.988100 0.000000 0.000000 0.000000 1.000000
0.789907 0.205095 0.577913 0.000000 -0.401234 0.885543 0.234147 5.564000 -0.463744 -0.416833 0.781787 0.988100 0.000000 0.000000 0.000000 1.000000</float_array>
        <technique_common>
          <accessor source="#mixamorig_Head-Matrix-animation-output-transform-array" count="24" stride="16">
            <param type="float4x4"/>
          </accessor>
        </technique_common>
      </source>
      <source id="mixamorig_Head-Interpolations">
        <Name_array id="mixamorig_Head-Interpolations-array" count="24">
 LINEAR LINEAR LINEAR LINEAR LINEAR LINEAR LINEAR LINEAR LINEAR LINEAR LINEAR
LINEAR LINEAR LINEAR LINEAR LINEAR LINEAR LINEAR LINEAR LINEAR LINEAR LINEAR LINEAR
LINEAR</Name_array>
        <technique_common>
          <accessor source="#mixamorig_Head-Interpolations-array" count="24">
            <param type="name"/>
          </accessor>
        </technique_common>
      </source>
      <sampler id="mixamorig_Head-Matrix-animation-transform">
        <input semantic="INPUT" source="#mixamorig_Head-Matrix-animation-input"/>
        <input semantic="OUTPUT" source="#mixamorig_Head-Matrix-animation-output-transform"/>
        <input semantic="INTERPOLATION" source="#mixamorig_Head-Interpolations"/>
      </sampler>
      <channel source="#mixamorig_Head-Matrix-animation-transform" target="mixamorig_Head/matrix"/>
    </animation>
    <animation id="mixamorig_LeftShoulder-anim" name="mixamorig_LeftShoulder">
      <source id="mixamorig_LeftShoulder-Matrix-animation-input">
        <float_array id="mixamorig_LeftShoulder-Matrix-animation-input-array" count="24">

0.000000 0.033333 0.066667 0.100000 0.133333 0.166667 0.200000 0.233333 0.266667 0.300000 0.333333 0.366667 0.400000 0.433333 0.466667 0.500000
0.533333 0.566667 0.600000 0.633333 0.666667 0.700000 0.733333 0.766667</float_array>
        <technique_common>
          <accessor source="#mixamorig_LeftShoulder-Matrix-animation-input-array" count="24">
            <param name="TIME" type="float"/>
          </accessor>
        </technique_common>
      </source>
      <source id="mixamorig_LeftShoulder-Matrix-animation-output-transform">
        <float_array id="mixamorig_LeftShoulder-Matrix-animation-output-transform-array" count="384">

0.212537 0.958605 0.189484 5.935000 0.034436 0.186447 -0.981861 13.670200 -0.976546 0.215207 0.006616 -1.662600 0.000000 0.000000 0.000000 1.000000
0.206412 0.959649 0.190967 5.935000 0.031936 0.188458 -0.981562 13.670200 -0.977944 0.208705 0.008253 -1.662600 0.000000 0.000000 0.000000 1.000000
0.206655 0.968978 0.135556 5.935000 0.033412 0.131476 -0.990756 13.670200 -0.977843 0.209274 -0.005206 -1.662600 0.000000 0.000000 0.000000 1.000000
0.223604 0.973148 0.054620 5.935000 0.032667 0.048525 -0.998288 13.670200 -0.974132 0.225006 -0.020939 -1.662600 0.000000 0.000000 0.000000 1.000000
0.213439 0.975025 0.061399 5.935000 0.030459 0.056176 -0.997956 13.670200 -0.976482 0.214873 -0.017708 -1.662600 0.000000 0.000000 0.000000 1.000000
0.223730 0.963887 0.144451 5.935000 0.036171 0.139894 -0.989506 13.670200 -0.973980 0.226607 -0.003566 -1.662600 0.000000 0.000000 0.000000 1.000000
0.275983 0.937516 0.211891 5.935000 0.046938 0.207044 -0.977205 13.670200 -0.960016 0.279637 0.013135 -1.662600 0.000000 0.000000 0.000000 1.000000
0.302514 0.925476 0.227991 5.935000 0.049478 0.223628 -0.973418 13.670200 -0.951860 0.305753 0.021860 -1.662600 0.000000 0.000000 0.000000 1.000000
0.251655 0.941495 0.224183 5.935000 0.043062 0.220515 -0.974432 13.670200 -0.966859 0.254874 0.014951 -1.662600 0.000000 0.000000 0.000000 1.000000
0.210420 0.952355 0.220779 5.935000 0.037868 0.217726 -0.975275 13.670200 -0.976877 0.213578 0.009750 -1.662600 0.000000 0.000000 0.000000 1.000000
0.208787 0.953246 0.218473 5.935000 0.037159 0.215503 -0.975796 13.670200 -0.977255 0.211852 0.009572 -1.662600 0.000000 0.000000 0.000000 1.000000
0.202261 0.955189 0.216114 5.935000 0.036386 0.213193 -0.976332 13.670200 -0.978656 0.205337 0.008365 -1.662600 0.000000 0.000000 0.000000 1.000000
0.199178 0.956346 0.213849 5.935000 0.036001 0.210933 -0.976837 13.670200 -0.979302 0.202263 0.007583 -1.662600 0.000000 0.000000 0.000000 1.000000
0.205858 0.955376 0.211848 5.935000 0.036440 0.208851 -0.977268 13.670200 -0.977903 0.208898 0.008180 -1.662600 0.000000 0.000000 0.000000 1.000000
0.221944 0.952166 0.210050 5.935000 0.037602 0.206904 -0.977638 13.670200 -0.974334 0.224879 0.010118 -1.662600 0.000000 0.000000 0.000000 1.000000
0.239787 0.948236 0.208210 5.935000 0.038839 0.204926 -0.978007 13.670200 -0.970048 0.242600 0.012310 -1.662600 0.000000 0.000000 0.000000 1.000000
0.249220 0.946250 0.206158 5.935000 0.039307 0.202816 -0.978428 13.670200 -0.967649 0.251947 0.013352 -1.662600 0.000000 0.000000 0.000000 1.000000
0.251109 0.946227 0.203958 5.935000 0.039113 0.200619 -0.978888 13.670200 -0.967168 0.253785 0.013368 -1.662600 0.000000 0.000000 0.000000 1.000000
0.246342 0.947979 0.201622 5.935000 0.038377 0.198329 -0.979384 13.670200 -0.968423 0.249002 0.012476 -1.662600 0.000000 0.000000 0.000000 1.000000
0.239791 0.950161 0.199234 5.935000 0.037531 0.195996 -0.979886 13.670200 -0.970099 0.242445 0.011338 -1.662600 0.000000 0.000000 0.000000 1.000000
0.233048 0.952338 0.196825 5.935000 0.036706 0.193639 -0.980386 13.670200 -0.971772 0.235702 0.010171 -1.662600 0.000000 0.000000 0.000000 1.000000
0.226211 0.954484 0.194396 5.935000 0.035912 0.191261 -0.980882 13.670200 -0.973416 0.228868 0.008988 -1.662600 0.000000 0.000000 0.000000 1.000000
0.219340 0.956581 0.191948 5.935000 0.035153 0.188862 -0.981374 13.670200 -0.975015 0.222002 0.007799 -1.662600 0.000000 0.000000 0.000000 1.000000
0.212537 0.958605 0.189484 5.935000 0.034436 0.186447 -0.981861 13.670200 -0.976546 0.215207 0.006616 -1.662600 0.000000 0.000000 0.000000 1.000000</float_array>
        <technique_common>
          <accessor source="#mixamorig_LeftShoulder-Matrix-animation-output-transform-array" count="24" stride="16">
            <param type="float4x4"/>
          </accessor>
        </technique_common>
      </source>
      <source id="mixamorig_LeftShoulder-Interpolations">
        <Name_array id="mixamorig_LeftShoulder-Interpolations-array" count="24">
 LINEAR LINEAR LINEAR LINEAR LINEAR LINEAR LINEAR LINEAR LINEAR LINEAR LINEAR
LINEAR LINEAR LINEAR LINEAR LINEAR LINEAR LINEAR LINEAR LINEAR LINEAR LINEAR LINEAR
LINEAR</Name_array>
        <technique_common>
          <accessor source="#mixamorig_LeftShoulder-Interpolations-array" count="24">
            <param type="name"/>
          </accessor>
        </technique_common>
      </source>
      <sampler id="mixamorig_LeftShoulder-Matrix-animation-transform">
        <input semantic="INPUT" source="#mixamorig_LeftShoulder-Matrix-animation-input"/>
        <input semantic="OUTPUT" source="#mixamorig_LeftShoulder-Matrix-animation-output-transform"/>
        <input semantic="INTERPOLATION" source="#mixamorig_LeftShoulder-Interpolations"/>
      </sampler>
      <channel source="#mixamorig_LeftShoulder-Matrix-animation-transform" target="mixamorig_LeftShoulder/matrix"/>
    </animation>
