<?xml version="1.0" encoding="utf-8"?>
<COLLADA xmlns="http://www.collada.org/2005/11/COLLADASchema" version="1.4.1">
  <asset>
    <contributor>
      <author>Mixamo</author>
      <authoring_tool>COLLADA Mixamo exporter</authoring_tool>
      <comments/>
    </contributor>
    <created>2022-12-10T03:29:37Z</created>
    <modified>2022-12-10T03:29:37Z</modified>
    <revision/>
    <title/>
    <unit meter="0.010000"/>
    <up_axis>Y_UP</up_axis>
  </asset>
  <library_animations>
    <animation id="mixamorig_Hips-anim" name="mixamorig_Hips">
      <source id="mixamorig_Hips-Matrix-animation-input">
        <float_array id="mixamorig_Hips-Matrix-animation-input-array" count="32">

0.000000 0.033333 0.066667 0.100000 0.133333 0.166667 0.200000 0.233333 0.266667 0.300000 0.333333 0.366667 0.400000 0.433333 0.466667 0.500000
0.533333 0.566667 0.600000 0.633333 0.666667 0.700000 0.733333 0.766667 0.800000 0.833333 0.866667 0.900000 0.933333 0.966667 1.000000 1.033333</float_array>
        <technique_common>
          <accessor source="#mixamorig_Hips-Matrix-animation-input-array" count="32">
            <param name="TIME" type="float"/>
          </accessor>
        </technique_common>
      </source>
      <source id="mixamorig_Hips-Matrix-animation-output-transform">
        <float_array id="mixamorig_Hips-Matrix-animation-output-transform-array" count="512">

0.753988 -0.093918 -0.650139 -0.024947 -0.014365 0.987132 -0.159259 80.561256 0.656731 0.129419 0.742937 0.030255 0.000000 0.000000 0.000000 1.000000
0.779436 -0.062148 -0.623391 0.136124 -0.037476 0.988660 -0.145420 81.578903 0.625359 0.136708 0.768269 0.296609 0.000000 0.000000 0.000000 1.000000
0.803371 -0.033436 -0.594540 0.284077 -0.058158 0.989244 -0.134220 82.479713 0.592632 0.142406 0.792785 0.507201 0.000000 0.000000 0.000000 1.000000
0.826715 -0.014822 -0.562425 0.362397 -0.070109 0.989147 -0.129123 82.963409 0.558235 0.146179 0.816704 0.645792 0.000000 0.000000 0.000000 1.000000
0.852185 -0.001547 -0.523238 0.342849 -0.076771 0.988804 -0.127958 83.242142 0.517578 0.149213 0.842525 0.821473 0.000000 0.000000 0.000000 1.000000
0.876069 0.009443 -0.482094 0.263897 -0.081344 0.988373 -0.128459 83.475212 0.475275 0.151754 0.866651 1.060793 0.000000 0.000000 0.000000 1.000000
0.893044 0.018003 -0.449610 0.085333 -0.085207 0.987887 -0.129687 83.771347 0.441829 0.154126 0.883760 1.498089 0.000000 0.000000 0.000000 1.000000
0.896497 0.024236 -0.442387 -0.054360 -0.090694 0.987397 -0.129696 83.854599 0.433668 0.156394 0.887397 2.176939 0.000000 0.000000 0.000000 1.000000
0.896371 0.028455 -0.442390 -0.066771 -0.095433 0.986925 -0.129888 83.348328 0.432910 0.158646 0.887367 3.391440 0.000000 0.000000 0.000000 1.000000
0.896234 0.031023 -0.442495 -0.026372 -0.098541 0.986550 -0.130420 82.324478 0.432497 0.160491 0.887237 4.672601 0.000000 0.000000 0.000000 1.000000
0.896144 0.032994 -0.442535 -0.081685 -0.100759 0.986314 -0.130504 81.804092 0.432173 0.161540 0.887204 5.063586 0.000000 0.000000 0.000000 1.000000
0.896071 0.034801 -0.442544 -0.168100 -0.102675 0.986137 -0.130350 81.593735 0.431872 0.162241 0.887223 5.098241 0.000000 0.000000 0.000000 1.000000
0.896010 0.036461 -0.442535 -0.231812 -0.104396 0.985985 -0.130136 81.535645 0.431588 0.162802 0.887258 5.109687 0.000000 0.000000 0.000000 1.000000
0.895952 0.038024 -0.442519 -0.284860 -0.105996 0.985846 -0.129896 81.523239 0.431317 0.163286 0.887301 5.120055 0.000000 0.000000 0.000000 1.000000
0.895912 0.039275 -0.442491 -0.300974 -0.107211 0.985756 -0.129576 81.599228 0.431100 0.163529 0.887362 5.142433 0.000000 0.000000 0.000000 1.000000
0.895889 0.040181 -0.442456 -0.291616 -0.108000 0.985725 -0.129163 81.684952 0.430950 0.163501 0.887440 5.160825 0.000000 0.000000 0.000000 1.000000
0.895877 0.040708 -0.442433 -0.261570 -0.108323 0.985757 -0.128642 81.730423 0.430895 0.163173 0.887527 5.171242 0.000000 0.000000 0.000000 1.000000
0.895897 0.040819 -0.442384 -0.212214 -0.108125 0.985862 -0.128003 81.763832 0.430904 0.162510 0.887644 5.172743 0.000000 0.000000 0.000000 1.000000
0.895939 0.040467 -0.442330 -0.144972 -0.107348 0.986048 -0.127225 81.806473 0.431010 0.161469 0.887783 5.164274 0.000000 0.000000 0.000000 1.000000
0.895880 0.039412 -0.442545 -0.060753 -0.105789 0.986333 -0.126317 81.857132 0.431518 0.159981 0.887805 5.135946 0.000000 0.000000 0.000000 1.000000
0.895112 0.036904 -0.444312 0.038137 -0.102952 0.986744 -0.125449 81.932259 0.433793 0.158034 0.887045 5.030236 0.000000 0.000000 0.000000 1.000000
0.893783 0.033674 -0.447233 0.137561 -0.099605 0.987179 -0.124729 82.020279 0.437299 0.156028 0.885678 4.884838 0.000000 0.000000 0.000000 1.000000
0.890272 0.028161 -0.454558 0.227797 -0.094924 0.987640 -0.124725 82.157852 0.445427 0.154187 0.881941 4.588285 0.000000 0.000000 0.000000 1.000000
0.881992 0.017990 -0.470920 0.293090 -0.087590 0.988118 -0.126301 82.392357 0.463052 0.152644 0.873088 3.969884 0.000000 0.000000 0.000000 1.000000
0.870956 0.005663 -0.491329 0.337640 -0.079086 0.988512 -0.128799 82.607124 0.484955 0.151036 0.861398 3.249409 0.000000 0.000000 0.000000 1.000000
0.858087 -0.007697 -0.513447 0.358977 -0.070057 0.988784 -0.131903 82.743118 0.508703 0.149155 0.847923 2.537684 0.000000 0.000000 0.000000 1.000000
0.844323 -0.021141 -0.535417 0.356956 -0.061040 0.988922 -0.135305 82.862236 0.532346 0.146923 0.833679 1.928876 0.000000 0.000000 0.000000 1.000000
0.829287 -0.034943 -0.557730 0.315216 -0.051905 0.988912 -0.139134 82.815895 0.556408 0.144331 0.818278 1.469101 0.000000 0.000000 0.000000 1.000000
0.812814 -0.049151 -0.580446 0.251727 -0.042635 0.988742 -0.143427 82.612679 0.580961 0.141327 0.801568 1.067786 0.000000 0.000000 0.000000 1.000000
0.794701 -0.063824 -0.603636 0.169391 -0.033219 0.988393 -0.148240 82.184616 0.606091 0.137859 0.783357 0.703395 0.000000 0.000000 0.000000 1.000000
0.774551 -0.079129 -0.627542 0.064110 -0.023603 0.987837 -0.153693 81.332619 0.632071 0.133855 0.763262 0.375739 0.000000 0.000000 0.000000 1.000000
0.753988 -0.093918 -0.650139 -0.028900 -0.014365 0.987132 -0.159259 80.561256 0.656731 0.129419 0.742937 0.030343 0.000000 0.000000 0.000000 1.000000</float_array>
        <technique_common>
          <accessor source="#mixamorig_Hips-Matrix-animation-output-transform-array" count="32" stride="16">
            <param type="float4x4"/>
          </accessor>
        </technique_common>
      </source>
      <source id="mixamorig_Hips-Interpolations">
        <Name_array id="mixamorig_Hips-Interpolations-array" count="32">
 LINEAR LINEAR LINEAR LINEAR LINEAR LINEAR LINEAR LINEAR LINEAR LINEAR LINEAR
LINEAR LINEAR LINEAR LINEAR LINEAR LINEAR LINEAR LINEAR LINEAR LINEAR LINEAR LINEAR
LINEAR LINEAR LINEAR LINEAR LINEAR LINEAR LINEAR LINEAR LINEAR</Name_array>
        <technique_common>
          <accessor source="#mixamorig_Hips-Interpolations-array" count="32">
            <param type="name"/>
          </accessor>
        </technique_common>
      </source>
      <sampler id="mixamorig_Hips-Matrix-animation-transform">
        <input semantic="INPUT" source="#mixamorig_Hips-Matrix-animation-input"/>
        <input semantic="OUTPUT" source="#mixamorig_Hips-Matrix-animation-output-transform"/>
        <input semantic="INTERPOLATION" source="#mixamorig_Hips-Interpolations"/>
      </sampler>
      <channel source="#mixamorig_Hips-Matrix-animation-transform" target="mixamorig_Hips/matrix"/>
    </animation>
    <animation id="mixamorig_Spine-anim" name="mixamorig_Spine">
      <source id="mixamorig_Spine-Matrix-animation-input">
        <float_array id="mixamorig_Spine-Matrix-animation-input-array" count="32">

0.000000 0.033333 0.066667 0.100000 0.133333 0.166667 0.200000 0.233333 0.266667 0.300000 0.333333 0.366667 0.400000 0.433333 0.466667 0.500000
0.533333 0.566667 0.600000 0.633333 0.666667 0.700000 0.733333 0.766667 0.800000 0.833333 0.866667 0.900000 0.933333 0.966667 1.000000 1.033333</float_array>
        <technique_common>
          <accessor source="#mixamorig_Spine-Matrix-animation-input-array" count="32">
            <param name="TIME" type="float"/>
          </accessor>
        </technique_common>
      </source>
      <source id="mixamorig_Spine-Matrix-animation-output-transform">
        <float_array id="mixamorig_Spine-Matrix-animation-output-transform-array" count="512">

0.996514 0.049266 0.067321 0.017300 -0.047750 0.998572 -0.023939 10.574800 -0.068404 0.020641 0.997444 -1.117200 0.000000 0.000000 0.000000 1.000000
0.999618 0.025414 0.010816 0.017300 -0.025187 0.999469 -0.020674 10.574800 -0.011335 0.020394 0.999728 -1.117200 0.000000 0.000000 0.000000 1.000000
0.998971 0.003949 -0.045175 0.017300 -0.004828 0.999801 -0.019364 10.574800 0.045090 0.019563 0.998791 -1.117200 0.000000 0.000000 0.000000 1.000000
0.995029 -0.009842 -0.099098 0.017300 0.008109 0.999807 -0.017868 10.574800 0.099255 0.016976 0.994917 -1.117200 0.000000 0.000000 0.000000 1.000000
0.987729 -0.013942 -0.155555 0.017300 0.011896 0.999830 -0.014078 10.574800 0.155725 0.012055 0.987727 -1.117200 0.000000 0.000000 0.000000 1.000000
0.977230 -0.012656 -0.211806 0.017300 0.011128 0.999903 -0.008402 10.574800 0.211892 0.005854 0.977276 -1.117200 0.000000 0.000000 0.000000 1.000000
0.965059 -0.005127 -0.261982 0.017300 0.005404 0.999985 0.000337 10.574800 0.261977 -0.001741 0.965073 -1.117200 0.000000 0.000000 0.000000 1.000000
0.956358 -0.000541 -0.292197 0.017300 0.002926 0.999966 0.007725 10.574800 0.292183 -0.008243 0.956327 -1.117200 0.000000 0.000000 0.000000 1.000000
0.953666 -0.003819 -0.300844 0.017300 0.007423 0.999914 0.010838 10.574800 0.300777 -0.012569 0.953612 -1.117200 0.000000 0.000000 0.000000 1.000000
0.953543 -0.017329 -0.300757 0.017300 0.020878 0.999745 0.008589 10.574800 0.300532 -0.014469 0.953662 -1.117200 0.000000 0.000000 0.000000 1.000000
0.953258 -0.029265 -0.300736 0.017300 0.032424 0.999459 0.005518 10.574800 0.300412 -0.015011 0.953691 -1.117200 0.000000 0.000000 0.000000 1.000000
0.952975 -0.037051 -0.300775 0.017300 0.039875 0.999199 0.003256 10.574800 0.300413 -0.015096 0.953690 -1.117200 0.000000 0.000000 0.000000 1.000000
0.952840 -0.039474 -0.300894 0.017300 0.042184 0.999107 0.002515 10.574800 0.300526 -0.015089 0.953654 -1.117200 0.000000 0.000000 0.000000 1.000000
0.952760 -0.040234 -0.301047 0.017300 0.042894 0.999077 0.002227 10.574800 0.300679 -0.015035 0.953607 -1.117200 0.000000 0.000000 0.000000 1.000000
0.952694 -0.040417 -0.301231 0.017300 0.043048 0.999071 0.002099 10.574800 0.300866 -0.014967 0.953549 -1.117200 0.000000 0.000000 0.000000 1.000000
0.952634 -0.040430 -0.301420 0.017300 0.043029 0.999072 0.001986 10.574800 0.301060 -0.014862 0.953489 -1.117200 0.000000 0.000000 0.000000 1.000000
0.952583 -0.040292 -0.301600 0.017300 0.042857 0.999079 0.001892 10.574800 0.301246 -0.014728 0.953433 -1.117200 0.000000 0.000000 0.000000 1.000000
0.952542 -0.040036 -0.301763 0.017300 0.042569 0.999092 0.001818 10.574800 0.301416 -0.014577 0.953381 -1.117200 0.000000 0.000000 0.000000 1.000000
0.952511 -0.039717 -0.301901 0.017300 0.042215 0.999107 0.001752 10.574800 0.301562 -0.014413 0.953338 -1.117200 0.000000 0.000000 0.000000 1.000000
0.953174 -0.039369 -0.299850 0.017300 0.041826 0.999123 0.001777 10.574800 0.299517 -0.014236 0.953985 -1.117200 0.000000 0.000000 0.000000 1.000000
0.954538 -0.038818 -0.295552 0.017300 0.041222 0.999148 0.001907 10.574800 0.295226 -0.014004 0.955325 -1.117200 0.000000 0.000000 0.000000 1.000000
0.956665 -0.037175 -0.288807 0.017300 0.039485 0.999218 0.002173 10.574800 0.288500 -0.013482 0.957385 -1.117200 0.000000 0.000000 0.000000 1.000000
0.962092 -0.030846 -0.270974 0.017300 0.032863 0.999456 0.002910 10.574800 0.270736 -0.011705 0.962582 -1.117200 0.000000 0.000000 0.000000 1.000000
0.972879 -0.015967 -0.230763 0.017300 0.017291 0.999844 0.003719 10.574800 0.230667 -0.007608 0.973003 -1.117200 0.000000 0.000000 0.000000 1.000000
0.983329 0.001326 -0.181829 0.017300 -0.000811 0.999995 0.002907 10.574800 0.181832 -0.002711 0.983326 -1.117200 0.000000 0.000000 0.000000 1.000000
0.991099 0.017572 -0.131961 0.017300 -0.017706 0.999843 0.000162 10.574800 0.131943 0.002176 0.991255 -1.117200 0.000000 0.000000 0.000000 1.000000
0.995678 0.029543 -0.088053 0.017300 -0.029988 0.999543 -0.003742 10.574800 0.087902 0.006366 0.996109 -1.117200 0.000000 0.000000 0.000000 1.000000
0.997976 0.036020 -0.052400 0.017300 -0.036478 0.999304 -0.007803 10.574800 0.052082 0.009698 0.998596 -1.117200 0.000000 0.000000 0.000000 1.000000
0.998987 0.040462 -0.019716 0.017300 -0.040703 0.999100 -0.011952 10.574800 0.019215 0.012743 0.999734 -1.117200 0.000000 0.000000 0.000000 1.000000
0.998967 0.043984 0.011406 0.017300 -0.043797 0.998910 -0.016160 10.574800 -0.012104 0.015644 0.999804 -1.117200 0.000000 0.000000 0.000000 1.000000
0.998078 0.046904 0.040499 0.017300 -0.046114 0.998731 -0.020234 10.574800 -0.041396 0.018328 0.998975 -1.117200 0.000000 0.000000 0.000000 1.000000
0.996514 0.049266 0.067320 0.017300 -0.047750 0.998572 -0.023939 10.574800 -0.068404 0.020641 0.997444 -1.117200 0.000000 0.000000 0.000000 1.000000</float_array>
        <technique_common>
          <accessor source="#mixamorig_Spine-Matrix-animation-output-transform-array" count="32" stride="16">
            <param type="float4x4"/>
          </accessor>
        </technique_common>
      </source>
      <source id="mixamorig_Spine-Interpolations">
        <Name_array id="mixamorig_Spine-Interpolations-array" count="32">
 LINEAR LINEAR LINEAR LINEAR LINEAR LINEAR LINEAR LINEAR LINEAR LINEAR LINEAR
LINEAR LINEAR LINEAR LINEAR LINEAR LINEAR LINEAR LINEAR LINEAR LINEAR LINEAR LINEAR
LINEAR LINEAR LINEAR LINEAR LINEAR LINEAR LINEAR LINEAR LINEAR</Name_array>
        <technique_common>
          <accessor source="#mixamorig_Spine-Interpolations-array" count="32">
            <param type="name"/>
          </accessor>
        </technique_common>
      </source>
      <sampler id="mixamorig_Spine-Matrix-animation-transform">
        <input semantic="INPUT" source="#mixamorig_Spine-Matrix-animation-input"/>
        <input semantic="OUTPUT" source="#mixamorig_Spine-Matrix-animation-output-transform"/>
        <input semantic="INTERPOLATION" source="#mixamorig_Spine-Interpolations"/>
      </sampler>
      <channel source="#mixamorig_Spine-Matrix-animation-transform" target="mixamorig_Spine/matrix"/>
    </animation>
    <animation id="mixamorig_Spine1-anim" name="mixamorig_Spine1">
      <source id="mixamorig_Spine1-Matrix-animation-input">
        <float_array id="mixamorig_Spine1-Matrix-animation-input-array" count="32">

0.000000 0.033333 0.066667 0.100000 0.133333 0.166667 0.200000 0.233333 0.266667 0.300000 0.333333 0.366667 0.400000 0.433333 0.466667 0.500000
0.533333 0.566667 0.600000 0.633333 0.666667 0.700000 0.733333 0.766667 0.800000 0.833333 0.866667 0.900000 0.933333 0.966667 1.000000 1.033333</float_array>
        <technique_common>
          <accessor source="#mixamorig_Spine1-Matrix-animation-input-array" count="32">
            <param name="TIME" type="float"/>
          </accessor>
        </technique_common>
      </source>
      <source id="mixamorig_Spine1-Matrix-animation-output-transform">
        <float_array id="mixamorig_Spine1-Matrix-animation-output-transform-array" count="512">

0.998873 -0.042846 0.020412 -0.000000 0.043276 0.998840 -0.021134 12.406000 -0.019483 0.021994 0.999568 0.000000 0.000000 0.000000 0.000000 1.000000
0.999732 -0.023035 0.002372 0.000000 0.023105 0.999091 -0.035816 12.406000 -0.001545 0.035862 0.999356 -0.000000 0.000000 0.000000 0.000000 1.000000
0.999867 -0.005292 -0.015446 0.000000 0.004559 0.998879 -0.047107 12.406000 0.015678 0.047030 0.998770 -0.000000 0.000000 0.000000 0.000000 1.000000
0.999453 0.006008 -0.032517 0.000000 -0.007616 0.998742 -0.049564 12.406000 0.032178 0.049784 0.998241 0.000000 0.000000 0.000000 0.000000 1.000000
0.998689 0.009512 -0.050294 -0.000000 -0.011606 0.999071 -0.041514 12.406000 0.049853 0.042043 0.997871 0.000000 0.000000 0.000000 0.000000 1.000000
0.997646 0.008469 -0.068048 -0.000000 -0.010376 0.999562 -0.027722 12.406000 0.067783 0.028363 0.997297 0.000000 0.000000 0.000000 0.000000 1.000000
0.996471 0.001679 -0.083918 -0.000000 -0.002300 0.999971 -0.007307 12.406000 0.083903 0.007474 0.996446 0.000000 0.000000 0.000000 0.000000 1.000000
0.995606 -0.004210 -0.093550 -0.000000 0.005212 0.999932 0.010471 12.406000 0.093500 -0.010912 0.995559 0.000000 0.000000 0.000000 0.000000 1.000000
0.995329 -0.006224 -0.096345 0.000000 0.008366 0.999726 0.021842 12.406000 0.096183 -0.022546 0.995108 -0.000000 0.000000 0.000000 0.000000 1.000000
0.995336 -0.004263 -0.096380 0.000000 0.006867 0.999620 0.026705 12.406000 0.096229 -0.027243 0.994986 0.000000 0.000000 0.000000 0.000000 1.000000
0.995339 -0.001630 -0.096424 0.000000 0.004404 0.999583 0.028554 12.406000 0.096338 -0.028845 0.994931 -0.000000 0.000000 0.000000 0.000000 1.000000
0.995335 0.000491 -0.096481 0.000000 0.002377 0.999559 0.029607 12.406000 0.096453 -0.029698 0.994894 0.000000 0.000000 0.000000 0.000000 1.000000
0.995327 0.001534 -0.096553 0.000000 0.001426 0.999531 0.030584 12.406000 0.096555 -0.030579 0.994858 0.000000 0.000000 0.000000 0.000000 1.000000
0.995318 0.002153 -0.096629 0.000000 0.000894 0.999504 0.031480 12.406000 0.096649 -0.031419 0.994823 -0.000000 0.000000 0.000000 0.000000 1.000000
0.995311 0.001947 -0.096707 0.000000 0.001152 0.999488 0.031984 12.406000 0.096720 -0.031945 0.994799 0.000000 0.000000 0.000000 0.000000 1.000000
0.995304 0.001293 -0.096791 0.000000 0.001825 0.999482 0.032122 12.406000 0.096782 -0.032148 0.994786 -0.000000 0.000000 0.000000 0.000000 1.000000
0.995293 0.000365 -0.096910 0.000000 0.002751 0.999483 0.032021 12.406000 0.096871 -0.032137 0.994778 0.000000 0.000000 0.000000 0.000000 1.000000
0.995287 -0.000770 -0.096975 0.000000 0.003868 0.999488 0.031763 12.406000 0.096901 -0.031989 0.994780 0.000000 0.000000 0.000000 0.000000 1.000000
0.995309 -0.002046 -0.096728 0.000000 0.005108 0.999493 0.031418 12.406000 0.096615 -0.031765 0.994815 0.000000 0.000000 0.000000 0.000000 1.000000
0.995353 -0.003379 -0.096233 0.000000 0.006393 0.999498 0.031032 12.406000 0.096080 -0.031503 0.994875 0.000000 0.000000 0.000000 0.000000 1.000000
0.995408 -0.004648 -0.095614 0.000000 0.007588 0.999509 0.030408 12.406000 0.095426 -0.030994 0.994954 -0.000000 0.000000 0.000000 0.000000 1.000000
0.995509 -0.005890 -0.094485 -0.000000 0.008718 0.999525 0.029549 12.406000 0.094266 -0.030240 0.995088 0.000000 0.000000 0.000000 0.000000 1.000000
0.995828 -0.007072 -0.090978 -0.000000 0.009629 0.999570 0.027700 12.406000 0.090743 -0.028461 0.995468 -0.000000 0.000000 0.000000 0.000000 1.000000
0.996554 -0.008236 -0.082541 0.000000 0.010230 0.999665 0.023768 12.406000 0.082317 -0.024531 0.996304 0.000000 0.000000 0.000000 0.000000 1.000000
0.997401 -0.009717 -0.071398 0.000000 0.011087 0.999761 0.018820 12.406000 0.071198 -0.019563 0.997270 -0.000000 0.000000 0.000000 0.000000 1.000000
0.998230 -0.011899 -0.058264 -0.000000 0.012697 0.999830 0.013347 12.406000 0.058095 -0.014063 0.998212 0.000000 0.000000 0.000000 0.000000 1.000000
0.998917 -0.015274 -0.043952 0.000000 0.015626 0.999848 0.007680 12.406000 0.043828 -0.008358 0.999004 0.000000 0.000000 0.000000 0.000000 1.000000
0.999364 -0.020246 -0.029365 0.000000 0.020306 0.999792 0.001756 12.406000 0.029324 -0.002352 0.999567 0.000000 0.000000 0.000000 0.000000 1.000000
0.999553 -0.025880 -0.014949 0.000000 0.025820 0.999658 -0.004230 12.406000 0.015053 0.003842 0.999879 0.000000 0.000000 0.000000 0.000000 1.000000
0.999494 -0.031787 -0.001175 0.000000 0.031773 0.999443 -0.010162 12.406000 0.001498 0.010119 0.999948 -0.000000 0.000000 0.000000 0.000000 1.000000
0.999238 -0.037575 0.010534 -0.000000 0.037740 0.999161 -0.015880 12.406000 -0.009928 0.016265 0.999818 0.000000 0.000000 0.000000 0.000000 1.000000
0.998873 -0.042846 0.020412 -0.000000 0.043276 0.998840 -0.021134 12.406000 -0.019483 0.021994 0.999568 -0.000000 0.000000 0.000000 0.000000 1.000000</float_array>
        <technique_common>
          <accessor source="#mixamorig_Spine1-Matrix-animation-output-transform-array" count="32" stride="16">
            <param type="float4x4"/>
          </accessor>
        </technique_common>
      </source>
      <source id="mixamorig_Spine1-Interpolations">
        <Name_array id="mixamorig_Spine1-Interpolations-array" count="32">
 LINEAR LINEAR LINEAR LINEAR LINEAR LINEAR LINEAR LINEAR LINEAR LINEAR LINEAR
LINEAR LINEAR LINEAR LINEAR LINEAR LINEAR LINEAR LINEAR LINEAR LINEAR LINEAR LINEAR
LINEAR LINEAR LINEAR LINEAR LINEAR LINEAR LINEAR LINEAR LINEAR</Name_array>
        <technique_common>
          <accessor source="#mixamorig_Spine1-Interpolations-array" count="32">
            <param type="name"/>
          </accessor>
        </technique_common>
      </source>
      <sampler id="mixamorig_Spine1-Matrix-animation-transform">
        <input semantic="INPUT" source="#mixamorig_Spine1-Matrix-animation-input"/>
        <input semantic="OUTPUT" source="#mixamorig_Spine1-Matrix-animation-output-transform"/>
        <input semantic="INTERPOLATION" source="#mixamorig_Spine1-Interpolations"/>
      </sampler>
      <channel source="#mixamorig_Spine1-Matrix-animation-transform" target="mixamorig_Spine1/matrix"/>
    </animation>
    <animation id="mixamorig_Spine2-anim" name="mixamorig_Spine2">
      <source id="mixamorig_Spine2-Matrix-animation-input">
        <float_array id="mixamorig_Spine2-Matrix-animation-input-array" count="32">

0.000000 0.033333 0.066667 0.100000 0.133333 0.166667 0.200000 0.233333 0.266667 0.300000 0.333333 0.366667 0.400000 0.433333 0.466667 0.500000
0.533333 0.566667 0.600000 0.633333 0.666667 0.700000 0.733333 0.766667 0.800000 0.833333 0.866667 0.900000 0.933333 0.966667 1.000000 1.033333</float_array>
        <technique_common>
          <accessor source="#mixamorig_Spine2-Matrix-animation-input-array" count="32">
            <param name="TIME" type="float"/>
          </accessor>
        </technique_common>
      </source>
      <source id="mixamorig_Spine2-Matrix-animation-output-transform">
        <float_array id="mixamorig_Spine2-Matrix-animation-output-transform-array" count="512">

0.999544 -0.019730 0.022852 0.000000 0.022101 0.993836 -0.108636 14.178300 -0.020568 0.109091 0.993819 0.000000 0.000000 0.000000 0.000000 1.000000
0.999801 -0.004774 0.019374 0.000000 0.007201 0.991854 -0.127176 14.178300 -0.018609 0.127290 0.991691 0.000000 0.000000 0.000000 0.000000 1.000000
0.999850 0.008210 0.015248 0.000000 -0.005955 0.989784 -0.142448 14.178300 -0.016262 0.142335 0.989685 0.000000 0.000000 0.000000 0.000000 1.000000
0.999845 0.015064 0.009099 0.000000 -0.013554 0.988927 -0.147779 14.178300 -0.011224 0.147633 0.988978 0.000000 0.000000 0.000000 0.000000 1.000000
0.999899 0.014187 -0.000535 0.000000 -0.014122 0.990057 -0.139956 14.178300 -0.001456 0.139950 0.990158 0.000000 0.000000 0.000000 0.000000 1.000000
0.999889 0.008940 -0.011898 0.000000 -0.010358 0.992104 -0.124993 14.178300 0.010687 0.125102 0.992086 0.000000 0.000000 0.000000 0.000000 1.000000
0.999704 -0.001579 -0.024275 0.000000 -0.000917 0.994735 -0.102472 14.178300 0.024309 0.102464 0.994440 0.000000 0.000000 0.000000 0.000000 1.000000
0.999428 -0.010118 -0.032257 0.000000 0.007298 0.996237 -0.086368 14.178300 0.033009 0.086083 0.995741 -0.000000 0.000000 0.000000 0.000000 1.000000
0.999312 -0.013436 -0.034573 0.000000 0.010603 0.996668 -0.080870 14.178300 0.035545 0.080447 0.996125 0.000000 0.000000 0.000000 0.000000 1.000000
0.999328 -0.011302 -0.034856 0.000000 0.008481 0.996754 -0.080055 14.178300 0.035648 0.079706 0.996181 0.000000 0.000000 0.000000 0.000000 1.000000
0.999344 -0.008249 -0.035256 0.000000 0.005427 0.996828 -0.079401 14.178300 0.035800 0.079157 0.996219 -0.000000 0.000000 0.000000 0.000000 1.000000
0.999348 -0.006045 -0.035586 -0.000000 0.003221 0.996879 -0.078885 14.178300 0.035952 0.078719 0.996248 0.000000 0.000000 0.000000 0.000000 1.000000
0.999346 -0.005662 -0.035708 -0.000000 0.002842 0.996907 -0.078534 14.178300 0.036042 0.078381 0.996272 0.000000 0.000000 0.000000 0.000000 1.000000
0.999344 -0.006027 -0.035716 0.000000 0.003215 0.996926 -0.078277 14.178300 0.036079 0.078111 0.996292 -0.000000 0.000000 0.000000 0.000000 1.000000
0.999335 -0.007939 -0.035578 -0.000000 0.005134 0.996921 -0.078248 14.178300 0.036090 0.078013 0.996299 -0.000000 0.000000 0.000000 0.000000 1.000000
0.999318 -0.010601 -0.035360 -0.000000 0.007803 0.996897 -0.078336 14.178300 0.036081 0.078006 0.996300 0.000000 0.000000 0.000000 0.000000 1.000000
0.999292 -0.013524 -0.035106 0.000000 0.010734 0.996859 -0.078470 14.178300 0.036057 0.078037 0.996298 -0.000000 0.000000 0.000000 0.000000 1.000000
0.999259 -0.016418 -0.034814 0.000000 0.013638 0.996810 -0.078632 14.178300 0.035994 0.078098 0.996296 0.000000 0.000000 0.000000 0.000000 1.000000
0.999224 -0.018994 -0.034515 0.000000 0.016226 0.996759 -0.078789 14.178300 0.035900 0.078168 0.996294 0.000000 0.000000 0.000000 0.000000 1.000000
0.999200 -0.020797 -0.034168 0.000000 0.018047 0.996718 -0.078914 14.178300 0.035697 0.078234 0.996296 0.000000 0.000000 0.000000 0.000000 1.000000
0.999209 -0.021130 -0.033688 -0.000000 0.018414 0.996705 -0.079000 14.178300 0.035247 0.078317 0.996305 0.000000 0.000000 0.000000 0.000000 1.000000
0.999233 -0.020984 -0.033058 0.000000 0.018310 0.996691 -0.079199 14.178300 0.034610 0.078533 0.996311 0.000000 0.000000 0.000000 0.000000 1.000000
0.999294 -0.019867 -0.031882 0.000000 0.017264 0.996650 -0.079941 14.178300 0.033364 0.079334 0.996290 0.000000 0.000000 0.000000 0.000000 1.000000
0.999421 -0.017025 -0.029465 0.000000 0.014565 0.996545 -0.081762 14.178300 0.030756 0.081286 0.996216 0.000000 0.000000 0.000000 0.000000 1.000000
0.999562 -0.013905 -0.026114 -0.000000 0.011662 0.996383 -0.084168 14.178300 0.027190 0.083827 0.996109 -0.000000 0.000000 0.000000 0.000000 1.000000
0.999698 -0.011410 -0.021782 0.000000 0.009474 0.996163 -0.086999 14.178300 0.022691 0.086766 0.995970 0.000000 0.000000 0.000000 0.000000 1.000000
0.999809 -0.010488 -0.016501 0.000000 0.008958 0.995885 -0.090185 14.178300 0.017378 0.090019 0.995788 0.000000 0.000000 0.000000 0.000000 1.000000
0.999880 -0.011662 -0.010225 0.000000 0.010651 0.995532 -0.093821 14.178300 0.011273 0.093701 0.995537 -0.000000 0.000000 0.000000 0.000000 1.000000
0.999901 -0.013657 -0.003489 0.000000 0.013251 0.995133 -0.097645 14.178300 0.004806 0.097589 0.995215 0.000000 0.000000 0.000000 0.000000 1.000000
0.999866 -0.015979 0.003624 0.000000 0.016264 0.994701 -0.101520 14.178300 -0.001982 0.101565 0.994827 0.000000 0.000000 0.000000 0.000000 1.000000
0.999755 -0.018075 0.012779 0.000000 0.019321 0.994259 -0.105246 14.178300 -0.010803 0.105467 0.994364 0.000000 0.000000 0.000000 0.000000 1.000000
0.999544 -0.019730 0.022852 0.000000 0.022101 0.993836 -0.108636 14.178300 -0.020568 0.109091 0.993819 0.000000 0.000000 0.000000 0.000000 1.000000</float_array>
        <technique_common>
          <accessor source="#mixamorig_Spine2-Matrix-animation-output-transform-array" count="32" stride="16">
            <param type="float4x4"/>
          </accessor>
        </technique_common>
      </source>
      <source id="mixamorig_Spine2-Interpolations">
        <Name_array id="mixamorig_Spine2-Interpolations-array" count="32">
 LINEAR LINEAR LINEAR LINEAR LINEAR LINEAR LINEAR LINEAR LINEAR LINEAR LINEAR
LINEAR LINEAR LINEAR LINEAR LINEAR LINEAR LINEAR LINEAR LINEAR LINEAR LINEAR LINEAR
LINEAR LINEAR LINEAR LINEAR LINEAR LINEAR LINEAR LINEAR LINEAR</Name_array>
        <technique_common>
          <accessor source="#mixamorig_Spine2-Interpolations-array" count="32">
            <param type="name"/>
          </accessor>
        </technique_common>
      </source>
      <sampler id="mixamorig_Spine2-Matrix-animation-transform">
        <input semantic="INPUT" source="#mixamorig_Spine2-Matrix-animation-input"/>
        <input semantic="OUTPUT" source="#mixamorig_Spine2-Matrix-animation-output-transform"/>
        <input semantic="INTERPOLATION" source="#mixamorig_Spine2-Interpolations"/>
      </sampler>
      <channel source="#mixamorig_Spine2-Matrix-animation-transform" target="mixamorig_Spine2/matrix"/>
    </animation>
    <animation id="mixamorig_Neck-anim" name="mixamorig_Neck">
      <source id="mixamorig_Neck-Matrix-animation-input">
        <float_array id="mixamorig_Neck-Matrix-animation-input-array" count="32">

0.000000 0.033333 0.066667 0.100000 0.133333 0.166667 0.200000 0.233333 0.266667 0.300000 0.333333 0.366667 0.400000 0.433333 0.466667 0.500000
0.533333 0.566667 0.600000 0.633333 0.666667 0.700000 0.733333 0.766667 0.800000 0.833333 0.866667 0.900000 0.933333 0.966667 1.000000 1.033333</float_array>
        <technique_common>
          <accessor source="#mixamorig_Neck-Matrix-animation-input-array" count="32">
            <param name="TIME" type="float"/>
          </accessor>
        </technique_common>
      </source>
      <source id="mixamorig_Neck-Matrix-animation-output-transform">
        <float_array id="mixamorig_Neck-Matrix-animation-output-transform-array" count="512">

0.985070 0.027000 0.170026 0.024400 -0.032878 0.998952 0.031849 15.862300 -0.168988 -0.036964 0.984925 -1.675800 0.000000 0.000000 0.000000 1.000000
0.987203 0.075379 0.140528 0.024400 -0.073423 0.997119 -0.019061 15.862300 -0.141560 0.008499 0.989893 -1.675800 0.000000 0.000000 0.000000 1.000000
0.985813 0.124786 0.112253 0.024400 -0.117714 0.990745 -0.067586 15.862300 -0.119648 0.053413 0.991379 -1.675800 0.000000 0.000000 0.000000 1.000000
0.981150 0.170733 0.090528 0.024400 -0.160554 0.980896 -0.109842 15.862300 -0.107552 0.093237 0.989818 -1.675800 0.000000 0.000000 0.000000 1.000000
0.974789 0.205498 0.086934 0.024400 -0.191853 0.970848 -0.143686 15.862300 -0.113927 0.123385 0.985798 -1.675800 0.000000 0.000000 0.000000 1.000000
0.968228 0.234270 0.087472 0.024400 -0.217053 0.961019 -0.171262 15.862300 -0.124184 0.146835 0.981335 -1.675800 0.000000 0.000000 0.000000 1.000000
0.963004 0.245446 0.111261 0.024400 -0.222281 0.956882 -0.186997 15.862300 -0.152362 0.155348 0.976039 -1.675800 0.000000 0.000000 0.000000 1.000000
0.959564 0.249827 0.129703 0.024400 -0.223500 0.956305 -0.188493 15.862300 -0.171126 0.151883 0.973472 -1.675800 0.000000 0.000000 0.000000 1.000000
0.959058 0.244088 0.143625 0.024400 -0.219534 0.961124 -0.167468 15.862300 -0.178918 0.129081 0.975360 -1.675800 0.000000 0.000000 0.000000 1.000000
0.959387 0.236926 0.153111 0.024400 -0.215052 0.965540 -0.146580 15.862300 -0.182563 0.107700 0.977278 -1.675800 0.000000 0.000000 0.000000 1.000000
0.957270 0.239661 0.161854 0.024400 -0.215298 0.964259 -0.154439 15.862300 -0.193082 0.112993 0.974655 -1.675800 0.000000 0.000000 0.000000 1.000000
0.954275 0.244353 0.172193 0.024400 -0.215406 0.961496 -0.170664 15.862300 -0.207265 0.125769 0.970167 -1.675800 0.000000 0.000000 0.000000 1.000000
0.951448 0.248808 0.181222 0.024400 -0.215165 0.958610 -0.186468 15.862300 -0.220116 0.138422 0.965603 -1.675800 0.000000 0.000000 0.000000 1.000000
0.949552 0.252603 0.185857 0.024400 -0.215743 0.956276 -0.197460 15.862300 -0.227609 0.147402 0.962531 -1.675800 0.000000 0.000000 0.000000 1.000000
0.948159 0.256269 0.187940 0.024400 -0.217125 0.954215 -0.205743 15.862300 -0.232061 0.154271 0.960390 -1.675800 0.000000 0.000000 0.000000 1.000000
0.946907 0.259977 0.189154 0.024400 -0.218862 0.952202 -0.213099 15.862300 -0.235514 0.160387 0.958545 -1.675800 0.000000 0.000000 0.000000 1.000000
0.945812 0.263548 0.189689 0.024400 -0.220774 0.950301 -0.219513 15.862300 -0.238114 0.165740 0.956991 -1.675800 0.000000 0.000000 0.000000 1.000000
0.944892 0.266798 0.189731 0.024400 -0.222669 0.948584 -0.224960 15.862300 -0.239995 0.170315 0.955717 -1.675800 0.000000 0.000000 0.000000 1.000000
0.944165 0.269545 0.189469 0.024400 -0.224350 0.947120 -0.229415 15.862300 -0.241288 0.174098 0.954709 -1.675800 0.000000 0.000000 0.000000 1.000000
0.943651 0.271604 0.189087 0.024400 -0.225614 0.945978 -0.232859 15.862300 -0.242118 0.177077 0.953951 -1.675800 0.000000 0.000000 0.000000 1.000000
0.943433 0.272571 0.188781 0.024400 -0.226136 0.945362 -0.234846 15.862300 -0.242478 0.178871 0.953525 -1.675800 0.000000 0.000000 0.000000 1.000000
0.943920 0.270873 0.188792 0.024400 -0.224973 0.946167 -0.232713 15.862300 -0.241664 0.177189 0.954045 -1.675800 0.000000 0.000000 0.000000 1.000000
0.946708 0.260387 0.189585 0.024400 -0.218706 0.951785 -0.215110 15.862300 -0.236456 0.162183 0.958011 -1.675800 0.000000 0.000000 0.000000 1.000000
0.953558 0.232531 0.191458 0.024400 -0.202017 0.965193 -0.166107 15.862300 -0.223419 0.119715 0.967343 -1.675800 0.000000 0.000000 0.000000 1.000000
0.961546 0.194756 0.193646 0.024400 -0.177958 0.978859 -0.100825 15.862300 -0.209189 0.062487 0.975877 -1.675800 0.000000 0.000000 0.000000 1.000000
0.968736 0.152772 0.195479 0.024400 -0.149449 0.988260 -0.031730 15.862300 -0.198032 0.001524 0.980194 -1.675800 0.000000 0.000000 0.000000 1.000000
0.974192 0.111454 0.196287 0.024400 -0.119642 0.992354 0.030323 15.862300 -0.191407 -0.053024 0.980077 -1.675800 0.000000 0.000000 0.000000 1.000000
0.977598 0.080198 0.194604 0.024400 -0.094602 0.993333 0.065876 15.862300 -0.188023 -0.082810 0.978667 -1.675800 0.000000 0.000000 0.000000 1.000000
0.979956 0.055556 0.191312 0.024400 -0.072776 0.993789 0.084187 15.862300 -0.185447 -0.096423 0.977912 -1.675800 0.000000 0.000000 0.000000 1.000000
0.981772 0.038257 0.186172 0.024400 -0.054793 0.994916 0.084498 15.862300 -0.181993 -0.093159 0.978877 -1.675800 0.000000 0.000000 0.000000 1.000000
0.983489 0.032733 0.177984 0.024400 -0.043512 0.997426 0.056999 15.862300 -0.175660 -0.063802 0.982381 -1.675800 0.000000 0.000000 0.000000 1.000000
0.985070 0.027000 0.170026 0.024400 -0.032878 0.998952 0.031849 15.862300 -0.168988 -0.036964 0.984925 -1.675800 0.000000 0.000000 0.000000 1.000000</float_array>
        <technique_common>
          <accessor source="#mixamorig_Neck-Matrix-animation-output-transform-array" count="32" stride="16">
            <param type="float4x4"/>
          </accessor>
        </technique_common>
      </source>
      <source id="mixamorig_Neck-Interpolations">
        <Name_array id="mixamorig_Neck-Interpolations-array" count="32">
 LINEAR LINEAR LINEAR LINEAR LINEAR LINEAR LINEAR LINEAR LINEAR LINEAR LINEAR
LINEAR LINEAR LINEAR LINEAR LINEAR LINEAR LINEAR LINEAR LINEAR LINEAR LINEAR LINEAR
LINEAR LINEAR LINEAR LINEAR LINEAR LINEAR LINEAR LINEAR LINEAR</Name_array>
        <technique_common>
          <accessor source="#mixamorig_Neck-Interpolations-array" count="32">
            <param type="name"/>
          </accessor>
        </technique_common>
      </source>
      <sampler id="mixamorig_Neck-Matrix-animation-transform">
        <input semantic="INPUT" source="#mixamorig_Neck-Matrix-animation-input"/>
        <input semantic="OUTPUT" source="#mixamorig_Neck-Matrix-animation-output-transform"/>
        <input semantic="INTERPOLATION" source="#mixamorig_Neck-Interpolations"/>
      </sampler>
      <channel source="#mixamorig_Neck-Matrix-animation-transform" target="mixamorig_Neck/matrix"/>
    </animation>
    <animation id="mixamorig_Head-anim" name="mixamorig_Head">
      <source id="mixamorig_Head-Matrix-animation-input">
        <float_array id="mixamorig_Head-Matrix-animation-input-array" count="32">

0.000000 0.033333 0.066667 0.100000 0.133333 0.166667 0.200000 0.233333 0.266667 0.300000 0.333333 0.366667 0.400000 0.433333 0.466667 0.500000
0.533333 0.566667 0.600000 0.633333 0.666667 0.700000 0.733333 0.766667 0.800000 0.833333 0.866667 0.900000 0.933333 0.966667 1.000000 1.033333</float_array>
        <technique_common>
          <accessor source="#mixamorig_Head-Matrix-animation-input-array" count="32">
            <param name="TIME" type="float"/>
          </accessor>
        </technique_common>
      </source>
      <source id="mixamorig_Head-Matrix-animation-output-transform">
        <float_array id="mixamorig_Head-Matrix-animation-output-transform-array" count="512">

0.912383 0.079624 0.401518 -0.000000 -0.112642 0.991866 0.059267 5.564000 -0.393533 -0.099302 0.913932 0.988100 0.000000 0.000000 0.000000 1.000000
0.913539 0.035539 0.405195 0.000000 -0.089925 0.989172 0.115983 5.564000 -0.396685 -0.142392 0.906844 0.988100 0.000000 0.000000 0.000000 1.000000
0.913009 -0.009691 0.407825 0.000000 -0.067298 0.982442 0.174008 5.564000 -0.402351 -0.186317 0.896326 0.988100 0.000000 0.000000 0.000000 1.000000
0.910699 -0.051279 0.409876 0.000000 -0.047141 0.972880 0.226458 5.564000 -0.410372 -0.225557 0.883583 0.988100 0.000000 0.000000 0.000000 1.000000
0.905140 -0.082362 0.417059 -0.000000 -0.033111 0.964414 0.262315 5.564000 -0.423822 -0.251241 0.870203 0.988100 0.000000 0.000000 0.000000 1.000000
0.901617 -0.103961 0.419857 0.000000 -0.022322 0.958209 0.285198 5.564000 -0.431960 -0.266512 0.861616 0.988100 0.000000 0.000000 0.000000 1.000000
0.895110 -0.113044 0.431275 0.000000 -0.018296 0.957194 0.288870 5.564000 -0.445469 -0.266461 0.854726 0.988100 0.000000 0.000000 0.000000 1.000000
0.890744 -0.125537 0.436825 0.000000 -0.012743 0.953823 0.300099 5.564000 -0.454328 -0.272878 0.848012 0.988100 0.000000 0.000000 0.000000 1.000000
0.885427 -0.152803 0.438943 0.000000 -0.003259 0.942348 0.334620 5.564000 -0.464767 -0.297712 0.833882 0.988100 0.000000 0.000000 0.000000 1.000000
0.880346 -0.172831 0.441725 -0.000000 0.000923 0.931878 0.362771 5.564000 -0.474332 -0.318956 0.820534 0.988100 0.000000 0.000000 0.000000 1.000000
0.875821 -0.168397 0.452305 -0.000000 -0.005784 0.933427 0.358722 5.564000 -0.482602 -0.316792 0.816540 0.988100 0.000000 0.000000 0.000000 1.000000
0.870246 -0.158068 0.466568 0.000000 -0.015116 0.938108 0.346013 5.564000 -0.492385 -0.308170 0.813995 0.988100 0.000000 0.000000 0.000000 1.000000
0.865047 -0.147883 0.479399 0.000000 -0.023401 0.942634 0.333006 5.564000 -0.501144 -0.299284 0.811963 0.988100 0.000000 0.000000 0.000000 1.000000
0.862180 -0.140250 0.486801 -0.000000 -0.028836 0.945770 0.323554 5.564000 -0.505781 -0.292999 0.811380 0.988100 0.000000 0.000000 0.000000 1.000000
0.860778 -0.133826 0.491072 -0.000000 -0.032918 0.948158 0.316091 5.564000 -0.507915 -0.288249 0.811748 0.988100 0.000000 0.000000 0.000000 1.000000
0.859875 -0.127778 0.494255 -0.000000 -0.036624 0.950234 0.309377 5.564000 -0.509190 -0.284126 0.812403 0.988100 0.000000 0.000000 0.000000 1.000000
0.859370 -0.122222 0.496533 -0.000000 -0.039907 0.952024 0.303410 5.564000 -0.509794 -0.280557 0.813264 0.988100 0.000000 0.000000 0.000000 1.000000
0.859164 -0.117268 0.498081 0.000000 -0.042708 0.953556 0.298174 5.564000 -0.509914 -0.277453 0.814253 0.988100 0.000000 0.000000 0.000000 1.000000
0.859156 -0.113026 0.499075 -0.000000 -0.044961 0.954856 0.293646 5.564000 -0.509735 -0.274727 0.815289 0.988100 0.000000 0.000000 0.000000 1.000000
0.859243 -0.109604 0.499689 -0.000000 -0.046592 0.955953 0.289800 5.564000 -0.509442 -0.272290 0.816289 0.988100 0.000000 0.000000 0.000000 1.000000
0.859393 -0.107095 0.499975 0.000000 -0.047402 0.956922 0.286450 5.564000 -0.509114 -0.269873 0.817295 0.988100 0.000000 0.000000 0.000000 1.000000
0.859958 -0.105460 0.499350 0.000000 -0.046554 0.958130 0.282525 5.564000 -0.508237 -0.266207 0.819042 0.988100 0.000000 0.000000 0.000000 1.000000
0.862740 -0.104259 0.494783 0.000000 -0.040802 0.960967 0.273638 5.564000 -0.503999 -0.256267 0.824810 0.988100 0.000000 0.000000 0.000000 1.000000
0.870316 -0.102082 0.481799 0.000000 -0.026517 0.967150 0.252818 5.564000 -0.491780 -0.232807 0.839019 0.988100 0.000000 0.000000 0.000000 1.000000
0.880200 -0.097806 0.464416 -0.000000 -0.009937 0.974523 0.224068 5.564000 -0.474499 -0.201839 0.856803 0.988100 0.000000 0.000000 0.000000 1.000000
0.890535 -0.090507 0.445821 -0.000000 0.003925 0.981501 0.191417 5.564000 -0.454898 -0.168713 0.874416 0.988100 0.000000 0.000000 0.000000 1.000000
