<?xml version="1.0" encoding="utf-8"?>
<COLLADA xmlns="http://www.collada.org/2005/11/COLLADASchema" version="1.4.1">
  <asset>
    <contributor>
      <author>Mixamo</author>
      <authoring_tool>COLLADA Mixamo exporter</authoring_tool>
      <comments/>
    </contributor>
    <created>2022-12-10T03:33:59Z</created>
    <modified>2022-12-10T03:33:59Z</modified>
    <revision/>
    <title/>
    <unit meter="0.010000"/>
    <up_axis>Y_UP</up_axis>
  </asset>
  <library_animations>
    <animation id="mixamorig_Hips-anim" name="mixamorig_Hips">
      <source id="mixamorig_Hips-Matrix-animation-input">
        <float_array id="mixamorig_Hips-Matrix-animation-input-array" count="70">

0.000000 0.033333 0.066667 0.100000 0.133333 0.166667 0.200000 0.233333 0.266667 0.300000 0.333333 0.366667 0.400000 0.433333 0.466667 0.500000
0.533333 0.566667 0.600000 0.633333 0.666667 0.700000 0.733333 0.766667 0.800000 0.833333 0.866667 0.900000 0.933333 0.966667 1.000000 1.033333
1.066667 1.100000 1.133333 1.166667 1.200000 1.233333 1.266667 1.300000 1.333333 1.366667 1.400000 1.433333 1.466667 1.500000 1.533333 1.566667
1.600000 1.633333 1.666667 1.700000 1.733333 1.766667 1.800000 1.833333 1.866667 1.900000 1.933333 1.966667 2.000000 2.033333 2.066667 2.100000
2.133333 2.166667 2.200000 2.233333 2.266667 2.300000</float_array>
        <technique_common>
          <accessor source="#mixamorig_Hips-Matrix-animation-input-array" count="70">
            <param name="TIME" type="float"/>
          </accessor>
        </technique_common>
      </source>
      <source id="mixamorig_Hips-Matrix-animation-output-transform">
        <float_array id="mixamorig_Hips-Matrix-animation-output-transform-array" count="1120">

0.582187 -0.121237 -0.803965 -0.024756 -0.014364 0.987132 -0.159259 80.561188 0.812928 0.104266 0.572954 0.029964 0.000000 0.000000 0.000000 1.000000
0.615002 -0.115049 -0.780087 0.254426 -0.003923 0.988840 -0.148929 79.739235 0.788516 0.094652 0.607687 -3.801171 0.000000 0.000000 0.000000 1.000000
0.674112 -0.063937 -0.735856 -0.277252 0.014744 0.997213 -0.073138 79.208107 0.738482 0.038454 0.673176 -7.499911 0.000000 0.000000 0.000000 1.000000
0.753550 0.040866 -0.656119 -1.450226 0.026641 0.995348 0.092592 79.192322 0.656851 -0.087253 0.748955 -10.725152 0.000000 0.000000 0.000000 1.000000
0.812994 0.099410 -0.573724 -2.420274 0.028457 0.977357 0.209673 79.875023 0.581577 -0.186789 0.791756 -13.550928 0.000000 0.000000 0.000000 1.000000
0.819261 0.119238 -0.560887 -3.412144 0.044548 0.961951 0.269567 81.122597 0.571688 -0.245832 0.782777 -15.806271 0.000000 0.000000 0.000000 1.000000
0.812519 0.119442 -0.570567 -3.999265 0.056379 0.958094 0.280852 82.177750 0.580203 -0.260366 0.771735 -17.286470 0.000000 0.000000 0.000000 1.000000
0.807766 0.113796 -0.578415 -4.472545 0.063370 0.958744 0.277119 83.193237 0.586087 -0.260502 0.767229 -18.537773 0.000000 0.000000 0.000000 1.000000
0.803443 0.105679 -0.585927 -4.851377 0.066340 0.962103 0.264495 84.049263 0.591674 -0.251377 0.765984 -19.601547 0.000000 0.000000 0.000000 1.000000
0.797586 0.098541 -0.595102 -5.173036 0.066950 0.966009 0.249688 84.695564 0.599478 -0.238990 0.763878 -20.579458 0.000000 0.000000 0.000000 1.000000
0.790884 0.091524 -0.605084 -5.467281 0.066510 0.970041 0.233660 85.269928 0.608342 -0.225042 0.761102 -21.527472 0.000000 0.000000 0.000000 1.000000
0.783802 0.084808 -0.615192 -5.727507 0.065279 0.973891 0.217428 85.773766 0.617570 -0.210579 0.757802 -22.449118 0.000000 0.000000 0.000000 1.000000
0.776836 0.078648 -0.624772 -5.954485 0.063529 0.977319 0.202019 86.207733 0.626490 -0.196627 0.754220 -23.347734 0.000000 0.000000 0.000000 1.000000
0.770491 0.073325 -0.633219 -6.161045 0.061613 0.980145 0.188468 86.574203 0.634466 -0.184227 0.750675 -24.226967 0.000000 0.000000 0.000000 1.000000
0.765292 0.069173 -0.639956 -6.359504 0.059900 0.982241 0.177803 86.874542 0.640890 -0.174404 0.747558 -25.089828 0.000000 0.000000 0.000000 1.000000
0.761768 0.066545 -0.644423 -6.562543 0.058783 0.983508 0.171047 87.111465 0.645177 -0.168180 0.745293 -25.939674 0.000000 0.000000 0.000000 1.000000
0.760252 0.066097 -0.646257 -6.764647 0.058102 0.983905 0.168981 87.249947 0.647025 -0.166017 0.744176 -26.765434 0.000000 0.000000 0.000000 1.000000
0.760452 0.067969 -0.645828 -6.949194 0.057399 0.983580 0.171100 87.263046 0.646853 -0.167183 0.744064 -27.554783 0.000000 0.000000 0.000000 1.000000
0.761271 0.070504 -0.644589 -7.104554 0.057291 0.982870 0.175167 87.188034 0.645898 -0.170279 0.744192 -28.301777 0.000000 0.000000 0.000000 1.000000
0.761027 0.071420 -0.644777 -7.213009 0.057534 0.982574 0.176744 87.100029 0.646164 -0.171603 0.743656 -28.984970 0.000000 0.000000 0.000000 1.000000
0.760307 0.071608 -0.645605 -7.306998 0.058029 0.982443 0.177308 87.007248 0.646967 -0.172272 0.742803 -29.644724 0.000000 0.000000 0.000000 1.000000
0.759238 0.071028 -0.646925 -7.397086 0.060383 0.982051 0.178690 86.893478 0.648005 -0.174732 0.741322 -30.309446 0.000000 0.000000 0.000000 1.000000
0.757938 0.069648 -0.648598 -7.494251 0.066211 0.980935 0.182707 86.742592 0.648958 -0.181425 0.738877 -31.007891 0.000000 0.000000 0.000000 1.000000
0.756371 0.067479 -0.650653 -7.610260 0.076491 0.978718 0.190421 86.545502 0.649656 -0.193798 0.735112 -31.758017 0.000000 0.000000 0.000000 1.000000
0.753556 0.064800 -0.654182 -7.753827 0.087411 0.976417 0.197408 86.353844 0.651546 -0.205941 0.730120 -32.477844 0.000000 0.000000 0.000000 1.000000
0.749291 0.061768 -0.659354 -7.903984 0.097541 0.974488 0.202135 86.120895 0.655018 -0.215772 0.724150 -33.193161 0.000000 0.000000 0.000000 1.000000
0.743799 0.058442 -0.665843 -8.033391 0.107172 0.972854 0.205108 85.764313 0.659755 -0.223919 0.717345 -33.974407 0.000000 0.000000 0.000000 1.000000
0.737307 0.054871 -0.673326 -8.117535 0.116598 0.971402 0.206840 85.223602 0.665420 -0.231013 0.709824 -34.876984 0.000000 0.000000 0.000000 1.000000
0.730044 0.051095 -0.681487 -8.173349 0.126130 0.969996 0.207843 84.691574 0.671660 -0.237690 0.701696 -35.780807 0.000000 0.000000 0.000000 1.000000
0.722246 0.047172 -0.690025 -8.214095 0.136064 0.968484 0.208627 84.175095 0.678120 -0.244567 0.693066 -36.679050 0.000000 0.000000 0.000000 1.000000
0.714153 0.043161 -0.698657 -8.242963 0.146721 0.966696 0.209694 83.574211 0.684440 -0.252261 0.684037 -37.636166 0.000000 0.000000 0.000000 1.000000
0.706011 0.039134 -0.707119 -8.252274 0.158418 0.964444 0.211544 82.791580 0.690255 -0.261373 0.674709 -38.714878 0.000000 0.000000 0.000000 1.000000
0.698072 0.035184 -0.715163 -8.235303 0.171463 0.961519 0.214668 81.728752 0.695195 -0.272478 0.665176 -39.977230 0.000000 0.000000 0.000000 1.000000
0.690589 0.031390 -0.722565 -8.214813 0.186189 0.957669 0.219553 80.286568 0.698870 -0.286155 0.655512 -41.485435 0.000000 0.000000 0.000000 1.000000
0.683825 0.027830 -0.729115 -8.215809 0.202927 0.952594 0.226682 78.383934 0.700859 -0.302968 0.645761 -43.289055 0.000000 0.000000 0.000000 1.000000
0.678046 0.024553 -0.734609 -8.276226 0.222016 0.945917 0.236538 76.241325 0.700687 -0.323479 0.635924 -45.241730 0.000000 0.000000 0.000000 1.000000
0.673524 0.021582 -0.738851 -8.412835 0.243781 0.937161 0.249601 73.938950 0.697808 -0.348230 0.625939 -47.297901 0.000000 0.000000 0.000000 1.000000
0.670527 0.018910 -0.741644 -8.608248 0.268490 0.925728 0.266348 71.418800 0.691597 -0.377717 0.615649 -49.504635 0.000000 0.000000 0.000000 1.000000
0.669328 0.016515 -0.742783 -8.838783 0.296291 0.910880 0.287243 68.624634 0.681331 -0.412340 0.604785 -51.904625 0.000000 0.000000 0.000000 1.000000
0.670201 0.014322 -0.742041 -9.080586 0.327194 0.891709 0.312728 65.500710 0.666164 -0.452382 0.592939 -54.539288 0.000000 0.000000 0.000000 1.000000
0.673402 0.012069 -0.739178 -9.314655 0.361169 0.867052 0.343188 61.983593 0.645048 -0.498072 0.579515 -57.451469 0.000000 0.000000 0.000000 1.000000
0.679157 0.009493 -0.733931 -9.520579 0.397790 0.835578 0.378910 58.012833 0.616854 -0.549290 0.563713 -60.681751 0.000000 0.000000 0.000000 1.000000
0.687640 0.006221 -0.726025 -9.676460 0.436266 0.795774 0.420019 53.528416 0.580365 -0.605562 0.544492 -64.267151 0.000000 0.000000 0.000000 1.000000
0.701753 0.000985 -0.712420 -9.738793 0.479330 0.739154 0.473174 48.173386 0.527054 -0.673535 0.518232 -68.454926 0.000000 0.000000 0.000000 1.000000
0.729243 -0.008947 -0.684196 -9.603071 0.531990 0.636276 0.558695 40.692268 0.430339 -0.771410 0.468759 -74.183998 0.000000 0.000000 0.000000 1.000000
0.754311 -0.016543 -0.656309 -9.424716 0.569514 0.513806 0.641605 33.304722 0.326601 -0.857747 0.396992 -79.933853 0.000000 0.000000 0.000000 1.000000
0.774574 -0.015003 -0.632305 -9.188914 0.589811 0.378119 0.713547 26.373220 0.228381 -0.925636 0.301730 -85.543007 0.000000 0.000000 0.000000 1.000000
0.789405 0.003697 -0.613861 -8.883917 0.595735 0.236668 0.767521 20.349630 0.148119 -0.971584 0.184625 -90.832573 0.000000 0.000000 0.000000 1.000000
0.800472 0.040501 -0.598001 -8.463121 0.592050 0.102027 0.799417 15.859941 0.093390 -0.993957 0.057691 -95.562546 0.000000 0.000000 0.000000 1.000000
0.833654 0.046809 -0.550300 -7.535642 0.550528 0.009044 0.834768 14.565397 0.044052 -0.998863 -0.018231 -98.982384 0.000000 0.000000 0.000000 1.000000
0.875009 0.040048 -0.482448 -6.300803 0.484081 -0.062137 0.872814 14.248759 0.004977 -0.997264 -0.073757 -101.897446 0.000000 0.000000 0.000000 1.000000
0.893576 0.019543 -0.448487 -4.761798 0.448290 -0.091422 0.889201 15.301775 -0.023624 -0.995620 -0.090453 -104.350792 0.000000 0.000000 0.000000 1.000000
0.904474 -0.003952 -0.426511 -3.143311 0.423649 -0.107683 0.899403 16.707640 -0.049483 -0.994177 -0.095722 -106.656174 0.000000 0.000000 0.000000 1.000000
0.912635 -0.025298 -0.407992 -1.531053 0.402306 -0.121290 0.907435 18.102901 -0.072442 -0.992295 -0.100516 -108.807373 0.000000 0.000000 0.000000 1.000000
0.919740 -0.034632 -0.390998 -0.057120 0.383036 -0.138562 0.913282 18.962238 -0.085807 -0.989748 -0.114176 -110.410179 0.000000 0.000000 0.000000 1.000000
0.929108 -0.045533 -0.366994 1.200632 0.356941 -0.149078 0.922154 19.057150 -0.096700 -0.987777 -0.122257 -111.530777 0.000000 0.000000 0.000000 1.000000
0.939079 -0.063335 -0.337814 2.065595 0.325111 -0.155170 0.932858 18.334419 -0.111502 -0.985855 -0.125126 -112.323631 0.000000 0.000000 0.000000 1.000000
0.950874 -0.082066 -0.298504 2.644499 0.282296 -0.165946 0.944866 17.097851 -0.127077 -0.982714 -0.134627 -112.903061 0.000000 0.000000 0.000000 1.000000
0.961384 -0.100880 -0.256054 3.094306 0.235831 -0.177605 0.955427 15.689590 -0.141860 -0.978918 -0.146956 -113.387596 0.000000 0.000000 0.000000 1.000000
0.969036 -0.117812 -0.217000 3.440188 0.192846 -0.187738 0.963102 14.349312 -0.154204 -0.975128 -0.159205 -113.812027 0.000000 0.000000 0.000000 1.000000
0.973442 -0.130623 -0.188012 3.709207 0.160812 -0.194371 0.967657 13.314167 -0.162942 -0.972192 -0.168203 -114.211929 0.000000 0.000000 0.000000 1.000000
0.974932 -0.137240 -0.175139 3.902870 0.146473 -0.196662 0.969469 12.787155 -0.167493 -0.970819 -0.171630 -114.589401 0.000000 0.000000 0.000000 1.000000
0.974352 -0.138002 -0.177747 3.945769 0.148868 -0.197042 0.969027 12.694515 -0.168751 -0.970634 -0.171444 -114.815758 0.000000 0.000000 0.000000 1.000000
0.972594 -0.134412 -0.189721 3.889001 0.161701 -0.195304 0.967320 12.857948 -0.167072 -0.971488 -0.168217 -114.930405 0.000000 0.000000 0.000000 1.000000
0.970327 -0.128379 -0.204901 3.796964 0.178604 -0.190683 0.965267 13.104906 -0.162991 -0.973221 -0.162096 -114.990639 0.000000 0.000000 0.000000 1.000000
0.968452 -0.121938 -0.217329 3.734604 0.193352 -0.182505 0.964006 13.256767 -0.157213 -0.975614 -0.153170 -115.044983 0.000000 0.000000 0.000000 1.000000
0.968518 -0.115245 -0.220661 3.715272 0.200180 -0.166393 0.965527 13.101326 -0.147989 -0.979302 -0.138085 -115.101585 0.000000 0.000000 0.000000 1.000000
0.970390 -0.110374 -0.214849 3.745892 0.197684 -0.148205 0.968998 12.709183 -0.138794 -0.982778 -0.121997 -115.109161 0.000000 0.000000 0.000000 1.000000
0.971469 -0.101523 -0.214339 3.764557 0.199446 -0.139316 0.969955 12.473285 -0.128334 -0.985030 -0.115093 -115.168015 0.000000 0.000000 0.000000 1.000000
0.969166 -0.089685 -0.229508 3.758003 0.216160 -0.137684 0.966601 12.634369 -0.118289 -0.986407 -0.114053 -115.237770 0.000000 0.000000 0.000000 1.000000</float_array>
        <technique_common>
          <accessor source="#mixamorig_Hips-Matrix-animation-output-transform-array" count="70" stride="16">
            <param type="float4x4"/>
          </accessor>
        </technique_common>
      </source>
      <source id="mixamorig_Hips-Interpolations">
        <Name_array id="mixamorig_Hips-Interpolations-array" count="70">
 LINEAR LINEAR LINEAR LINEAR LINEAR LINEAR LINEAR LINEAR LINEAR LINEAR LINEAR
LINEAR LINEAR LINEAR LINEAR LINEAR LINEAR LINEAR LINEAR LINEAR LINEAR LINEAR LINEAR
LINEAR LINEAR LINEAR LINEAR LINEAR LINEAR LINEAR LINEAR LINEAR LINEAR LINEAR LINEAR
LINEAR LINEAR LINEAR LINEAR LINEAR LINEAR LINEAR LINEAR LINEAR LINEAR LINEAR LINEAR
LINEAR LINEAR LINEAR LINEAR LINEAR LINEAR LINEAR LINEAR LINEAR LINEAR LINEAR LINEAR
LINEAR LINEAR LINEAR LINEAR LINEAR LINEAR LINEAR LINEAR LINEAR LINEAR LINEAR</Name_array>
        <technique_common>
          <accessor source="#mixamorig_Hips-Interpolations-array" count="70">
            <param type="name"/>
          </accessor>
        </technique_common>
      </source>
      <sampler id="mixamorig_Hips-Matrix-animation-transform">
        <input semantic="INPUT" source="#mixamorig_Hips-Matrix-animation-input"/>
        <input semantic="OUTPUT" source="#mixamorig_Hips-Matrix-animation-output-transform"/>
        <input semantic="INTERPOLATION" source="#mixamorig_Hips-Interpolations"/>
      </sampler>
      <channel source="#mixamorig_Hips-Matrix-animation-transform" target="mixamorig_Hips/matrix"/>
    </animation>
    <animation id="mixamorig_Spine-anim" name="mixamorig_Spine">
      <source id="mixamorig_Spine-Matrix-animation-input">
        <float_array id="mixamorig_Spine-Matrix-animation-input-array" count="70">

0.000000 0.033333 0.066667 0.100000 0.133333 0.166667 0.200000 0.233333 0.266667 0.300000 0.333333 0.366667 0.400000 0.433333 0.466667 0.500000
0.533333 0.566667 0.600000 0.633333 0.666667 0.700000 0.733333 0.766667 0.800000 0.833333 0.866667 0.900000 0.933333 0.966667 1.000000 1.033333
1.066667 1.100000 1.133333 1.166667 1.200000 1.233333 1.266667 1.300000 1.333333 1.366667 1.400000 1.433333 1.466667 1.500000 1.533333 1.566667
1.600000 1.633333 1.666667 1.700000 1.733333 1.766667 1.800000 1.833333 1.866667 1.900000 1.933333 1.966667 2.000000 2.033333 2.066667 2.100000
2.133333 2.166667 2.200000 2.233333 2.266667 2.300000</float_array>
        <technique_common>
          <accessor source="#mixamorig_Spine-Matrix-animation-input-array" count="70">
            <param name="TIME" type="float"/>
          </accessor>
        </technique_common>
      </source>
      <source id="mixamorig_Spine-Matrix-animation-output-transform">
        <float_array id="mixamorig_Spine-Matrix-animation-output-transform-array" count="1120">

0.996514 0.049267 0.067321 0.017300 -0.047752 0.998572 -0.023939 10.574800 -0.068404 0.020641 0.997444 -1.117200 0.000000 0.000000 0.000000 1.000000
0.995899 0.059967 0.067741 0.017300 -0.058013 0.997851 -0.030454 10.574800 -0.069421 0.026399 0.997238 -1.117200 0.000000 0.000000 0.000000 1.000000
0.995047 0.077449 0.062310 0.017300 -0.073463 0.995249 -0.063895 10.574800 -0.066962 0.059001 0.996010 -1.117200 0.000000 0.000000 0.000000 1.000000
0.994255 0.090324 0.057434 0.017300 -0.081422 0.986522 -0.141930 10.574800 -0.069479 0.136439 0.988209 -1.117200 0.000000 0.000000 0.000000 1.000000
0.994648 0.095649 0.039072 0.017300 -0.088343 0.983406 -0.158453 10.574800 -0.053579 0.154153 0.986593 -1.117200 0.000000 0.000000 0.000000 1.000000
0.994590 0.091554 0.049068 0.017300 -0.085617 0.990032 -0.111834 10.574800 -0.058818 0.107028 0.992515 -1.117200 0.000000 0.000000 0.000000 1.000000
0.995277 0.078068 0.057698 0.017300 -0.074269 0.995098 -0.065293 10.574800 -0.062513 0.060700 0.996197 -1.117200 0.000000 0.000000 0.000000 1.000000
0.996285 0.060497 0.061286 0.017300 -0.059288 0.998012 -0.021355 10.574800 -0.062457 0.017642 0.997892 -1.117200 0.000000 0.000000 0.000000 1.000000
0.997216 0.041895 0.061685 0.017300 -0.042853 0.998979 0.014295 10.574800 -0.061024 -0.016899 0.997993 -1.117200 0.000000 0.000000 0.000000 1.000000
0.997845 0.024168 0.060996 0.017300 -0.026610 0.998863 0.039547 10.574800 -0.059971 -0.041084 0.997354 -1.117200 0.000000 0.000000 0.000000 1.000000
0.998180 0.006476 0.059956 0.017300 -0.010155 0.998070 0.061268 10.574800 -0.059443 -0.061765 0.996319 -1.117200 0.000000 0.000000 0.000000 1.000000
0.998227 -0.010621 0.058565 0.017300 0.005951 0.996828 0.079358 10.574800 -0.059222 -0.078869 0.995124 -1.117200 0.000000 0.000000 0.000000 1.000000
0.998031 -0.026600 0.056803 0.017300 0.021194 0.995372 0.093728 10.574800 -0.059033 -0.092340 0.993976 -1.117200 0.000000 0.000000 0.000000 1.000000
0.997666 -0.040909 0.054670 0.017300 0.035041 0.993929 0.104295 10.574800 -0.058605 -0.102135 0.993043 -1.117200 0.000000 0.000000 0.000000 1.000000
0.997230 -0.053023 0.052158 0.017300 0.046978 0.992711 0.110982 10.574800 -0.057662 -0.108224 0.992453 -1.117200 0.000000 0.000000 0.000000 1.000000
0.996834 -0.062413 0.049260 0.017300 0.056485 0.991906 0.113721 10.574800 -0.055959 -0.110578 0.992291 -1.117200 0.000000 0.000000 0.000000 1.000000
0.996726 -0.065924 0.046814 0.017300 0.060477 0.992143 0.109518 10.574800 -0.053666 -0.106328 0.992882 -1.117200 0.000000 0.000000 0.000000 1.000000
0.996705 -0.067910 0.044353 0.017300 0.063041 0.992658 0.103223 10.574800 -0.051038 -0.100086 0.993669 -1.117200 0.000000 0.000000 0.000000 1.000000
0.996741 -0.068973 0.041840 0.017300 0.064724 0.993315 0.095581 10.574800 -0.048153 -0.092561 0.994542 -1.117200 0.000000 0.000000 0.000000 1.000000
0.996828 -0.069198 0.039325 0.017300 0.065582 0.994065 0.086793 10.574800 -0.045098 -0.083939 0.995450 -1.117200 0.000000 0.000000 0.000000 1.000000
0.996958 -0.068674 0.036855 0.017300 0.065681 0.994861 0.077060 10.574800 -0.041958 -0.074405 0.996345 -1.117200 0.000000 0.000000 0.000000 1.000000
0.997124 -0.067490 0.034472 0.017300 0.065088 0.995656 0.066583 10.574800 -0.038816 -0.064148 0.997185 -1.117200 0.000000 0.000000 0.000000 1.000000
0.997317 -0.065731 0.032221 0.017300 0.063876 0.996410 0.055562 10.574800 -0.035757 -0.053355 0.997935 -1.117200 0.000000 0.000000 0.000000 1.000000
0.997528 -0.063401 0.030294 0.017300 0.062026 0.997089 0.044353 10.574800 -0.033018 -0.042364 0.998557 -1.117200 0.000000 0.000000 0.000000 1.000000
0.997751 -0.060635 0.028585 0.017300 0.059682 0.997669 0.033095 10.574800 -0.030525 -0.031314 0.999043 -1.117200 0.000000 0.000000 0.000000 1.000000
0.997973 -0.057735 0.026767 0.017300 0.057164 0.998131 0.021610 10.574800 -0.027964 -0.020036 0.999408 -1.117200 0.000000 0.000000 0.000000 1.000000
0.998187 -0.054725 0.025075 0.017300 0.054483 0.998462 0.010208 10.574800 -0.025595 -0.008824 0.999633 -1.117200 0.000000 0.000000 0.000000 1.000000
0.998384 -0.051627 0.023748 0.017300 0.051661 0.998664 -0.000802 10.574800 -0.023675 0.002027 0.999718 -1.117200 0.000000 0.000000 0.000000 1.000000
0.998560 -0.048453 0.023023 0.017300 0.048718 0.998751 -0.011116 10.574800 -0.022455 0.012222 0.999673 -1.117200 0.000000 0.000000 0.000000 1.000000
0.998709 -0.045229 0.023136 0.017300 0.045704 0.998746 -0.020433 10.574800 -0.022183 0.021464 0.999523 -1.117200 0.000000 0.000000 0.000000 1.000000
0.998823 -0.041972 0.024325 0.017300 0.042659 0.998684 -0.028456 10.574800 -0.023099 0.029460 0.999299 -1.117200 0.000000 0.000000 0.000000 1.000000
0.998879 -0.038861 0.027040 0.017300 0.039782 0.998617 -0.034370 10.574800 -0.025667 0.035407 0.999043 -1.117200 0.000000 0.000000 0.000000 1.000000
0.998852 -0.036094 0.031489 0.017300 0.037271 0.998596 -0.037636 10.574800 -0.030086 0.038766 0.998795 -1.117200 0.000000 0.000000 0.000000 1.000000
0.998749 -0.033472 0.037140 0.017300 0.034927 0.998620 -0.039231 10.574800 -0.035776 0.040479 0.998540 -1.117200 0.000000 0.000000 0.000000 1.000000
0.998584 -0.030771 0.043406 0.017300 0.032523 0.998660 -0.040251 10.574800 -0.042109 0.041605 0.998246 -1.117200 0.000000 0.000000 0.000000 1.000000
0.998379 -0.027736 0.049693 0.017300 0.029825 0.998681 -0.041790 10.574800 -0.048469 0.043204 0.997890 -1.117200 0.000000 0.000000 0.000000 1.000000
0.998172 -0.024104 0.055416 0.017300 0.026610 0.998635 -0.044942 10.574800 -0.054257 0.046335 0.997451 -1.117200 0.000000 0.000000 0.000000 1.000000
0.998006 -0.019619 0.059988 0.017300 0.022681 0.998451 -0.050796 10.574800 -0.058899 0.052056 0.996906 -1.117200 0.000000 0.000000 0.000000 1.000000
0.997916 -0.014224 0.062934 0.017300 0.018024 0.998021 -0.060238 10.574800 -0.061953 0.061247 0.996198 -1.117200 0.000000 0.000000 0.000000 1.000000
0.997855 -0.009137 0.064822 0.017300 0.013826 0.997290 -0.072263 10.574800 -0.063986 0.073004 0.995277 -1.117200 0.000000 0.000000 0.000000 1.000000
0.997824 -0.003737 0.065826 0.017300 0.009449 0.996192 -0.086670 10.574800 -0.065251 0.087103 0.994060 -1.117200 0.000000 0.000000 0.000000 1.000000
0.997844 0.003584 0.065536 0.017300 0.003278 0.994541 -0.104298 10.574800 -0.065552 0.104287 0.992385 -1.117200 0.000000 0.000000 0.000000 1.000000
0.997875 0.014403 0.063550 0.017300 -0.006297 0.992017 -0.125950 10.574800 -0.064857 0.125282 0.989999 -1.117200 0.000000 0.000000 0.000000 1.000000
0.997762 0.031936 0.058744 0.017300 -0.022547 0.987806 -0.154052 10.574800 -0.062947 0.152382 0.986315 -1.117200 0.000000 0.000000 0.000000 1.000000
0.997090 0.057886 0.049615 0.017300 -0.047306 0.980096 -0.192808 10.574800 -0.059788 0.189900 0.979981 -1.117200 0.000000 0.000000 0.000000 1.000000
0.996230 0.075880 0.042040 0.017300 -0.064215 0.970901 -0.230711 10.574800 -0.058324 0.227142 0.972114 -1.117200 0.000000 0.000000 0.000000 1.000000
0.996293 0.077095 0.038153 0.017300 -0.064382 0.962472 -0.263633 10.574800 -0.057046 0.260200 0.963868 -1.117200 0.000000 0.000000 0.000000 1.000000
0.997869 0.051320 0.040296 0.017300 -0.037694 0.957490 -0.285992 10.574800 -0.053260 0.283863 0.957384 -1.117200 0.000000 0.000000 0.000000 1.000000
0.998616 -0.008203 0.051955 0.017300 0.022378 0.960164 -0.278539 10.574800 -0.047601 0.279316 0.959019 -1.117200 0.000000 0.000000 0.000000 1.000000
0.995416 -0.061000 0.073665 0.017300 0.074919 0.976078 -0.204103 10.574800 -0.059452 0.208686 0.976174 -1.117200 0.000000 0.000000 0.000000 1.000000
0.991226 -0.091148 0.095726 0.017300 0.105405 0.982060 -0.156360 10.574800 -0.079757 0.165078 0.983050 -1.117200 0.000000 0.000000 0.000000 1.000000
0.986610 -0.108472 0.121801 0.017300 0.123077 0.985165 -0.119588 10.574800 -0.107022 0.132978 0.985324 -1.117200 0.000000 0.000000 0.000000 1.000000
0.981287 -0.122165 0.148832 0.017300 0.135980 0.986933 -0.086449 10.574800 -0.136326 0.105070 0.985076 -1.117200 0.000000 0.000000 0.000000 1.000000
0.975172 -0.135622 0.175062 0.017300 0.147884 0.987246 -0.058950 10.574800 -0.164834 0.083375 0.982791 -1.117200 0.000000 0.000000 0.000000 1.000000
0.968407 -0.151752 0.197887 0.017300 0.165102 0.984867 -0.052707 10.574800 -0.186894 0.083713 0.978807 -1.117200 0.000000 0.000000 0.000000 1.000000
0.961938 -0.165416 0.217516 0.017300 0.180149 0.982388 -0.049604 10.574800 -0.205479 0.086901 0.974796 -1.117200 0.000000 0.000000 0.000000 1.000000
0.962245 -0.165883 0.215796 0.017300 0.182937 0.981201 -0.061470 10.574800 -0.201542 0.098627 0.974502 -1.117200 0.000000 0.000000 0.000000 1.000000
0.969286 -0.156451 0.189758 0.017300 0.177782 0.978867 -0.101059 10.574800 -0.169937 0.131690 0.976616 -1.117200 0.000000 0.000000 0.000000 1.000000
0.977657 -0.143253 0.153836 0.017300 0.166442 0.974531 -0.150285 10.574800 -0.128390 0.172532 0.976601 -1.117200 0.000000 0.000000 0.000000 1.000000
0.984685 -0.129756 0.116438 0.017300 0.151029 0.968514 -0.197916 10.574800 -0.087091 0.212471 0.973279 -1.117200 0.000000 0.000000 0.000000 1.000000
0.989081 -0.119418 0.086356 0.017300 0.136633 0.962660 -0.233705 10.574800 -0.055223 0.242952 0.968465 -1.117200 0.000000 0.000000 0.000000 1.000000
0.990912 -0.114753 0.070175 0.017300 0.128879 0.959349 -0.251078 10.574800 -0.038511 0.257841 0.965420 -1.117200 0.000000 0.000000 0.000000 1.000000
0.991528 -0.113706 0.062794 0.017300 0.126134 0.958306 -0.256398 10.574800 -0.031022 0.262146 0.964529 -1.117200 0.000000 0.000000 0.000000 1.000000
0.991443 -0.115276 0.061250 0.017300 0.127155 0.958968 -0.253401 10.574800 -0.029526 0.259021 0.965420 -1.117200 0.000000 0.000000 0.000000 1.000000
0.990914 -0.118485 0.063648 0.017300 0.130591 0.960808 -0.244526 10.574800 -0.032181 0.250617 0.967551 -1.117200 0.000000 0.000000 0.000000 1.000000
0.990159 -0.122195 0.068220 0.017300 0.134875 0.963276 -0.232182 10.574800 -0.037343 0.239098 0.970277 -1.117200 0.000000 0.000000 0.000000 1.000000
0.988986 -0.126717 0.076478 0.017300 0.140385 0.966803 -0.213504 10.574800 -0.046885 0.221889 0.973944 -1.117200 0.000000 0.000000 0.000000 1.000000
0.988290 -0.130145 0.079654 0.017300 0.143527 0.970088 -0.195777 10.574800 -0.051792 0.204917 0.977408 -1.117200 0.000000 0.000000 0.000000 1.000000
0.987784 -0.133822 0.079836 0.017300 0.146682 0.971443 -0.186504 10.574800 -0.052598 0.195936 0.979205 -1.117200 0.000000 0.000000 0.000000 1.000000
0.987587 -0.132493 0.084365 0.017300 0.145855 0.972884 -0.179510 10.574800 -0.058293 0.189587 0.980132 -1.117200 0.000000 0.000000 0.000000 1.000000</float_array>
        <technique_common>
          <accessor source="#mixamorig_Spine-Matrix-animation-output-transform-array" count="70" stride="16">
            <param type="float4x4"/>
          </accessor>
        </technique_common>
      </source>
      <source id="mixamorig_Spine-Interpolations">
        <Name_array id="mixamorig_Spine-Interpolations-array" count="70">
 LINEAR LINEAR LINEAR LINEAR LINEAR LINEAR LINEAR LINEAR LINEAR LINEAR LINEAR
LINEAR LINEAR LINEAR LINEAR LINEAR LINEAR LINEAR LINEAR LINEAR LINEAR LINEAR LINEAR
LINEAR LINEAR LINEAR LINEAR LINEAR LINEAR LINEAR LINEAR LINEAR LINEAR LINEAR LINEAR
LINEAR LINEAR LINEAR LINEAR LINEAR LINEAR LINEAR LINEAR LINEAR LINEAR LINEAR LINEAR
LINEAR LINEAR LINEAR LINEAR LINEAR LINEAR LINEAR LINEAR LINEAR LINEAR LINEAR LINEAR
LINEAR LINEAR LINEAR LINEAR LINEAR LINEAR LINEAR LINEAR LINEAR LINEAR LINEAR</Name_array>
        <technique_common>
          <accessor source="#mixamorig_Spine-Interpolations-array" count="70">
            <param type="name"/>
          </accessor>
        </technique_common>
      </source>
      <sampler id="mixamorig_Spine-Matrix-animation-transform">
        <input semantic="INPUT" source="#mixamorig_Spine-Matrix-animation-input"/>
        <input semantic="OUTPUT" source="#mixamorig_Spine-Matrix-animation-output-transform"/>
        <input semantic="INTERPOLATION" source="#mixamorig_Spine-Interpolations"/>
      </sampler>
      <channel source="#mixamorig_Spine-Matrix-animation-transform" target="mixamorig_Spine/matrix"/>
    </animation>
    <animation id="mixamorig_Spine1-anim" name="mixamorig_Spine1">
      <source id="mixamorig_Spine1-Matrix-animation-input">
        <float_array id="mixamorig_Spine1-Matrix-animation-input-array" count="70">

0.000000 0.033333 0.066667 0.100000 0.133333 0.166667 0.200000 0.233333 0.266667 0.300000 0.333333 0.366667 0.400000 0.433333 0.466667 0.500000
0.533333 0.566667 0.600000 0.633333 0.666667 0.700000 0.733333 0.766667 0.800000 0.833333 0.866667 0.900000 0.933333 0.966667 1.000000 1.033333
1.066667 1.100000 1.133333 1.166667 1.200000 1.233333 1.266667 1.300000 1.333333 1.366667 1.400000 1.433333 1.466667 1.500000 1.533333 1.566667
1.600000 1.633333 1.666667 1.700000 1.733333 1.766667 1.800000 1.833333 1.866667 1.900000 1.933333 1.966667 2.000000 2.033333 2.066667 2.100000
2.133333 2.166667 2.200000 2.233333 2.266667 2.300000</float_array>
        <technique_common>
          <accessor source="#mixamorig_Spine1-Matrix-animation-input-array" count="70">
            <param name="TIME" type="float"/>
          </accessor>
        </technique_common>
      </source>
      <source id="mixamorig_Spine1-Matrix-animation-output-transform">
        <float_array id="mixamorig_Spine1-Matrix-animation-output-transform-array" count="1120">

0.998869 -0.042936 0.020427 0.000000 0.043367 0.998836 -0.021132 12.406000 -0.019496 0.021994 0.999568 0.000000 0.000000 0.000000 0.000000 1.000000
0.999187 -0.034730 0.020490 0.000000 0.035229 0.999079 -0.024492 12.406000 -0.019620 0.025194 0.999490 0.000000 0.000000 0.000000 0.000000 1.000000
0.999440 -0.027873 0.018494 0.000000 0.028567 0.998856 -0.038346 12.406000 -0.017404 0.038853 0.999093 -0.000000 0.000000 0.000000 0.000000 1.000000
0.999582 -0.023286 0.017124 0.000000 0.024104 0.998499 -0.049173 12.406000 -0.015953 0.049565 0.998643 0.000000 0.000000 0.000000 0.000000 1.000000
0.999849 -0.011028 0.013394 0.000000 0.011551 0.999148 -0.039621 12.406000 -0.012946 0.039770 0.999125 0.000000 0.000000 0.000000 0.000000 1.000000
0.999835 0.004974 0.017480 -0.000000 -0.004586 0.999743 -0.022186 12.406000 -0.017586 0.022102 0.999601 -0.000000 0.000000 0.000000 0.000000 1.000000
0.999721 0.012575 0.020006 0.000000 -0.012517 0.999917 -0.003022 12.406000 -0.020042 0.002771 0.999795 0.000000 0.000000 0.000000 0.000000 1.000000
0.999653 0.016303 0.020679 0.000000 -0.016660 0.999713 0.017192 12.406000 -0.020393 -0.017530 0.999638 0.000000 0.000000 0.000000 0.000000 1.000000
0.999657 0.016730 0.020163 -0.000000 -0.017423 0.999248 0.034653 12.406000 -0.019568 -0.034993 0.999196 0.000000 0.000000 0.000000 0.000000 1.000000
0.999710 0.014615 0.019163 0.000000 -0.015512 0.998750 0.047516 12.406000 -0.018445 -0.047799 0.998687 -0.000000 0.000000 0.000000 0.000000 1.000000
0.999773 0.011457 0.017983 0.000000 -0.012499 0.998183 0.058940 12.406000 -0.017275 -0.059152 0.998100 -0.000000 0.000000 0.000000 0.000000 1.000000
0.999832 0.007635 0.016670 0.000000 -0.008762 0.997602 0.068649 12.406000 -0.016106 -0.068784 0.997502 0.000000 0.000000 0.000000 0.000000 1.000000
0.999877 0.003529 0.015270 0.000000 -0.004685 0.997069 0.076367 12.406000 -0.014955 -0.076429 0.996963 0.000000 0.000000 0.000000 0.000000 1.000000
0.999904 -0.000479 0.013828 0.000000 -0.000654 0.996647 0.081822 12.406000 -0.013821 -0.081823 0.996551 -0.000000 0.000000 0.000000 0.000000 1.000000
0.999915 -0.004010 0.012394 0.000000 0.002946 0.996398 0.084746 12.406000 -0.012689 -0.084702 0.996326 0.000000 0.000000 0.000000 0.000000 1.000000
0.999917 -0.006684 0.011012 0.000000 0.005726 0.996375 0.084871 12.406000 -0.011540 -0.084801 0.996331 -0.000000 0.000000 0.000000 0.000000 1.000000
0.999924 -0.007248 0.009980 -0.000000 0.006430 0.996800 0.079672 12.406000 -0.010526 -0.079601 0.996771 0.000000 0.000000 0.000000 0.000000 1.000000
0.999932 -0.007359 0.008993 -0.000000 0.006685 0.997323 0.072821 12.406000 -0.009505 -0.072756 0.997304 0.000000 0.000000 0.000000 0.000000 1.000000
0.999942 -0.007215 0.008022 -0.000000 0.006679 0.997869 0.064900 12.406000 -0.008473 -0.064843 0.997860 -0.000000 0.000000 0.000000 0.000000 1.000000
0.999952 -0.006820 0.007077 -0.000000 0.006412 0.998406 0.056073 12.406000 -0.007449 -0.056024 0.998402 -0.000000 0.000000 0.000000 0.000000 1.000000
0.999962 -0.006179 0.006168 -0.000000 0.005885 0.998901 0.046501 12.406000 -0.006449 -0.046463 0.998899 0.000000 0.000000 0.000000 0.000000 1.000000
0.999972 -0.005296 0.005306 0.000000 0.005099 0.999326 0.036349 12.406000 -0.005495 -0.036321 0.999325 0.000000 0.000000 0.000000 0.000000 1.000000
0.999981 -0.004175 0.004500 -0.000000 0.004058 0.999659 0.025781 12.406000 -0.004606 -0.025763 0.999657 0.000000 0.000000 0.000000 0.000000 1.000000
0.999989 -0.002698 0.003801 0.000000 0.002640 0.999883 0.015067 12.406000 -0.003841 -0.015056 0.999879 0.000000 0.000000 0.000000 0.000000 1.000000
0.999995 -0.000777 0.003143 0.000000 0.000764 0.999992 0.004051 12.406000 -0.003147 -0.004049 0.999987 0.000000 0.000000 0.000000 0.000000 1.000000
0.999996 0.001296 0.002433 -0.000000 -0.001278 0.999972 -0.007392 12.406000 -0.002442 0.007389 0.999970 0.000000 0.000000 0.000000 0.000000 1.000000
0.999992 0.003491 0.001758 -0.000000 -0.003457 0.999818 -0.018789 12.406000 -0.001823 0.018782 0.999822 0.000000 0.000000 0.000000 0.000000 1.000000
0.999983 0.005778 0.001208 0.000000 -0.005740 0.999543 -0.029664 12.406000 -0.001378 0.029657 0.999559 0.000000 0.000000 0.000000 0.000000 1.000000
0.999967 0.008128 0.000871 0.000000 -0.008087 0.999185 -0.039547 12.406000 -0.001192 0.039539 0.999217 0.000000 0.000000 0.000000 0.000000 1.000000
0.999944 0.010512 0.000838 0.000000 -0.010459 0.998794 -0.047968 12.406000 -0.001341 0.047956 0.998849 0.000000 0.000000 0.000000 0.000000 1.000000
0.999916 0.012899 0.001197 0.000000 -0.012815 0.998434 -0.054458 12.406000 -0.001898 0.054438 0.998515 0.000000 0.000000 0.000000 0.000000 1.000000
0.999881 0.015257 0.002165 -0.000000 -0.015105 0.998189 -0.058230 12.406000 -0.003049 0.058190 0.998301 0.000000 0.000000 0.000000 0.000000 1.000000
0.999838 0.017586 0.003874 -0.000000 -0.017327 0.998108 -0.058991 12.406000 -0.004904 0.058914 0.998251 -0.000000 0.000000 0.000000 0.000000 1.000000
0.999783 0.019925 0.006068 0.000000 -0.019542 0.998143 -0.057687 12.406000 -0.007207 0.057556 0.998316 0.000000 0.000000 0.000000 0.000000 1.000000
0.999715 0.022318 0.008464 0.000000 -0.021816 0.998229 -0.055352 12.406000 -0.009685 0.055152 0.998431 0.000000 0.000000 0.000000 0.000000 1.000000
0.999634 0.024807 0.010777 0.000000 -0.024202 0.998300 -0.053020 12.406000 -0.012074 0.052740 0.998535 0.000000 0.000000 0.000000 0.000000 1.000000
0.999543 0.027435 0.012720 -0.000000 -0.026743 0.998303 -0.051722 12.406000 -0.014117 0.051358 0.998581 0.000000 0.000000 0.000000 0.000000 1.000000
0.999444 0.030245 0.014010 -0.000000 -0.029471 0.998187 -0.052485 12.406000 -0.015572 0.052042 0.998523 -0.000000 0.000000 0.000000 0.000000 1.000000
0.999346 0.033161 0.014410 0.000000 -0.032305 0.997905 -0.056062 12.406000 -0.016239 0.055560 0.998323 -0.000000 0.000000 0.000000 0.000000 1.000000
0.999279 0.035223 0.014177 0.000000 -0.034302 0.997565 -0.060719 12.406000 -0.016281 0.060189 0.998054 0.000000 0.000000 0.000000 0.000000 1.000000
0.999230 0.036894 0.013377 -0.000000 -0.035927 0.997139 -0.066507 12.406000 -0.015793 0.065975 0.997696 0.000000 0.000000 0.000000 0.000000 1.000000
0.999148 0.039536 0.011802 -0.000000 -0.038540 0.996427 -0.075157 12.406000 -0.014732 0.074638 0.997102 -0.000000 0.000000 0.000000 0.000000 1.000000
0.998966 0.044509 0.009246 -0.000000 -0.043521 0.995136 -0.088381 12.406000 -0.013134 0.087887 0.996044 -0.000000 0.000000 0.000000 0.000000 1.000000
0.998520 0.054138 0.005094 0.000000 -0.053254 0.992532 -0.109750 12.406000 -0.010997 0.109316 0.993946 0.000000 0.000000 0.000000 0.000000 1.000000
0.997475 0.070996 -0.001623 0.000000 -0.070488 0.987044 -0.144134 12.406000 -0.008631 0.143884 0.989557 0.000000 0.000000 0.000000 0.000000 1.000000
0.996144 0.087383 -0.007884 0.000000 -0.087392 0.980230 -0.177516 12.406000 -0.007783 0.177520 0.984086 0.000000 0.000000 0.000000 0.000000 1.000000
0.994984 0.099236 -0.012599 0.000000 -0.099713 0.973861 -0.204090 12.406000 -0.007983 0.204323 0.978871 -0.000000 0.000000 0.000000 0.000000 1.000000
0.994851 0.100362 -0.014123 0.000000 -0.101039 0.971169 -0.215922 12.406000 -0.007955 0.216237 0.976308 -0.000000 0.000000 0.000000 0.000000 1.000000
0.996478 0.083265 -0.009909 -0.000000 -0.083560 0.976203 -0.200116 12.406000 -0.006989 0.200239 0.979722 0.000000 0.000000 0.000000 0.000000 1.000000
0.999514 0.031076 0.002442 -0.000000 -0.030474 0.990631 -0.133124 12.406000 -0.006556 0.132984 0.991096 0.000000 0.000000 0.000000 0.000000 1.000000
0.999631 -0.019718 0.018693 0.000000 0.021024 0.997151 -0.072448 12.406000 -0.017211 0.072814 0.997197 0.000000 0.000000 0.000000 0.000000 1.000000
0.997991 -0.035248 0.052642 0.000000 0.037069 0.998733 -0.034028 12.406000 -0.051376 0.035911 0.998034 0.000000 0.000000 0.000000 0.000000 1.000000
0.995060 -0.039397 0.091120 -0.000000 0.039920 0.999195 -0.003927 12.406000 -0.090892 0.007545 0.995832 0.000000 0.000000 0.000000 0.000000 1.000000
0.991188 -0.040896 0.125989 0.000000 0.038864 0.999072 0.018548 12.406000 -0.126630 -0.013488 0.991858 0.000000 0.000000 0.000000 0.000000 1.000000
0.989127 -0.043496 0.140484 0.000000 0.041333 0.998978 0.018275 12.406000 -0.141136 -0.012270 0.989914 0.000000 0.000000 0.000000 0.000000 1.000000
0.988793 -0.046624 0.141825 0.000000 0.045536 0.998903 0.010911 12.406000 -0.142178 -0.004331 0.989832 0.000000 0.000000 0.000000 0.000000 1.000000
0.990285 -0.047250 0.130775 0.000000 0.046609 0.998881 0.007965 12.406000 -0.131005 -0.001792 0.991380 0.000000 0.000000 0.000000 0.000000 1.000000
0.993292 -0.045683 0.106228 -0.000000 0.045468 0.998956 0.004446 12.406000 -0.106320 0.000414 0.994332 0.000000 0.000000 0.000000 0.000000 1.000000
0.996117 -0.043259 0.076675 -0.000000 0.043321 0.999061 0.000846 12.406000 -0.076639 0.002479 0.997056 0.000000 0.000000 0.000000 0.000000 1.000000
0.998032 -0.040728 0.047676 0.000000 0.040895 0.999160 -0.002543 12.406000 -0.047533 0.004488 0.998860 -0.000000 0.000000 0.000000 0.000000 1.000000
0.998936 -0.038843 0.024842 0.000000 0.038993 0.999224 -0.005561 12.406000 -0.024606 0.006524 0.999676 0.000000 0.000000 0.000000 0.000000 1.000000
0.999192 -0.038179 0.012596 0.000000 0.038284 0.999233 -0.008240 12.406000 -0.012272 0.008715 0.999887 -0.000000 0.000000 0.000000 0.000000 1.000000
0.999228 -0.038350 0.008471 0.000000 0.038441 0.999202 -0.010880 12.406000 -0.008047 0.011197 0.999905 -0.000000 0.000000 0.000000 0.000000 1.000000
0.999193 -0.039020 0.009530 0.000000 0.039145 0.999144 -0.013359 12.406000 -0.009000 0.013721 0.999865 0.000000 0.000000 0.000000 0.000000 1.000000
0.999115 -0.039923 0.013251 0.000000 0.040127 0.999075 -0.015473 12.406000 -0.012621 0.015991 0.999792 0.000000 0.000000 0.000000 0.000000 1.000000
0.999021 -0.040795 0.017113 0.000000 0.041086 0.999011 -0.017025 12.406000 -0.016402 0.017711 0.999709 0.000000 0.000000 0.000000 0.000000 1.000000
0.998940 -0.041446 0.020013 0.000000 0.041795 0.998976 -0.017309 12.406000 -0.019275 0.018127 0.999650 -0.000000 0.000000 0.000000 0.000000 1.000000
0.998939 -0.040805 0.021362 0.000000 0.041214 0.998969 -0.019052 12.406000 -0.020563 0.019912 0.999590 0.000000 0.000000 0.000000 0.000000 1.000000
0.998956 -0.040251 0.021598 0.000000 0.040732 0.998922 -0.022278 12.406000 -0.020678 0.023134 0.999518 -0.000000 0.000000 0.000000 0.000000 1.000000
0.998948 -0.039465 0.023365 0.000000 0.040066 0.998864 -0.025813 12.406000 -0.022320 0.026722 0.999394 -0.000000 0.000000 0.000000 0.000000 1.000000</float_array>
        <technique_common>
          <accessor source="#mixamorig_Spine1-Matrix-animation-output-transform-array" count="70" stride="16">
            <param type="float4x4"/>
          </accessor>
        </technique_common>
      </source>
      <source id="mixamorig_Spine1-Interpolations">
        <Name_array id="mixamorig_Spine1-Interpolations-array" count="70">
 LINEAR LINEAR LINEAR LINEAR LINEAR LINEAR LINEAR LINEAR LINEAR LINEAR LINEAR
LINEAR LINEAR LINEAR LINEAR LINEAR LINEAR LINEAR LINEAR LINEAR LINEAR LINEAR LINEAR
LINEAR LINEAR LINEAR LINEAR LINEAR LINEAR LINEAR LINEAR LINEAR LINEAR LINEAR LINEAR
LINEAR LINEAR LINEAR LINEAR LINEAR LINEAR LINEAR LINEAR LINEAR LINEAR LINEAR LINEAR
LINEAR LINEAR LINEAR LINEAR LINEAR LINEAR LINEAR LINEAR LINEAR LINEAR LINEAR LINEAR
LINEAR LINEAR LINEAR LINEAR LINEAR LINEAR LINEAR LINEAR LINEAR LINEAR LINEAR</Name_array>
        <technique_common>
          <accessor source="#mixamorig_Spine1-Interpolations-array" count="70">
            <param type="name"/>
          </accessor>
        </technique_common>
      </source>
      <sampler id="mixamorig_Spine1-Matrix-animation-transform">
        <input semantic="INPUT" source="#mixamorig_Spine1-Matrix-animation-input"/>
