<?xml version="1.0" encoding="utf-8"?>
<COLLADA xmlns="http://www.collada.org/2005/11/COLLADASchema" version="1.4.1">
  <asset>
    <contributor>
      <author>Mixamo</author>
      <authoring_tool>COLLADA Mixamo exporter</authoring_tool>
      <comments/>
    </contributor>
    <created>2022-12-10T03:21:24Z</created>
    <modified>2022-12-10T03:21:24Z</modified>
    <revision/>
    <title/>
    <unit meter="0.010000"/>
    <up_axis>Y_UP</up_axis>
  </asset>
  <library_animations>
    <animation id="mixamorig_Hips-anim" name="mixamorig_Hips">
      <source id="mixamorig_Hips-Matrix-animation-input">
        <float_array id="mixamorig_Hips-Matrix-animation-input-array" count="30">

0.000000 0.033333 0.066667 0.100000 0.133333 0.166667 0.200000 0.233333 0.266667 0.300000 0.333333 0.366667 0.400000 0.433333 0.466667 0.500000
0.533333 0.566667 0.600000 0.633333 0.666667 0.700000 0.733333 0.766667 0.800000 0.833333 0.866667 0.900000 0.933333 0.966667</float_array>
        <technique_common>
          <accessor source="#mixamorig_Hips-Matrix-animation-input-array" count="30">
            <param name="TIME" type="float"/>
          </accessor>
        </technique_common>
      </source>
      <source id="mixamorig_Hips-Matrix-animation-output-transform">
        <float_array id="mixamorig_Hips-Matrix-animation-output-transform-array" count="480">

0.565552 -0.123329 -0.815439 -0.025351 -0.014365 0.987132 -0.159259 80.561241 0.824587 0.101783 0.556503 0.029495 0.000000 0.000000 0.000000 1.000000
0.578469 -0.144311 -0.802837 0.927547 0.014330 0.985872 -0.166887 77.909241 0.815578 0.085034 0.572365 0.064840 0.000000 0.000000 0.000000 1.000000
0.591916 -0.147866 -0.792320 1.586995 0.034379 0.986765 -0.158470 76.181168 0.805266 0.066562 0.589165 0.317365 0.000000 0.000000 0.000000 1.000000
0.607379 -0.095721 -0.788624 1.332697 0.026208 0.994588 -0.100535 76.997391 0.793980 0.040395 0.606601 1.204266 0.000000 0.000000 0.000000 1.000000
0.631136 -0.023491 -0.775316 -0.009212 0.005517 0.999652 -0.025798 80.670784 0.775652 0.012005 0.631046 2.459646 0.000000 0.000000 0.000000 1.000000
0.661276 0.051684 -0.748360 -2.398531 -0.020834 0.998504 0.050550 86.992996 0.749853 -0.017836 0.661364 3.927177 0.000000 0.000000 0.000000 1.000000
0.691970 0.075089 -0.718011 -5.145123 -0.032875 0.996822 0.072564 95.493141 0.721178 -0.026607 0.692239 5.551784 0.000000 0.000000 0.000000 1.000000
0.741280 0.024684 -0.670742 -5.852149 -0.017590 0.999695 0.017351 104.088531 0.670965 -0.001064 0.741488 6.285944 0.000000 0.000000 0.000000 1.000000
0.768664 -0.000003 -0.639652 -4.749576 -0.019954 0.999513 -0.023983 109.872681 0.639341 0.031199 0.768290 5.464866 0.000000 0.000000 0.000000 1.000000
0.732002 -0.027258 -0.680757 -3.577948 -0.004168 0.999001 -0.044482 115.645363 0.681290 0.035399 0.731157 4.324227 0.000000 0.000000 0.000000 1.000000
0.706333 -0.068626 -0.704545 -1.423384 0.007800 0.995984 -0.089193 121.878830 0.707836 0.057504 0.704032 3.003313 0.000000 0.000000 0.000000 1.000000
0.712618 -0.127946 -0.689787 1.167433 0.008352 0.984706 -0.174022 126.309822 0.701503 0.118250 0.702788 2.298675 0.000000 0.000000 0.000000 1.000000
0.711336 -0.116565 -0.693119 2.188683 0.001680 0.986431 -0.164169 128.109192 0.702850 0.115615 0.701880 2.206550 0.000000 0.000000 0.000000 1.000000
0.705130 -0.080678 -0.704473 2.571167 -0.006336 0.992749 -0.120035 128.926163 0.709050 0.089104 0.699506 2.350335 0.000000 0.000000 0.000000 1.000000
0.694249 -0.069344 -0.716386 3.012940 -0.009116 0.994421 -0.105091 129.483887 0.719677 0.079490 0.689744 2.327598 0.000000 0.000000 0.000000 1.000000
0.676154 -0.127702 -0.725609 3.596309 0.004247 0.985523 -0.169488 129.484009 0.736748 0.111518 0.666908 2.036121 0.000000 0.000000 0.000000 1.000000
0.654119 -0.171787 -0.736626 3.753715 0.010663 0.975866 -0.218111 128.264282 0.756316 0.134816 0.640164 1.924853 0.000000 0.000000 0.000000 1.000000
0.636621 -0.170428 -0.752109 3.489825 0.004352 0.976053 -0.217489 125.641235 0.771164 0.135185 0.622118 2.056347 0.000000 0.000000 0.000000 1.000000
0.616143 -0.158075 -0.771608 2.878252 0.002357 0.980019 -0.198889 121.730179 0.787631 0.120725 0.604205 1.931195 0.000000 0.000000 0.000000 1.000000
0.602311 -0.129631 -0.787666 2.020870 -0.004732 0.986129 -0.165911 116.459045 0.798248 0.103657 0.593343 1.636489 0.000000 0.000000 0.000000 1.000000
0.588883 -0.094779 -0.802642 1.184942 -0.017513 0.991371 -0.129914 110.199142 0.808029 0.090561 0.582141 1.565457 0.000000 0.000000 0.000000 1.000000
0.581776 -0.066740 -0.810606 0.684050 -0.031323 0.994050 -0.104324 102.820168 0.812746 0.086084 0.576224 1.672117 0.000000 0.000000 0.000000 1.000000
0.576088 -0.044571 -0.816171 0.279110 -0.042588 0.995519 -0.084426 95.455254 0.816277 0.083396 0.571609 1.662936 0.000000 0.000000 0.000000 1.000000
0.578423 -0.038529 -0.814827 0.326190 -0.046795 0.995672 -0.080299 88.138962 0.814394 0.084576 0.574116 1.308331 0.000000 0.000000 0.000000 1.000000
0.577363 -0.045926 -0.815195 0.691807 -0.043964 0.995220 -0.087206 83.251694 0.815303 0.086188 0.572584 1.047153 0.000000 0.000000 0.000000 1.000000
0.574932 -0.062650 -0.815799 1.079824 -0.037552 0.993993 -0.102798 81.194382 0.817339 0.089737 0.569126 0.816554 0.000000 0.000000 0.000000 1.000000
0.571915 -0.082971 -0.816106 1.038551 -0.029715 0.992123 -0.121690 80.478798 0.819774 0.093847 0.564945 0.559080 0.000000 0.000000 0.000000 1.000000
0.568864 -0.102633 -0.816002 0.705487 -0.022200 0.989905 -0.139982 80.322708 0.822132 0.097746 0.560843 0.310049 0.000000 0.000000 0.000000 1.000000
0.566482 -0.117468 -0.815659 0.283714 -0.016571 0.987964 -0.153792 80.443680 0.823907 0.100636 0.557718 0.117865 0.000000 0.000000 0.000000 1.000000
0.565552 -0.123329 -0.815439 -0.024006 -0.014365 0.987132 -0.159259 80.561272 0.824588 0.101783 0.556503 0.031881 0.000000 0.000000 0.000000 1.000000</float_array>
        <technique_common>
          <accessor source="#mixamorig_Hips-Matrix-animation-output-transform-array" count="30" stride="16">
            <param type="float4x4"/>
          </accessor>
        </technique_common>
      </source>
      <source id="mixamorig_Hips-Interpolations">
        <Name_array id="mixamorig_Hips-Interpolations-array" count="30">
 LINEAR LINEAR LINEAR LINEAR LINEAR LINEAR LINEAR LINEAR LINEAR LINEAR LINEAR
LINEAR LINEAR LINEAR LINEAR LINEAR LINEAR LINEAR LINEAR LINEAR LINEAR LINEAR LINEAR
LINEAR LINEAR LINEAR LINEAR LINEAR LINEAR LINEAR</Name_array>
        <technique_common>
          <accessor source="#mixamorig_Hips-Interpolations-array" count="30">
            <param type="name"/>
          </accessor>
        </technique_common>
      </source>
      <sampler id="mixamorig_Hips-Matrix-animation-transform">
        <input semantic="INPUT" source="#mixamorig_Hips-Matrix-animation-input"/>
        <input semantic="OUTPUT" source="#mixamorig_Hips-Matrix-animation-output-transform"/>
        <input semantic="INTERPOLATION" source="#mixamorig_Hips-Interpolations"/>
      </sampler>
      <channel source="#mixamorig_Hips-Matrix-animation-transform" target="mixamorig_Hips/matrix"/>
    </animation>
    <animation id="mixamorig_Spine-anim" name="mixamorig_Spine">
      <source id="mixamorig_Spine-Matrix-animation-input">
        <float_array id="mixamorig_Spine-Matrix-animation-input-array" count="30">

0.000000 0.033333 0.066667 0.100000 0.133333 0.166667 0.200000 0.233333 0.266667 0.300000 0.333333 0.366667 0.400000 0.433333 0.466667 0.500000
0.533333 0.566667 0.600000 0.633333 0.666667 0.700000 0.733333 0.766667 0.800000 0.833333 0.866667 0.900000 0.933333 0.966667</float_array>
        <technique_common>
          <accessor source="#mixamorig_Spine-Matrix-animation-input-array" count="30">
            <param name="TIME" type="float"/>
          </accessor>
        </technique_common>
      </source>
      <source id="mixamorig_Spine-Matrix-animation-output-transform">
        <float_array id="mixamorig_Spine-Matrix-animation-output-transform-array" count="480">

0.996514 0.049266 0.067321 0.017300 -0.047750 0.998572 -0.023939 10.574800 -0.068404 0.020641 0.997444 -1.117200 0.000000 0.000000 0.000000 1.000000
0.995266 0.069229 0.068209 0.017300 -0.065911 0.996585 -0.049749 10.574800 -0.071420 0.045018 0.996430 -1.117200 0.000000 0.000000 0.000000 1.000000
0.993893 0.092925 0.059516 0.017300 -0.086495 0.990938 -0.102767 10.574800 -0.068526 0.096992 0.992923 -1.117200 0.000000 0.000000 0.000000 1.000000
0.993744 0.092086 0.063188 0.017300 -0.082524 0.986691 -0.140108 10.574800 -0.075249 0.134017 0.988118 -1.117200 0.000000 0.000000 0.000000 1.000000
0.995582 0.081842 0.046018 0.017300 -0.073593 0.984555 -0.158857 10.574800 -0.058309 0.154769 0.986229 -1.117200 0.000000 0.000000 0.000000 1.000000
0.997639 0.066436 0.017418 0.017300 -0.062467 0.983118 -0.171981 10.574800 -0.028549 0.170487 0.984946 -1.117200 0.000000 0.000000 0.000000 1.000000
0.998228 0.059496 -0.000306 0.017300 -0.058948 0.988311 -0.140590 10.574800 -0.008062 0.140359 0.990068 -1.117200 0.000000 0.000000 0.000000 1.000000
0.998255 0.056345 -0.017644 0.017300 -0.057880 0.992896 -0.103956 10.574800 0.011661 0.104795 0.994425 -1.117200 0.000000 0.000000 0.000000 1.000000
0.999560 0.028578 -0.007941 0.017300 -0.029431 0.988881 -0.145770 10.574800 0.003687 0.145940 0.989287 -1.117200 0.000000 0.000000 0.000000 1.000000
0.998019 0.058862 0.022223 0.017300 -0.052523 0.973900 -0.220815 10.574800 -0.034640 0.219211 0.975062 -1.117200 0.000000 0.000000 0.000000 1.000000
0.997460 0.069353 0.016226 0.017300 -0.060782 0.947572 -0.313709 10.574800 -0.037132 0.311926 0.949381 -1.117200 0.000000 0.000000 0.000000 1.000000
0.999100 0.042423 0.000480 0.017300 -0.038713 0.916225 -0.398789 10.574800 -0.017357 0.398411 0.917043 -1.117200 0.000000 0.000000 0.000000 1.000000
0.999599 0.025354 -0.012570 0.017300 -0.028272 0.875234 -0.482872 10.574800 -0.001241 0.483034 0.875601 -1.117200 0.000000 0.000000 0.000000 1.000000
0.999353 0.034761 -0.009265 0.017300 -0.034138 0.835146 -0.548968 10.574800 -0.011345 0.548929 0.835792 -1.117200 0.000000 0.000000 0.000000 1.000000
0.999612 0.027456 0.004603 0.017300 -0.020495 0.837694 -0.545755 10.574800 -0.018840 0.545449 0.837932 -1.117200 0.000000 0.000000 0.000000 1.000000
0.999110 0.035221 0.023190 0.017300 -0.021179 0.894635 -0.446295 10.574800 -0.036466 0.445407 0.894585 -1.117200 0.000000 0.000000 0.000000 1.000000
0.998310 0.044020 0.037948 0.017300 -0.028348 0.938812 -0.343260 10.574800 -0.050736 0.341605 0.938473 -1.117200 0.000000 0.000000 0.000000 1.000000
0.998014 0.043201 0.045847 0.017300 -0.028810 0.960243 -0.277674 10.574800 -0.056020 0.275801 0.959581 -1.117200 0.000000 0.000000 0.000000 1.000000
0.996929 0.055015 0.055723 0.017300 -0.041417 0.974387 -0.221031 10.574800 -0.066456 0.218045 0.973674 -1.117200 0.000000 0.000000 0.000000 1.000000
0.996456 0.061059 0.057848 0.017300 -0.050619 0.984604 -0.167309 10.574800 -0.067173 0.163788 0.984206 -1.117200 0.000000 0.000000 0.000000 1.000000
0.996525 0.058470 0.059327 0.017300 -0.050645 0.990767 -0.125764 10.574800 -0.066133 0.122323 0.990285 -1.117200 0.000000 0.000000 0.000000 1.000000
0.996307 0.049543 0.070129 0.017300 -0.043461 0.995369 -0.085745 10.574800 -0.074052 0.082381 0.993846 -1.117200 0.000000 0.000000 0.000000 1.000000
0.996124 0.040227 0.078228 0.017300 -0.036377 0.998085 -0.050040 10.574800 -0.080092 0.047000 0.995679 -1.117200 0.000000 0.000000 0.000000 1.000000
0.996894 0.034401 0.070839 0.017300 -0.032056 0.998909 -0.033971 10.574800 -0.071930 0.031595 0.996909 -1.117200 0.000000 0.000000 0.000000 1.000000
0.997429 0.043252 0.057133 0.017300 -0.039664 0.997257 -0.062493 10.574800 -0.059679 0.060066 0.996409 -1.117200 0.000000 0.000000 0.000000 1.000000
0.997447 0.049267 0.051690 0.017300 -0.045782 0.996731 -0.066566 10.574800 -0.054800 0.064030 0.996442 -1.117200 0.000000 0.000000 0.000000 1.000000
0.997228 0.050943 0.054224 0.017300 -0.047854 0.997237 -0.056811 10.574800 -0.056968 0.054059 0.996911 -1.117200 0.000000 0.000000 0.000000 1.000000
0.996930 0.050764 0.059608 0.017300 -0.048274 0.997930 -0.042501 10.574800 -0.061642 0.039493 0.997317 -1.117200 0.000000 0.000000 0.000000 1.000000
0.996644 0.049841 0.064941 0.017300 -0.048003 0.998410 -0.029561 10.574800 -0.066311 0.026345 0.997451 -1.117200 0.000000 0.000000 0.000000 1.000000
0.996514 0.049266 0.067321 0.017300 -0.047750 0.998572 -0.023939 10.574800 -0.068404 0.020641 0.997444 -1.117200 0.000000 0.000000 0.000000 1.000000</float_array>
        <technique_common>
          <accessor source="#mixamorig_Spine-Matrix-animation-output-transform-array" count="30" stride="16">
            <param type="float4x4"/>
          </accessor>
        </technique_common>
      </source>
      <source id="mixamorig_Spine-Interpolations">
        <Name_array id="mixamorig_Spine-Interpolations-array" count="30">
 LINEAR LINEAR LINEAR LINEAR LINEAR LINEAR LINEAR LINEAR LINEAR LINEAR LINEAR
LINEAR LINEAR LINEAR LINEAR LINEAR LINEAR LINEAR LINEAR LINEAR LINEAR LINEAR LINEAR
LINEAR LINEAR LINEAR LINEAR LINEAR LINEAR LINEAR</Name_array>
        <technique_common>
          <accessor source="#mixamorig_Spine-Interpolations-array" count="30">
            <param type="name"/>
          </accessor>
        </technique_common>
      </source>
      <sampler id="mixamorig_Spine-Matrix-animation-transform">
        <input semantic="INPUT" source="#mixamorig_Spine-Matrix-animation-input"/>
        <input semantic="OUTPUT" source="#mixamorig_Spine-Matrix-animation-output-transform"/>
        <input semantic="INTERPOLATION" source="#mixamorig_Spine-Interpolations"/>
      </sampler>
      <channel source="#mixamorig_Spine-Matrix-animation-transform" target="mixamorig_Spine/matrix"/>
    </animation>
    <animation id="mixamorig_Spine1-anim" name="mixamorig_Spine1">
      <source id="mixamorig_Spine1-Matrix-animation-input">
        <float_array id="mixamorig_Spine1-Matrix-animation-input-array" count="30">

0.000000 0.033333 0.066667 0.100000 0.133333 0.166667 0.200000 0.233333 0.266667 0.300000 0.333333 0.366667 0.400000 0.433333 0.466667 0.500000
0.533333 0.566667 0.600000 0.633333 0.666667 0.700000 0.733333 0.766667 0.800000 0.833333 0.866667 0.900000 0.933333 0.966667</float_array>
        <technique_common>
          <accessor source="#mixamorig_Spine1-Matrix-animation-input-array" count="30">
            <param name="TIME" type="float"/>
          </accessor>
        </technique_common>
      </source>
      <source id="mixamorig_Spine1-Matrix-animation-output-transform">
        <float_array id="mixamorig_Spine1-Matrix-animation-output-transform-array" count="480">

0.998873 -0.042846 0.020412 0.000000 0.043276 0.998840 -0.021134 12.406000 -0.019483 0.021993 0.999568 0.000000 0.000000 0.000000 0.000000 1.000000
0.999133 -0.035483 0.021795 0.000000 0.035856 0.999213 -0.016958 12.406000 -0.021176 0.017725 0.999619 0.000000 0.000000 0.000000 0.000000 1.000000
0.999415 -0.026966 0.021056 0.000000 0.027381 0.999431 -0.019683 12.406000 -0.020513 0.020248 0.999585 0.000000 0.000000 0.000000 0.000000 1.000000
0.999469 -0.023608 0.022460 0.000000 0.023963 0.999589 -0.015704 12.406000 -0.022080 0.016234 0.999624 0.000000 0.000000 0.000000 0.000000 1.000000
0.999640 -0.020370 0.017446 -0.000000 0.020498 0.999764 -0.007198 12.406000 -0.017295 0.007553 0.999822 0.000000 0.000000 0.000000 0.000000 1.000000
0.999823 -0.016585 0.008846 -0.000000 0.016560 0.999858 0.002981 12.406000 -0.008894 -0.002834 0.999956 0.000000 0.000000 0.000000 0.000000 1.000000
0.999950 -0.009309 0.003686 0.000000 0.009267 0.999895 0.011178 12.406000 -0.003789 -0.011143 0.999931 0.000000 0.000000 0.000000 0.000000 1.000000
0.999993 -0.003000 -0.002137 0.000000 0.003011 0.999984 0.004844 12.406000 0.002123 -0.004850 0.999986 -0.000000 0.000000 0.000000 0.000000 1.000000
0.999999 -0.000804 -0.001233 0.000000 0.000779 0.999795 -0.020251 12.406000 0.001249 0.020250 0.999794 0.000000 0.000000 0.000000 0.000000 1.000000
0.999971 0.001306 0.007560 0.000000 -0.000973 0.999038 -0.043834 12.406000 -0.007610 0.043826 0.999010 0.000000 0.000000 0.000000 0.000000 1.000000
0.999975 0.002269 0.006762 0.000000 -0.001921 0.998698 -0.050975 12.406000 -0.006869 0.050961 0.998677 -0.000000 0.000000 0.000000 0.000000 1.000000
0.999990 0.003581 0.002755 0.000000 -0.003454 0.998984 -0.044935 12.406000 -0.002913 0.044925 0.998986 0.000000 0.000000 0.000000 0.000000 1.000000
0.999987 0.005170 0.000246 -0.000000 -0.005156 0.999138 -0.041188 12.406000 -0.000459 0.041186 0.999151 0.000000 0.000000 0.000000 0.000000 1.000000
0.999993 0.003481 0.001696 -0.000000 -0.003396 0.998841 -0.048018 12.406000 -0.001861 0.048012 0.998845 -0.000000 0.000000 0.000000 0.000000 1.000000
0.999989 0.003353 0.003230 -0.000000 -0.003165 0.998388 -0.056670 12.406000 -0.003415 0.056659 0.998388 0.000000 0.000000 0.000000 0.000000 1.000000
0.999962 0.000215 0.008718 0.000000 0.000123 0.999248 -0.038787 12.406000 -0.008719 0.038786 0.999209 -0.000000 0.000000 0.000000 0.000000 1.000000
0.999918 0.000508 0.012781 -0.000000 -0.000136 0.999576 -0.029103 12.406000 -0.012790 0.029099 0.999495 0.000000 0.000000 0.000000 0.000000 1.000000
0.999897 0.000116 0.014336 -0.000000 0.000290 0.999598 -0.028342 12.406000 -0.014333 0.028343 0.999495 -0.000000 0.000000 0.000000 0.000000 1.000000
0.999852 0.000700 0.017205 0.000000 -0.000201 0.999579 -0.029016 12.406000 -0.017218 0.029008 0.999431 0.000000 0.000000 0.000000 0.000000 1.000000
0.999836 0.001921 0.018033 0.000000 -0.001400 0.999583 -0.028833 12.406000 -0.018081 0.028803 0.999422 0.000000 0.000000 0.000000 0.000000 1.000000
0.999824 0.002076 0.018626 0.000000 -0.001546 0.999595 -0.028427 12.406000 -0.018678 0.028394 0.999422 0.000000 0.000000 0.000000 0.000000 1.000000
0.999773 -0.003317 0.021054 0.000000 0.003858 0.999662 -0.025726 12.406000 -0.020961 0.025802 0.999447 0.000000 0.000000 0.000000 0.000000 1.000000
0.999698 -0.009341 0.022744 -0.000000 0.009863 0.999687 -0.022971 12.406000 -0.022522 0.023188 0.999477 -0.000000 0.000000 0.000000 0.000000 1.000000
0.999677 -0.014670 0.020757 0.000000 0.015055 0.999715 -0.018509 12.406000 -0.020479 0.018816 0.999613 -0.000000 0.000000 0.000000 0.000000 1.000000
0.999595 -0.022303 0.017687 -0.000000 0.022518 0.999673 -0.012087 12.406000 -0.017411 0.012480 0.999771 -0.000000 0.000000 0.000000 0.000000 1.000000
0.999503 -0.026841 0.016536 -0.000000 0.027029 0.999572 -0.011212 12.406000 -0.016228 0.011653 0.999800 0.000000 0.000000 0.000000 0.000000 1.000000
0.999336 -0.032099 0.017215 0.000000 0.032333 0.999386 -0.013508 12.406000 -0.016771 0.014055 0.999761 0.000000 0.000000 0.000000 0.000000 1.000000
0.999132 -0.037293 0.018539 0.000000 0.037606 0.999151 -0.016832 12.406000 -0.017896 0.017514 0.999686 0.000000 0.000000 0.000000 0.000000 1.000000
0.998952 -0.041261 0.019831 0.000000 0.041654 0.998935 -0.019823 12.406000 -0.018992 0.020628 0.999607 0.000000 0.000000 0.000000 0.000000 1.000000
0.998873 -0.042846 0.020412 0.000000 0.043276 0.998840 -0.021134 12.406000 -0.019483 0.021994 0.999568 0.000000 0.000000 0.000000 0.000000 1.000000</float_array>
        <technique_common>
          <accessor source="#mixamorig_Spine1-Matrix-animation-output-transform-array" count="30" stride="16">
            <param type="float4x4"/>
          </accessor>
        </technique_common>
      </source>
      <source id="mixamorig_Spine1-Interpolations">
        <Name_array id="mixamorig_Spine1-Interpolations-array" count="30">
 LINEAR LINEAR LINEAR LINEAR LINEAR LINEAR LINEAR LINEAR LINEAR LINEAR LINEAR
LINEAR LINEAR LINEAR LINEAR LINEAR LINEAR LINEAR LINEAR LINEAR LINEAR LINEAR LINEAR
LINEAR LINEAR LINEAR LINEAR LINEAR LINEAR LINEAR</Name_array>
        <technique_common>
          <accessor source="#mixamorig_Spine1-Interpolations-array" count="30">
            <param type="name"/>
          </accessor>
        </technique_common>
      </source>
      <sampler id="mixamorig_Spine1-Matrix-animation-transform">
        <input semantic="INPUT" source="#mixamorig_Spine1-Matrix-animation-input"/>
        <input semantic="OUTPUT" source="#mixamorig_Spine1-Matrix-animation-output-transform"/>
        <input semantic="INTERPOLATION" source="#mixamorig_Spine1-Interpolations"/>
      </sampler>
      <channel source="#mixamorig_Spine1-Matrix-animation-transform" target="mixamorig_Spine1/matrix"/>
    </animation>
    <animation id="mixamorig_Spine2-anim" name="mixamorig_Spine2">
      <source id="mixamorig_Spine2-Matrix-animation-input">
        <float_array id="mixamorig_Spine2-Matrix-animation-input-array" count="30">

0.000000 0.033333 0.066667 0.100000 0.133333 0.166667 0.200000 0.233333 0.266667 0.300000 0.333333 0.366667 0.400000 0.433333 0.466667 0.500000
0.533333 0.566667 0.600000 0.633333 0.666667 0.700000 0.733333 0.766667 0.800000 0.833333 0.866667 0.900000 0.933333 0.966667</float_array>
        <technique_common>
          <accessor source="#mixamorig_Spine2-Matrix-animation-input-array" count="30">
            <param name="TIME" type="float"/>
          </accessor>
        </technique_common>
      </source>
      <source id="mixamorig_Spine2-Matrix-animation-output-transform">
        <float_array id="mixamorig_Spine2-Matrix-animation-output-transform-array" count="480">

0.999544 -0.019730 0.022852 -0.000000 0.022101 0.993836 -0.108636 14.178300 -0.020568 0.109091 0.993819 0.000000 0.000000 0.000000 0.000000 1.000000
0.999607 -0.014667 0.023881 0.000000 0.017127 0.994186 -0.106306 14.178300 -0.022183 0.106673 0.994047 0.000000 0.000000 0.000000 0.000000 1.000000
0.999703 -0.008884 0.022691 0.000000 0.011353 0.993745 -0.111098 14.178300 -0.021562 0.111323 0.993550 0.000000 0.000000 0.000000 0.000000 1.000000
0.999679 -0.008289 0.023962 -0.000000 0.010863 0.993939 -0.109395 14.178300 -0.022910 0.109620 0.993710 0.000000 0.000000 0.000000 0.000000 1.000000
0.999786 -0.008600 0.018837 0.000000 0.010502 0.994593 -0.103316 14.178300 -0.017847 0.103492 0.994470 0.000000 0.000000 0.000000 0.000000 1.000000
0.999912 -0.008666 0.010060 -0.000000 0.009588 0.995381 -0.095519 14.178300 -0.009186 0.095607 0.995377 -0.000000 0.000000 0.000000 0.000000 1.000000
0.999979 -0.004627 0.004503 0.000000 0.005012 0.995978 -0.089456 14.178300 -0.004070 0.089477 0.995981 0.000000 0.000000 0.000000 0.000000 1.000000
0.999998 -0.001288 -0.001798 0.000000 0.001107 0.995226 -0.097590 14.178300 0.001915 0.097588 0.995225 0.000000 0.000000 0.000000 0.000000 1.000000
0.999999 -0.000880 -0.001121 -0.000000 0.000735 0.992290 -0.123933 14.178300 0.001221 0.123932 0.992290 -0.000000 0.000000 0.000000 0.000000 1.000000
0.999973 0.001260 0.007284 0.000000 -0.000166 0.988958 -0.148198 14.178300 -0.007390 0.148192 0.988931 0.000000 0.000000 0.000000 0.000000 1.000000
0.999978 0.001726 0.006338 0.000000 -0.000719 0.987820 -0.155596 14.178300 -0.006530 0.155588 0.987800 0.000000 0.000000 0.000000 0.000000 1.000000
0.999994 0.002455 0.002546 -0.000000 -0.002047 0.988736 -0.149659 14.178300 -0.002885 0.149653 0.988734 -0.000000 0.000000 0.000000 0.000000 1.000000
0.999993 0.003731 0.000165 -0.000000 -0.003667 0.989287 -0.145936 14.178300 -0.000708 0.145934 0.989294 0.000000 0.000000 0.000000 0.000000 1.000000
0.999996 0.002256 0.001580 -0.000000 -0.001988 0.988272 -0.152691 14.178300 -0.001906 0.152688 0.988273 0.000000 0.000000 0.000000 0.000000 1.000000
0.999993 0.002296 0.002821 -0.000000 -0.001811 0.986910 -0.161260 14.178300 -0.003154 0.161254 0.986908 0.000000 0.000000 0.000000 0.000000 1.000000
0.999961 0.000040 0.008787 -0.000000 0.001221 0.989642 -0.143549 14.178300 -0.008701 0.143554 0.989604 0.000000 0.000000 0.000000 0.000000 1.000000
0.999917 0.000832 0.012824 -0.000000 0.000893 0.990989 -0.133938 14.178300 -0.012820 0.133938 0.990907 0.000000 0.000000 0.000000 0.000000 1.000000
0.999897 0.000604 0.014360 -0.000000 0.001314 0.991091 -0.133183 14.178300 -0.014312 0.133188 0.990987 0.000000 0.000000 0.000000 0.000000 1.000000
0.999853 0.001617 0.017090 0.000000 0.000684 0.991013 -0.133766 14.178300 -0.017152 0.133758 0.990866 0.000000 0.000000 0.000000 0.000000 1.000000
0.999836 0.003507 0.017745 0.000000 -0.001115 0.991108 -0.133057 14.178300 -0.018054 0.133015 0.990950 0.000000 0.000000 0.000000 0.000000 1.000000
0.999822 0.004913 0.018243 0.000000 -0.002469 0.991294 -0.131643 14.178300 -0.018731 0.131575 0.991129 0.000000 0.000000 0.000000 0.000000 1.000000
0.999779 0.001386 0.020981 0.000000 0.001304 0.991815 -0.127674 14.178300 -0.020986 0.127673 0.991594 0.000000 0.000000 0.000000 0.000000 1.000000
0.999731 -0.002644 0.023038 0.000000 0.005470 0.992331 -0.123484 14.178300 -0.022535 0.123577 0.992079 0.000000 0.000000 0.000000 0.000000 1.000000
0.999752 -0.006018 0.021437 0.000000 0.008493 0.993064 -0.117267 14.178300 -0.020582 0.117420 0.992869 0.000000 0.000000 0.000000 0.000000 1.000000
0.999753 -0.011581 0.018959 0.000000 0.013580 0.993950 -0.108989 14.178300 -0.017582 0.109219 0.993862 0.000000 0.000000 0.000000 0.000000 1.000000
0.999742 -0.013702 0.018112 0.000000 0.015550 0.994231 -0.106129 14.178300 -0.016553 0.106383 0.994187 0.000000 0.000000 0.000000 0.000000 1.000000
0.999693 -0.015779 0.019088 0.000000 0.017717 0.994208 -0.106003 14.178300 -0.017305 0.106309 0.994183 0.000000 0.000000 0.000000 0.000000 1.000000
0.999629 -0.017723 0.020692 0.000000 0.019838 0.994070 -0.106916 14.178300 -0.018674 0.107287 0.994053 0.000000 0.000000 0.000000 0.000000 1.000000
0.999570 -0.019163 0.022190 0.000000 0.021454 0.993913 -0.108061 14.178300 -0.019984 0.108491 0.993897 0.000000 0.000000 0.000000 0.000000 1.000000
0.999544 -0.019730 0.022852 0.000000 0.022101 0.993836 -0.108636 14.178300 -0.020568 0.109091 0.993819 0.000000 0.000000 0.000000 0.000000 1.000000</float_array>
        <technique_common>
          <accessor source="#mixamorig_Spine2-Matrix-animation-output-transform-array" count="30" stride="16">
            <param type="float4x4"/>
          </accessor>
        </technique_common>
      </source>
      <source id="mixamorig_Spine2-Interpolations">
        <Name_array id="mixamorig_Spine2-Interpolations-array" count="30">
 LINEAR LINEAR LINEAR LINEAR LINEAR LINEAR LINEAR LINEAR LINEAR LINEAR LINEAR
LINEAR LINEAR LINEAR LINEAR LINEAR LINEAR LINEAR LINEAR LINEAR LINEAR LINEAR LINEAR
LINEAR LINEAR LINEAR LINEAR LINEAR LINEAR LINEAR</Name_array>
        <technique_common>
          <accessor source="#mixamorig_Spine2-Interpolations-array" count="30">
            <param type="name"/>
          </accessor>
        </technique_common>
      </source>
      <sampler id="mixamorig_Spine2-Matrix-animation-transform">
        <input semantic="INPUT" source="#mixamorig_Spine2-Matrix-animation-input"/>
        <input semantic="OUTPUT" source="#mixamorig_Spine2-Matrix-animation-output-transform"/>
        <input semantic="INTERPOLATION" source="#mixamorig_Spine2-Interpolations"/>
      </sampler>
      <channel source="#mixamorig_Spine2-Matrix-animation-transform" target="mixamorig_Spine2/matrix"/>
    </animation>
    <animation id="mixamorig_Neck-anim" name="mixamorig_Neck">
      <source id="mixamorig_Neck-Matrix-animation-input">
        <float_array id="mixamorig_Neck-Matrix-animation-input-array" count="30">

0.000000 0.033333 0.066667 0.100000 0.133333 0.166667 0.200000 0.233333 0.266667 0.300000 0.333333 0.366667 0.400000 0.433333 0.466667 0.500000
0.533333 0.566667 0.600000 0.633333 0.666667 0.700000 0.733333 0.766667 0.800000 0.833333 0.866667 0.900000 0.933333 0.966667</float_array>
        <technique_common>
          <accessor source="#mixamorig_Neck-Matrix-animation-input-array" count="30">
            <param name="TIME" type="float"/>
          </accessor>
        </technique_common>
      </source>
      <source id="mixamorig_Neck-Matrix-animation-output-transform">
        <float_array id="mixamorig_Neck-Matrix-animation-output-transform-array" count="480">

0.985070 0.027000 0.170026 0.024400 -0.032878 0.998952 0.031849 15.862300 -0.168988 -0.036964 0.984925 -1.675800 0.000000 0.000000 0.000000 1.000000
0.987329 0.016712 0.157806 0.024400 -0.029557 0.996404 0.079408 15.862300 -0.155912 -0.083066 0.984272 -1.675800 0.000000 0.000000 0.000000 1.000000
0.988944 0.007844 0.148081 0.024400 -0.025566 0.992665 0.118163 15.862300 -0.146068 -0.120642 0.981891 -1.675800 0.000000 0.000000 0.000000 1.000000
0.989792 0.004574 0.142443 0.024400 -0.020452 0.993698 0.110204 15.862300 -0.141041 -0.111993 0.983649 -1.675800 0.000000 0.000000 0.000000 1.000000
0.990147 0.011532 0.139556 0.024400 -0.019145 0.998393 0.053330 15.862300 -0.138717 -0.055477 0.988777 -1.675800 0.000000 0.000000 0.000000 1.000000
0.989738 0.046146 0.135239 0.024400 -0.041825 0.998525 -0.034619 15.862300 -0.136637 0.028607 0.990208 -1.675800 0.000000 0.000000 0.000000 1.000000
0.988636 0.080133 0.127188 0.024400 -0.067745 0.992788 -0.098907 15.862300 -0.134197 0.089167 0.986935 -1.675800 0.000000 0.000000 0.000000 1.000000
0.989600 0.088986 0.113017 0.024400 -0.080962 0.993987 -0.073718 15.862300 -0.118897 0.063801 0.990855 -1.675800 0.000000 0.000000 0.000000 1.000000
0.990883 0.087307 0.102611 0.024400 -0.086262 0.996166 -0.014584 15.862300 -0.103490 0.005599 0.994615 -1.675800 0.000000 0.000000 0.000000 1.000000
0.991473 0.079546 0.103219 0.024400 -0.084635 0.995355 0.045887 15.862300 -0.099089 -0.054231 0.993600 -1.675800 0.000000 0.000000 0.000000 1.000000
0.991703 0.067501 0.109400 0.024400 -0.079890 0.990363 0.113133 15.862300 -0.100709 -0.120935 0.987539 -1.675800 0.000000 0.000000 0.000000 1.000000
0.991518 0.057924 0.116347 0.024400 -0.078522 0.980322 0.181114 15.862300 -0.103567 -0.188713 0.976556 -1.675800 0.000000 0.000000 0.000000 1.000000
0.991917 0.042548 0.119543 0.024400 -0.067939 0.973772 0.217145 15.862300 -0.107169 -0.223512 0.968792 -1.675800 0.000000 0.000000 0.000000 1.000000
0.990950 0.047164 0.125672 0.024400 -0.073875 0.973318 0.217241 15.862300 -0.112073 -0.224559 0.967994 -1.675800 0.000000 0.000000 0.000000 1.000000
0.990822 0.049063 0.125954 0.024400 -0.074547 0.975627 0.206387 15.862300 -0.112758 -0.213882 0.970330 -1.675800 0.000000 0.000000 0.000000 1.000000
0.990739 0.048804 0.126707 0.024400 -0.070939 0.981733 0.176545 15.862300 -0.115776 -0.183898 0.976103 -1.675800 0.000000 0.000000 0.000000 1.000000
0.989929 0.056224 0.129925 0.024400 -0.075235 0.986361 0.146396 15.862300 -0.119922 -0.154697 0.980657 -1.675800 0.000000 0.000000 0.000000 1.000000
0.988511 0.069646 0.134144 0.024400 -0.086989 0.987940 0.128094 15.862300 -0.123605 -0.138291 0.982648 -1.675800 0.000000 0.000000 0.000000 1.000000
0.986947 0.081519 0.138886 0.024400 -0.095479 0.990694 0.097003 15.862300 -0.129686 -0.108998 0.985546 -1.675800 0.000000 0.000000 0.000000 1.000000
0.986722 0.078102 0.142406 0.024400 -0.086233 0.994925 0.051843 15.862300 -0.137634 -0.063435 0.988450 -1.675800 0.000000 0.000000 0.000000 1.000000
0.986888 0.066734 0.146967 0.024400 -0.070224 0.997356 0.018684 15.862300 -0.145331 -0.028760 0.988965 -1.675800 0.000000 0.000000 0.000000 1.000000
0.986939 0.060192 0.149427 0.024400 -0.062860 0.997935 0.013194 15.862300 -0.148324 -0.022415 0.988685 -1.675800 0.000000 0.000000 0.000000 1.000000
0.987117 0.052990 0.150969 0.024400 -0.056341 0.998249 0.018002 15.862300 -0.149751 -0.026275 0.988375 -1.675800 0.000000 0.000000 0.000000 1.000000
0.987296 0.045812 0.152145 0.024400 -0.050641 0.998324 0.028016 15.862300 -0.150607 -0.035365 0.987961 -1.675800 0.000000 0.000000 0.000000 1.000000
0.987364 0.039340 0.153508 0.024400 -0.045705 0.998226 0.038157 15.862300 -0.151734 -0.044691 0.987410 -1.675800 0.000000 0.000000 0.000000 1.000000
0.987224 0.034259 0.155613 0.024400 -0.041475 0.998198 0.043359 15.862300 -0.153847 -0.049259 0.986866 -1.675800 0.000000 0.000000 0.000000 1.000000
0.986838 0.031126 0.158688 0.024400 -0.038354 0.998352 0.042686 15.862300 -0.157098 -0.048211 0.986406 -1.675800 0.000000 0.000000 0.000000 1.000000
0.986293 0.029458 0.162352 0.024400 -0.036336 0.998556 0.039558 15.862300 -0.160952 -0.044915 0.985940 -1.675800 0.000000 0.000000 0.000000 1.000000
0.985675 0.028375 0.166249 0.024400 -0.034731 0.998768 0.035450 15.862300 -0.165038 -0.040716 0.985446 -1.675800 0.000000 0.000000 0.000000 1.000000
0.985070 0.027000 0.170026 0.024400 -0.032878 0.998952 0.031849 15.862300 -0.168988 -0.036964 0.984925 -1.675800 0.000000 0.000000 0.000000 1.000000</float_array>
        <technique_common>
          <accessor source="#mixamorig_Neck-Matrix-animation-output-transform-array" count="30" stride="16">
            <param type="float4x4"/>
          </accessor>
        </technique_common>
      </source>
      <source id="mixamorig_Neck-Interpolations">
        <Name_array id="mixamorig_Neck-Interpolations-array" count="30">
 LINEAR LINEAR LINEAR LINEAR LINEAR LINEAR LINEAR LINEAR LINEAR LINEAR LINEAR
LINEAR LINEAR LINEAR LINEAR LINEAR LINEAR LINEAR LINEAR LINEAR LINEAR LINEAR LINEAR
LINEAR LINEAR LINEAR LINEAR LINEAR LINEAR LINEAR</Name_array>
        <technique_common>
          <accessor source="#mixamorig_Neck-Interpolations-array" count="30">
            <param type="name"/>
          </accessor>
        </technique_common>
      </source>
      <sampler id="mixamorig_Neck-Matrix-animation-transform">
        <input semantic="INPUT" source="#mixamorig_Neck-Matrix-animation-input"/>
        <input semantic="OUTPUT" source="#mixamorig_Neck-Matrix-animation-output-transform"/>
        <input semantic="INTERPOLATION" source="#mixamorig_Neck-Interpolations"/>
      </sampler>
      <channel source="#mixamorig_Neck-Matrix-animation-transform" target="mixamorig_Neck/matrix"/>
    </animation>
    <animation id="mixamorig_Head-anim" name="mixamorig_Head">
      <source id="mixamorig_Head-Matrix-animation-input">
        <float_array id="mixamorig_Head-Matrix-animation-input-array" count="30">

0.000000 0.033333 0.066667 0.100000 0.133333 0.166667 0.200000 0.233333 0.266667 0.300000 0.333333 0.366667 0.400000 0.433333 0.466667 0.500000
0.533333 0.566667 0.600000 0.633333 0.666667 0.700000 0.733333 0.766667 0.800000 0.833333 0.866667 0.900000 0.933333 0.966667</float_array>
        <technique_common>
          <accessor source="#mixamorig_Head-Matrix-animation-input-array" count="30">
            <param name="TIME" type="float"/>
          </accessor>
        </technique_common>
      </source>
      <source id="mixamorig_Head-Matrix-animation-output-transform">
        <float_array id="mixamorig_Head-Matrix-animation-output-transform-array" count="480">

0.912383 0.079624 0.401518 0.000000 -0.112642 0.991866 0.059267 5.564000 -0.393533 -0.099302 0.913931 0.988100 0.000000 0.000000 0.000000 1.000000
0.922836 0.072353 0.378337 0.000000 -0.137283 0.979482 0.147544 5.564000 -0.359899 -0.188098 0.913834 0.988100 0.000000 0.000000 0.000000 1.000000
0.931760 0.063857 0.357414 0.000000 -0.152084 0.962532 0.224507 5.564000 -0.329686 -0.263543 0.906560 0.988100 0.000000 0.000000 0.000000 1.000000
0.938465 0.046297 0.342258 0.000000 -0.132820 0.963144 0.233907 5.564000 -0.318815 -0.264972 0.910026 0.988100 0.000000 0.000000 0.000000 1.000000
0.943928 0.020685 0.329503 0.000000 -0.082610 0.981085 0.175064 5.564000 -0.319649 -0.192468 0.927783 0.988100 0.000000 0.000000 0.000000 1.000000
0.953435 -0.006346 0.301533 0.000000 -0.023522 0.995169 0.095321 5.564000 -0.300681 -0.097975 0.948679 0.988100 0.000000 0.000000 0.000000 1.000000
0.962380 -0.021410 0.270861 0.000000 0.012780 0.999354 0.033586 5.564000 -0.271405 -0.028861 0.962033 0.988100 0.000000 0.000000 0.000000 1.000000
0.969558 -0.003877 0.244829 -0.000000 -0.010378 0.998325 0.056909 5.564000 -0.244640 -0.057717 0.967895 0.988100 0.000000 0.000000 0.000000 1.000000
0.971803 0.030046 0.233871 0.000000 -0.055726 0.993017 0.103984 5.564000 -0.229114 -0.114085 0.966691 0.988100 0.000000 0.000000 0.000000 1.000000
0.965105 0.072179 0.251720 -0.000000 -0.106340 0.986460 0.124853 5.564000 -0.239300 -0.147264 0.959713 0.988100 0.000000 0.000000 0.000000 1.000000
0.951769 0.118054 0.283196 -0.000000 -0.162163 0.977112 0.137681 5.564000 -0.260460 -0.176964 0.949128 0.988100 0.000000 0.000000 0.000000 1.000000
0.938885 0.149991 0.309835 0.000000 -0.205548 0.966280 0.155091 5.564000 -0.276125 -0.209299 0.938056 0.988100 0.000000 0.000000 0.000000 1.000000
0.927183 0.164512 0.336553 0.000000 -0.240029 0.950655 0.196573 5.564000 -0.287607 -0.263041 0.920919 0.988100 0.000000 0.000000 0.000000 1.000000
0.917732 0.175603 0.356274 0.000000 -0.267578 0.936219 0.227808 5.564000 -0.293547 -0.304398 0.906185 0.988100 0.000000 0.000000 0.000000 1.000000
0.912123 0.197274 0.359326 0.000000 -0.282104 0.938073 0.201089 5.564000 -0.297405 -0.284785 0.911289 0.988100 0.000000 0.000000 0.000000 1.000000
0.910739 0.194469 0.364329 -0.000000 -0.268980 0.948736 0.165978 5.564000 -0.313374 -0.249160 0.916360 0.988100 0.000000 0.000000 0.000000 1.000000
0.912094 0.181438 0.367648 0.000000 -0.246284 0.959390 0.137534 5.564000 -0.327764 -0.215989 0.919739 0.988100 0.000000 0.000000 0.000000 1.000000
0.915120 0.168783 0.366154 0.000000 -0.224530 0.967644 0.115116 5.564000 -0.334877 -0.187557 0.923407 0.988100 0.000000 0.000000 0.000000 1.000000
0.917266 0.146965 0.370168 0.000000 -0.197750 0.974827 0.102990 5.564000 -0.345714 -0.167670 0.923238 0.988100 0.000000 0.000000 0.000000 1.000000
0.914314 0.131581 0.383036 0.000000 -0.175548 0.981048 0.082024 5.564000 -0.364984 -0.142237 0.920084 0.988100 0.000000 0.000000 0.000000 1.000000
0.910054 0.117384 0.397521 0.000000 -0.155131 0.985816 0.064044 5.564000 -0.384364 -0.119952 0.915355 0.988100 0.000000 0.000000 0.000000 1.000000
0.910625 0.109354 0.398501 -0.000000 -0.150339 0.985937 0.072989 5.564000 -0.384915 -0.126376 0.914259 0.988100 0.000000 0.000000 0.000000 1.000000
0.911418 0.106155 0.397552 -0.000000 -0.156077 0.983137 0.095300 5.564000 -0.380731 -0.148907 0.912617 0.988100 0.000000 0.000000 0.000000 1.000000
0.912284 0.105483 0.395742 -0.000000 -0.165972 0.978584 0.121769 5.564000 -0.374422 -0.176769 0.910253 0.988100 0.000000 0.000000 0.000000 1.000000
0.913035 0.105035 0.394125 0.000000 -0.173905 0.974292 0.143222 5.564000 -0.368950 -0.199307 0.907829 0.988100 0.000000 0.000000 0.000000 1.000000
0.913483 0.102501 0.393755 0.000000 -0.174083 0.973157 0.150531 5.564000 -0.367756 -0.206054 0.906806 0.988100 0.000000 0.000000 0.000000 1.000000
0.913509 0.097555 0.394948 0.000000 -0.164377 0.976557 0.138984 5.564000 -0.372130 -0.191884 0.908130 0.988100 0.000000 0.000000 0.000000 1.000000
0.913229 0.091753 0.396982 -0.000000 -0.148637 0.982192 0.114921 5.564000 -0.379368 -0.163955 0.910603 0.988100 0.000000 0.000000 0.000000 1.000000
0.912797 0.085604 0.399342 0.000000 -0.130187 0.987767 0.085835 5.564000 -0.387109 -0.130339 0.912775 0.988100 0.000000 0.000000 0.000000 1.000000
0.912383 0.079624 0.401518 0.000000 -0.112642 0.991866 0.059267 5.564000 -0.393533 -0.099302 0.913931 0.988100 0.000000 0.000000 0.000000 1.000000</float_array>
        <technique_common>
          <accessor source="#mixamorig_Head-Matrix-animation-output-transform-array" count="30" stride="16">
            <param type="float4x4"/>
          </accessor>
        </technique_common>
      </source>
      <source id="mixamorig_Head-Interpolations">
        <Name_array id="mixamorig_Head-Interpolations-array" count="30">
 LINEAR LINEAR LINEAR LINEAR LINEAR LINEAR LINEAR LINEAR LINEAR LINEAR LINEAR
LINEAR LINEAR LINEAR LINEAR LINEAR LINEAR LINEAR LINEAR LINEAR LINEAR LINEAR LINEAR
LINEAR LINEAR LINEAR LINEAR LINEAR LINEAR LINEAR</Name_array>
        <technique_common>
          <accessor source="#mixamorig_Head-Interpolations-array" count="30">
            <param type="name"/>
          </accessor>
        </technique_common>
      </source>
      <sampler id="mixamorig_Head-Matrix-animation-transform">
        <input semantic="INPUT" source="#mixamorig_Head-Matrix-animation-input"/>
        <input semantic="OUTPUT" source="#mixamorig_Head-Matrix-animation-output-transform"/>
