<?xml version="1.0" encoding="utf-8"?>
<COLLADA xmlns="http://www.collada.org/2005/11/COLLADASchema" version="1.4.1">
  <asset>
    <contributor>
      <author>Mixamo</author>
      <authoring_tool>COLLADA Mixamo exporter</authoring_tool>
      <comments/>
    </contributor>
    <created>2022-12-10T03:52:39Z</created>
    <modified>2022-12-10T03:52:39Z</modified>
    <revision/>
    <title/>
    <unit meter="0.010000"/>
    <up_axis>Y_UP</up_axis>
  </asset>
  <library_animations>
    <animation id="mixamorig_Hips-anim" name="mixamorig_Hips">
      <source id="mixamorig_Hips-Matrix-animation-input">
        <float_array id="mixamorig_Hips-Matrix-animation-input-array" count="77">

0.000000 0.033333 0.066667 0.100000 0.133333 0.166667 0.200000 0.233333 0.266667 0.300000 0.333333 0.366667 0.400000 0.433333 0.466667 0.500000
0.533333 0.566667 0.600000 0.633333 0.666667 0.700000 0.733333 0.766667 0.800000 0.833333 0.866667 0.900000 0.933333 0.966667 1.000000 1.033333
1.066667 1.100000 1.133333 1.166667 1.200000 1.233333 1.266667 1.300000 1.333333 1.366667 1.400000 1.433333 1.466667 1.500000 1.533333 1.566667
1.600000 1.633333 1.666667 1.700000 1.733333 1.766667 1.800000 1.833333 1.866667 1.900000 1.933333 1.966667 2.000000 2.033333 2.066667 2.100000
2.133333 2.166667 2.200000 2.233333 2.266667 2.300000 2.333333 2.366667 2.400000 2.433333 2.466667 2.500000 2.533333</float_array>
        <technique_common>
          <accessor source="#mixamorig_Hips-Matrix-animation-input-array" count="77">
            <param name="TIME" type="float"/>
          </accessor>
        </technique_common>
      </source>
      <source id="mixamorig_Hips-Matrix-animation-output-transform">
        <float_array id="mixamorig_Hips-Matrix-animation-output-transform-array" count="1232">

0.582187 -0.121236 -0.803965 -0.024746 -0.014365 0.987132 -0.159259 80.561256 0.812928 0.104268 0.572954 0.030004 0.000000 0.000000 0.000000 1.000000
0.581146 -0.120085 -0.804890 -0.021255 -0.014496 0.987368 -0.157776 80.597305 0.813670 0.103359 0.572065 0.054729 0.000000 0.000000 0.000000 1.000000
0.581080 -0.119064 -0.805090 -0.000145 -0.014816 0.987529 -0.156738 80.634537 0.813712 0.103005 0.572069 0.071130 0.000000 0.000000 0.000000 1.000000
0.579402 -0.117810 -0.806483 0.002810 -0.015122 0.987774 -0.155157 80.683525 0.814902 0.102094 0.570537 0.096483 0.000000 0.000000 0.000000 1.000000
0.578989 -0.119160 -0.806581 -0.002780 -0.015162 0.987518 -0.156774 80.738426 0.815195 0.103000 0.569955 0.116416 0.000000 0.000000 0.000000 1.000000
0.579204 -0.119828 -0.806327 0.014920 -0.015316 0.987363 -0.157734 80.789200 0.815039 0.103710 0.570049 0.130691 0.000000 0.000000 0.000000 1.000000
0.578097 -0.119962 -0.807101 0.028786 -0.015467 0.987345 -0.157831 80.840950 0.815821 0.103724 0.568926 0.152225 0.000000 0.000000 0.000000 1.000000
0.577113 -0.119289 -0.807905 0.045902 -0.015934 0.987441 -0.157180 80.895897 0.816509 0.103584 0.567965 0.172262 0.000000 0.000000 0.000000 1.000000
0.576870 -0.119378 -0.808065 0.065203 -0.016359 0.987376 -0.157547 80.947044 0.816672 0.104103 0.567635 0.194081 0.000000 0.000000 0.000000 1.000000
0.576366 -0.120107 -0.808317 0.085187 -0.016423 0.987238 -0.158404 80.998283 0.817026 0.104574 0.567038 0.216001 0.000000 0.000000 0.000000 1.000000
0.575914 -0.119970 -0.808660 0.107527 -0.016767 0.987232 -0.158403 81.047859 0.817338 0.104785 0.566549 0.236482 0.000000 0.000000 0.000000 1.000000
0.575869 -0.119673 -0.808736 0.130044 -0.017499 0.987197 -0.158542 81.093605 0.817355 0.105452 0.566402 0.250035 0.000000 0.000000 0.000000 1.000000
0.575613 -0.119510 -0.808942 0.150586 -0.017697 0.987210 -0.158440 81.139130 0.817531 0.105516 0.566136 0.265535 0.000000 0.000000 0.000000 1.000000
0.575160 -0.119746 -0.809229 0.167881 -0.018247 0.987104 -0.159037 81.184525 0.817837 0.106238 0.565558 0.272864 0.000000 0.000000 0.000000 1.000000
0.574929 -0.119969 -0.809360 0.183302 -0.018587 0.987022 -0.159506 81.233536 0.817992 0.106748 0.565238 0.280140 0.000000 0.000000 0.000000 1.000000
0.574596 -0.120400 -0.809533 0.195493 -0.018945 0.986898 -0.160226 81.270325 0.818218 0.107402 0.564787 0.279943 0.000000 0.000000 0.000000 1.000000
0.574299 -0.117370 -0.810188 0.227475 -0.019730 0.987397 -0.157027 81.296005 0.818408 0.106166 0.564746 0.276687 0.000000 0.000000 0.000000 1.000000
0.573891 -0.115877 -0.810692 0.251171 -0.020157 0.987640 -0.155438 81.318291 0.818684 0.105546 0.564462 0.268440 0.000000 0.000000 0.000000 1.000000
0.574499 -0.116642 -0.810152 0.265079 -0.020212 0.987470 -0.156504 81.327820 0.818256 0.106286 0.564943 0.259987 0.000000 0.000000 0.000000 1.000000
0.575471 -0.118285 -0.809223 0.274671 -0.020103 0.987140 -0.158587 81.327026 0.817575 0.107530 0.565693 0.251835 0.000000 0.000000 0.000000 1.000000
0.575948 -0.119316 -0.808732 0.283123 -0.019968 0.986943 -0.159829 81.320526 0.817243 0.108202 0.566045 0.245751 0.000000 0.000000 0.000000 1.000000
0.576350 -0.119182 -0.808466 0.298433 -0.019777 0.986984 -0.159597 81.309784 0.816964 0.107973 0.566491 0.241591 0.000000 0.000000 0.000000 1.000000
0.576592 -0.118643 -0.808373 0.311212 -0.019669 0.987098 -0.158903 81.294502 0.816796 0.107522 0.566819 0.236598 0.000000 0.000000 0.000000 1.000000
0.577288 -0.118634 -0.807876 0.326180 -0.019679 0.987080 -0.159012 81.269211 0.816303 0.107695 0.567495 0.227630 0.000000 0.000000 0.000000 1.000000
0.577538 -0.119691 -0.807542 0.346733 -0.019107 0.986941 -0.159946 81.236481 0.816140 0.107805 0.567709 0.214107 0.000000 0.000000 0.000000 1.000000
0.577706 -0.119517 -0.807447 0.362848 -0.019053 0.986978 -0.159722 81.196915 0.816022 0.107657 0.567906 0.193585 0.000000 0.000000 0.000000 1.000000
0.578287 -0.119332 -0.807059 0.383079 -0.018844 0.987027 -0.159445 81.152428 0.815616 0.107413 0.568536 0.169545 0.000000 0.000000 0.000000 1.000000
0.579311 -0.120124 -0.806207 0.409170 -0.018557 0.986881 -0.160379 81.097511 0.814896 0.107870 0.569481 0.132050 0.000000 0.000000 0.000000 1.000000
0.579489 -0.120091 -0.806084 0.427587 -0.017569 0.987013 -0.159676 81.036949 0.814791 0.106692 0.569853 0.095211 0.000000 0.000000 0.000000 1.000000
0.580185 -0.119788 -0.805628 0.440471 -0.017262 0.987095 -0.159201 80.985916 0.814302 0.106273 0.570630 0.050704 0.000000 0.000000 0.000000 1.000000
0.581183 -0.119120 -0.805007 0.448249 -0.016955 0.987241 -0.158326 80.941917 0.813596 0.105665 0.571748 0.015938 0.000000 0.000000 0.000000 1.000000
0.582012 -0.118912 -0.804439 0.439944 -0.016647 0.987301 -0.157988 80.907455 0.813010 0.105343 0.572641 -0.014022 0.000000 0.000000 0.000000 1.000000
0.582602 -0.118860 -0.804019 0.423193 -0.016467 0.987319 -0.157889 80.878685 0.812590 0.105227 0.573257 -0.042282 0.000000 0.000000 0.000000 1.000000
0.583225 -0.118732 -0.803586 0.408477 -0.016291 0.987351 -0.157707 80.853668 0.812147 0.105070 0.573914 -0.064101 0.000000 0.000000 0.000000 1.000000
0.584194 -0.118219 -0.802958 0.408901 -0.016003 0.987465 -0.157027 80.828773 0.811457 0.104584 0.574979 -0.068702 0.000000 0.000000 0.000000 1.000000
0.583972 -0.117547 -0.803218 0.407447 -0.015800 0.987627 -0.156022 80.809822 0.811620 0.103804 0.574890 -0.057799 0.000000 0.000000 0.000000 1.000000
0.583557 -0.117354 -0.803548 0.406541 -0.015633 0.987696 -0.155601 80.795959 0.811922 0.103364 0.574542 -0.041438 0.000000 0.000000 0.000000 1.000000
0.582525 -0.117258 -0.804310 0.409065 -0.015613 0.987743 -0.155308 80.787628 0.812663 0.103028 0.573554 -0.017530 0.000000 0.000000 0.000000 1.000000
0.582397 -0.116722 -0.804481 0.423277 -0.015600 0.987851 -0.154621 80.788040 0.812755 0.102601 0.573500 0.002655 0.000000 0.000000 0.000000 1.000000
0.581964 -0.116880 -0.804771 0.432644 -0.015605 0.987830 -0.154751 80.802116 0.813065 0.102618 0.573058 0.024673 0.000000 0.000000 0.000000 1.000000
0.581487 -0.117260 -0.805061 0.442891 -0.015437 0.987790 -0.155025 80.824478 0.813409 0.102573 0.572577 0.050500 0.000000 0.000000 0.000000 1.000000
0.579991 -0.117361 -0.806125 0.449169 -0.015523 0.987796 -0.154979 80.860893 0.814475 0.102400 0.571091 0.086536 0.000000 0.000000 0.000000 1.000000
0.578165 -0.117361 -0.807435 0.454071 -0.015753 0.987811 -0.154859 80.906250 0.815768 0.102253 0.569269 0.127679 0.000000 0.000000 0.000000 1.000000
0.576754 -0.117565 -0.808414 0.459722 -0.016186 0.987751 -0.155194 80.955818 0.816757 0.102594 0.567787 0.173145 0.000000 0.000000 0.000000 1.000000
0.576171 -0.117905 -0.808780 0.473321 -0.016794 0.987624 -0.155941 81.004547 0.817157 0.103431 0.567060 0.226970 0.000000 0.000000 0.000000 1.000000
0.574803 -0.118296 -0.809696 0.476883 -0.017323 0.987514 -0.156573 81.061096 0.818108 0.104025 0.565577 0.286662 0.000000 0.000000 0.000000 1.000000
0.573241 -0.118101 -0.810831 0.480578 -0.017950 0.987511 -0.156525 81.120972 0.819190 0.104281 0.563962 0.343916 0.000000 0.000000 0.000000 1.000000
0.572079 -0.117153 -0.811788 0.489521 -0.018796 0.987614 -0.155773 81.175064 0.819983 0.104373 0.562791 0.404436 0.000000 0.000000 0.000000 1.000000
0.572258 -0.117981 -0.811543 0.494387 -0.019190 0.987400 -0.157079 81.231537 0.819849 0.105463 0.562783 0.454522 0.000000 0.000000 0.000000 1.000000
0.571430 -0.118278 -0.812082 0.500743 -0.019781 0.987286 -0.157716 81.280159 0.820412 0.106187 0.561825 0.491389 0.000000 0.000000 0.000000 1.000000
0.571227 -0.118555 -0.812185 0.505250 -0.020433 0.987153 -0.158466 81.325920 0.820538 0.107115 0.561466 0.523949 0.000000 0.000000 0.000000 1.000000
0.570992 -0.119079 -0.812274 0.507154 -0.020990 0.986983 -0.159446 81.375465 0.820688 0.108092 0.561060 0.551323 0.000000 0.000000 0.000000 1.000000
0.570630 -0.119215 -0.812508 0.508630 -0.021416 0.986910 -0.159845 81.419334 0.820928 0.108613 0.560608 0.568166 0.000000 0.000000 0.000000 1.000000
0.570509 -0.119837 -0.812501 0.510896 -0.021889 0.986727 -0.160904 81.447319 0.820999 0.109581 0.560314 0.567941 0.000000 0.000000 0.000000 1.000000
0.571077 -0.120018 -0.812076 0.512280 -0.022326 0.986618 -0.161515 81.464409 0.820593 0.110367 0.560755 0.557735 0.000000 0.000000 0.000000 1.000000
0.572303 -0.120459 -0.811147 0.512253 -0.022468 0.986478 -0.162348 81.471169 0.819734 0.111137 0.561858 0.535403 0.000000 0.000000 0.000000 1.000000
0.573274 -0.120620 -0.810437 0.501095 -0.022770 0.986378 -0.162913 81.470566 0.819047 0.111848 0.562718 0.501275 0.000000 0.000000 0.000000 1.000000
0.574258 -0.120197 -0.809803 0.487491 -0.022924 0.986415 -0.162667 81.464058 0.818354 0.111977 0.563701 0.464194 0.000000 0.000000 0.000000 1.000000
0.575209 -0.120395 -0.809098 0.468035 -0.022743 0.986373 -0.162943 81.447975 0.817690 0.112128 0.564633 0.424864 0.000000 0.000000 0.000000 1.000000
0.575993 -0.120659 -0.808501 0.445918 -0.022447 0.986339 -0.163191 81.421692 0.817146 0.112145 0.565416 0.381173 0.000000 0.000000 0.000000 1.000000
0.577317 -0.120684 -0.807552 0.425847 -0.022067 0.986349 -0.163180 81.385399 0.816222 0.112027 0.566774 0.342335 0.000000 0.000000 0.000000 1.000000
0.578671 -0.121320 -0.806487 0.408902 -0.021272 0.986292 -0.163630 81.331093 0.815284 0.111843 0.568158 0.303310 0.000000 0.000000 0.000000 1.000000
0.579702 -0.121574 -0.805708 0.389769 -0.020780 0.986279 -0.163771 81.268524 0.814563 0.111682 0.569222 0.258067 0.000000 0.000000 0.000000 1.000000
0.580607 -0.121738 -0.805031 0.355762 -0.020227 0.986296 -0.163738 81.213364 0.813932 0.111351 0.570188 0.220589 0.000000 0.000000 0.000000 1.000000
0.581233 -0.122272 -0.804498 0.327661 -0.019231 0.986306 -0.163799 81.149506 0.813510 0.110677 0.570923 0.173798 0.000000 0.000000 0.000000 1.000000
0.582064 -0.122235 -0.803903 0.296106 -0.018554 0.986383 -0.163415 81.083458 0.812931 0.110033 0.571870 0.128834 0.000000 0.000000 0.000000 1.000000
0.582587 -0.121348 -0.803659 0.254240 -0.018066 0.986614 -0.162069 81.023125 0.812568 0.108938 0.572596 0.090181 0.000000 0.000000 0.000000 1.000000
0.582995 -0.120755 -0.803452 0.211176 -0.017666 0.986776 -0.161126 80.966400 0.812283 0.108129 0.573152 0.047830 0.000000 0.000000 0.000000 1.000000
0.583559 -0.120803 -0.803035 0.166222 -0.017220 0.986810 -0.160963 80.907478 0.811888 0.107760 0.573782 0.015741 0.000000 0.000000 0.000000 1.000000
0.584171 -0.121120 -0.802543 0.130948 -0.016622 0.986810 -0.161029 80.847504 0.811461 0.107408 0.574452 -0.012664 0.000000 0.000000 0.000000 1.000000
0.584414 -0.121567 -0.802298 0.100116 -0.016120 0.986780 -0.161262 80.786514 0.811296 0.107176 0.574728 -0.039273 0.000000 0.000000 0.000000 1.000000
0.584638 -0.120836 -0.802245 0.073929 -0.015319 0.987026 -0.159831 80.736694 0.811149 0.105733 0.575202 -0.047668 0.000000 0.000000 0.000000 1.000000
0.584442 -0.120750 -0.802400 0.043946 -0.014918 0.987100 -0.159410 80.699348 0.811298 0.105137 0.575102 -0.048389 0.000000 0.000000 0.000000 1.000000
0.584046 -0.120698 -0.802697 0.024344 -0.014419 0.987185 -0.158929 80.660110 0.811592 0.104396 0.574821 -0.040561 0.000000 0.000000 0.000000 1.000000
0.583604 -0.120787 -0.803005 0.009525 -0.014063 0.987224 -0.158718 80.621994 0.811916 0.103921 0.574449 -0.020073 0.000000 0.000000 0.000000 1.000000
0.583362 -0.120731 -0.803189 -0.007459 -0.013850 0.987268 -0.158461 80.588997 0.812094 0.103564 0.574263 0.009101 0.000000 0.000000 0.000000 1.000000
0.582382 -0.121211 -0.803828 -0.024010 -0.014365 0.987132 -0.159259 80.561256 0.812788 0.104297 0.573147 0.033248 0.000000 0.000000 0.000000 1.000000</float_array>
        <technique_common>
          <accessor source="#mixamorig_Hips-Matrix-animation-output-transform-array" count="77" stride="16">
            <param type="float4x4"/>
          </accessor>
        </technique_common>
      </source>
      <source id="mixamorig_Hips-Interpolations">
        <Name_array id="mixamorig_Hips-Interpolations-array" count="77">
 LINEAR LINEAR LINEAR LINEAR LINEAR LINEAR LINEAR LINEAR LINEAR LINEAR LINEAR
LINEAR LINEAR LINEAR LINEAR LINEAR LINEAR LINEAR LINEAR LINEAR LINEAR LINEAR LINEAR
LINEAR LINEAR LINEAR LINEAR LINEAR LINEAR LINEAR LINEAR LINEAR LINEAR LINEAR LINEAR
LINEAR LINEAR LINEAR LINEAR LINEAR LINEAR LINEAR LINEAR LINEAR LINEAR LINEAR LINEAR
LINEAR LINEAR LINEAR LINEAR LINEAR LINEAR LINEAR LINEAR LINEAR LINEAR LINEAR LINEAR
LINEAR LINEAR LINEAR LINEAR LINEAR LINEAR LINEAR LINEAR LINEAR LINEAR LINEAR LINEAR
LINEAR LINEAR LINEAR LINEAR LINEAR LINEAR</Name_array>
        <technique_common>
          <accessor source="#mixamorig_Hips-Interpolations-array" count="77">
            <param type="name"/>
          </accessor>
        </technique_common>
      </source>
      <sampler id="mixamorig_Hips-Matrix-animation-transform">
        <input semantic="INPUT" source="#mixamorig_Hips-Matrix-animation-input"/>
        <input semantic="OUTPUT" source="#mixamorig_Hips-Matrix-animation-output-transform"/>
        <input semantic="INTERPOLATION" source="#mixamorig_Hips-Interpolations"/>
      </sampler>
      <channel source="#mixamorig_Hips-Matrix-animation-transform" target="mixamorig_Hips/matrix"/>
    </animation>
    <animation id="mixamorig_Spine-anim" name="mixamorig_Spine">
      <source id="mixamorig_Spine-Matrix-animation-input">
        <float_array id="mixamorig_Spine-Matrix-animation-input-array" count="77">

0.000000 0.033333 0.066667 0.100000 0.133333 0.166667 0.200000 0.233333 0.266667 0.300000 0.333333 0.366667 0.400000 0.433333 0.466667 0.500000
0.533333 0.566667 0.600000 0.633333 0.666667 0.700000 0.733333 0.766667 0.800000 0.833333 0.866667 0.900000 0.933333 0.966667 1.000000 1.033333
1.066667 1.100000 1.133333 1.166667 1.200000 1.233333 1.266667 1.300000 1.333333 1.366667 1.400000 1.433333 1.466667 1.500000 1.533333 1.566667
1.600000 1.633333 1.666667 1.700000 1.733333 1.766667 1.800000 1.833333 1.866667 1.900000 1.933333 1.966667 2.000000 2.033333 2.066667 2.100000
2.133333 2.166667 2.200000 2.233333 2.266667 2.300000 2.333333 2.366667 2.400000 2.433333 2.466667 2.500000 2.533333</float_array>
        <technique_common>
          <accessor source="#mixamorig_Spine-Matrix-animation-input-array" count="77">
            <param name="TIME" type="float"/>
          </accessor>
        </technique_common>
      </source>
      <source id="mixamorig_Spine-Matrix-animation-output-transform">
        <float_array id="mixamorig_Spine-Matrix-animation-output-transform-array" count="1232">

0.996514 0.049266 0.067321 0.017300 -0.047750 0.998572 -0.023939 10.574800 -0.068404 0.020641 0.997444 -1.117200 0.000000 0.000000 0.000000 1.000000
0.996473 0.049152 0.068007 0.017300 -0.047563 0.998560 -0.024798 10.574800 -0.069128 0.021476 0.997377 -1.117200 0.000000 0.000000 0.000000 1.000000
0.996503 0.048892 0.067755 0.017300 -0.047186 0.998533 -0.026548 10.574800 -0.068953 0.023258 0.997349 -1.117200 0.000000 0.000000 0.000000 1.000000
0.996469 0.049192 0.068047 0.017300 -0.047445 0.998507 -0.027051 10.574800 -0.069276 0.023727 0.997315 -1.117200 0.000000 0.000000 0.000000 1.000000
0.996450 0.050001 0.067731 0.017300 -0.048412 0.998517 -0.024903 10.574800 -0.068875 0.021536 0.997393 -1.117200 0.000000 0.000000 0.000000 1.000000
0.996493 0.050539 0.066690 0.017300 -0.049074 0.998521 -0.023421 10.574800 -0.067775 0.020066 0.997499 -1.117200 0.000000 0.000000 0.000000 1.000000
0.996489 0.050946 0.066443 0.017300 -0.049470 0.998495 -0.023665 10.574800 -0.067548 0.020295 0.997510 -1.117200 0.000000 0.000000 0.000000 1.000000
0.996496 0.051133 0.066190 0.017300 -0.049620 0.998472 -0.024307 10.574800 -0.067332 0.020937 0.997511 -1.117200 0.000000 0.000000 0.000000 1.000000
0.996537 0.051287 0.065446 0.017300 -0.049813 0.998471 -0.023953 10.574800 -0.066574 0.020610 0.997569 -1.117200 0.000000 0.000000 0.000000 1.000000
0.996523 0.051675 0.065357 0.017300 -0.050259 0.998468 -0.023129 10.574800 -0.066452 0.019764 0.997594 -1.117200 0.000000 0.000000 0.000000 1.000000
0.996527 0.051674 0.065291 0.017300 -0.050261 0.998469 -0.023096 10.574800 -0.066385 0.019734 0.997599 -1.117200 0.000000 0.000000 0.000000 1.000000
0.996585 0.051398 0.064619 0.017300 -0.049959 0.998470 -0.023695 10.574800 -0.065738 0.020386 0.997629 -1.117200 0.000000 0.000000 0.000000 1.000000
0.996599 0.051433 0.064384 0.017300 -0.049964 0.998457 -0.024228 10.574800 -0.065531 0.020929 0.997631 -1.117200 0.000000 0.000000 0.000000 1.000000
0.996612 0.051213 0.064358 0.017300 -0.049744 0.998468 -0.024228 10.574800 -0.065500 0.020944 0.997633 -1.117200 0.000000 0.000000 0.000000 1.000000
0.996649 0.051021 0.063935 0.017300 -0.049586 0.998486 -0.023828 10.574800 -0.065054 0.020578 0.997670 -1.117200 0.000000 0.000000 0.000000 1.000000
0.996652 0.051038 0.063868 0.017300 -0.049608 0.998486 -0.023780 10.574800 -0.064985 0.020533 0.997675 -1.117200 0.000000 0.000000 0.000000 1.000000
0.996684 0.050301 0.063966 0.017300 -0.048613 0.998434 -0.027683 10.574800 -0.065259 0.024482 0.997568 -1.117200 0.000000 0.000000 0.000000 1.000000
0.996710 0.049659 0.064059 0.017300 -0.047741 0.998375 -0.031123 10.574800 -0.065500 0.027962 0.997461 -1.117200 0.000000 0.000000 0.000000 1.000000
0.996723 0.049624 0.063882 0.017300 -0.047788 0.998408 -0.029955 10.574800 -0.065267 0.026804 0.997508 -1.117200 0.000000 0.000000 0.000000 1.000000
0.996756 0.049645 0.063341 0.017300 -0.047982 0.998469 -0.027515 10.574800 -0.064610 0.024387 0.997613 -1.117200 0.000000 0.000000 0.000000 1.000000
0.996744 0.049623 0.063555 0.017300 -0.048026 0.998497 -0.026422 10.574800 -0.064770 0.023283 0.997629 -1.117200 0.000000 0.000000 0.000000 1.000000
0.996736 0.049394 0.063857 0.017300 -0.047763 0.998499 -0.026822 10.574800 -0.065086 0.023684 0.997599 -1.117200 0.000000 0.000000 0.000000 1.000000
0.996792 0.048846 0.063401 0.017300 -0.047175 0.998505 -0.027599 10.574800 -0.064654 0.024520 0.997606 -1.117200 0.000000 0.000000 0.000000 1.000000
0.996818 0.048465 0.063280 0.017300 -0.046783 0.998518 -0.027790 10.574800 -0.064533 0.024741 0.997609 -1.117200 0.000000 0.000000 0.000000 1.000000
0.996805 0.048349 0.063583 0.017300 -0.046683 0.998533 -0.027423 10.574800 -0.064815 0.024367 0.997600 -1.117200 0.000000 0.000000 0.000000 1.000000
0.996827 0.047975 0.063513 0.017300 -0.046285 0.998541 -0.027824 10.574800 -0.064756 0.024796 0.997593 -1.117200 0.000000 0.000000 0.000000 1.000000
0.996860 0.047528 0.063332 0.017300 -0.045806 0.998547 -0.028380 10.574800 -0.064589 0.025390 0.997589 -1.117200 0.000000 0.000000 0.000000 1.000000
0.996868 0.047409 0.063296 0.017300 -0.045696 0.998556 -0.028232 10.574800 -0.064543 0.025251 0.997595 -1.117200 0.000000 0.000000 0.000000 1.000000
0.996843 0.047614 0.063535 0.017300 -0.045865 0.998535 -0.028710 10.574800 -0.064809 0.025705 0.997567 -1.117200 0.000000 0.000000 0.000000 1.000000
0.996839 0.047443 0.063726 0.017300 -0.045639 0.998523 -0.029480 10.574800 -0.065030 0.026479 0.997532 -1.117200 0.000000 0.000000 0.000000 1.000000
0.996854 0.047051 0.063776 0.017300 -0.045207 0.998525 -0.030057 10.574800 -0.065096 0.027080 0.997512 -1.117200 0.000000 0.000000 0.000000 1.000000
0.996865 0.046850 0.063753 0.017300 -0.045012 0.998537 -0.029960 10.574800 -0.065064 0.026997 0.997516 -1.117200 0.000000 0.000000 0.000000 1.000000
0.996873 0.046737 0.063713 0.017300 -0.044945 0.998561 -0.029271 10.574800 -0.064989 0.026316 0.997539 -1.117200 0.000000 0.000000 0.000000 1.000000
0.996894 0.046509 0.063561 0.017300 -0.044758 0.998586 -0.028692 10.574800 -0.064806 0.025758 0.997565 -1.117200 0.000000 0.000000 0.000000 1.000000
0.996942 0.045986 0.063175 0.017300 -0.044233 0.998604 -0.028876 10.574800 -0.064414 0.025993 0.997585 -1.117200 0.000000 0.000000 0.000000 1.000000
0.996975 0.045477 0.063031 0.017300 -0.043704 0.998617 -0.029235 10.574800 -0.064274 0.026392 0.997583 -1.117200 0.000000 0.000000 0.000000 1.000000
0.996964 0.045149 0.063434 0.017300 -0.043377 0.998636 -0.029048 10.574800 -0.064659 0.026208 0.997563 -1.117200 0.000000 0.000000 0.000000 1.000000
0.996949 0.044787 0.063933 0.017300 -0.042988 0.998648 -0.029237 10.574800 -0.065156 0.026399 0.997526 -1.117200 0.000000 0.000000 0.000000 1.000000
0.996957 0.044531 0.063984 0.017300 -0.042696 0.998645 -0.029763 10.574800 -0.065222 0.026940 0.997507 -1.117200 0.000000 0.000000 0.000000 1.000000
0.996959 0.044598 0.063903 0.017300 -0.042767 0.998642 -0.029744 10.574800 -0.065143 0.026921 0.997513 -1.117200 0.000000 0.000000 0.000000 1.000000
0.996940 0.045009 0.063905 0.017300 -0.043190 0.998629 -0.029576 10.574800 -0.065149 0.026725 0.997518 -1.117200 0.000000 0.000000 0.000000 1.000000
0.996870 0.045483 0.064661 0.017300 -0.043630 0.998604 -0.029790 10.574800 -0.065926 0.026876 0.997463 -1.117200 0.000000 0.000000 0.000000 1.000000
0.996781 0.045940 0.065707 0.017300 -0.044042 0.998578 -0.030044 10.574800 -0.066994 0.027054 0.997387 -1.117200 0.000000 0.000000 0.000000 1.000000
0.996746 0.046312 0.065974 0.017300 -0.044426 0.998569 -0.029776 10.574800 -0.067258 0.026748 0.997377 -1.117200 0.000000 0.000000 0.000000 1.000000
0.996768 0.046588 0.065447 0.017300 -0.044756 0.998572 -0.029175 10.574800 -0.066713 0.026152 0.997429 -1.117200 0.000000 0.000000 0.000000 1.000000
0.996728 0.047242 0.065585 0.017300 -0.045443 0.998556 -0.028659 10.574800 -0.066844 0.025585 0.997435 -1.117200 0.000000 0.000000 0.000000 1.000000
0.996672 0.047854 0.065987 0.017300 -0.046023 0.998520 -0.028995 10.574800 -0.067276 0.025862 0.997399 -1.117200 0.000000 0.000000 0.000000 1.000000
0.996654 0.048181 0.066029 0.017300 -0.046273 0.998474 -0.030129 10.574800 -0.067380 0.026973 0.997363 -1.117200 0.000000 0.000000 0.000000 1.000000
0.996653 0.048950 0.065473 0.017300 -0.047083 0.998447 -0.029763 10.574800 -0.066828 0.026581 0.997410 -1.117200 0.000000 0.000000 0.000000 1.000000
0.996612 0.049896 0.065390 0.017300 -0.048062 0.998414 -0.029328 10.574800 -0.066749 0.026086 0.997429 -1.117200 0.000000 0.000000 0.000000 1.000000
0.996563 0.050677 0.065522 0.017300 -0.048854 0.998381 -0.029140 10.574800 -0.066893 0.025839 0.997426 -1.117200 0.000000 0.000000 0.000000 1.000000
0.996525 0.051212 0.065696 0.017300 -0.049422 0.998369 -0.028583 10.574800 -0.067053 0.025237 0.997430 -1.117200 0.000000 0.000000 0.000000 1.000000
0.996450 0.051733 0.066416 0.017300 -0.049929 0.998345 -0.028537 10.574800 -0.067782 0.025119 0.997384 -1.117200 0.000000 0.000000 0.000000 1.000000
0.996393 0.052230 0.066884 0.017300 -0.050420 0.998322 -0.028485 10.574800 -0.068259 0.025010 0.997354 -1.117200 0.000000 0.000000 0.000000 1.000000
0.996371 0.052380 0.067083 0.017300 -0.050571 0.998317 -0.028392 10.574800 -0.068457 0.024896 0.997343 -1.117200 0.000000 0.000000 0.000000 1.000000
0.996346 0.052438 0.067415 0.017300 -0.050643 0.998322 -0.028064 10.574800 -0.068774 0.024547 0.997330 -1.117200 0.000000 0.000000 0.000000 1.000000
0.996318 0.052482 0.067800 0.017300 -0.050676 0.998320 -0.028085 10.574800 -0.069160 0.024546 0.997304 -1.117200 0.000000 0.000000 0.000000 1.000000
0.996299 0.052507 0.068059 0.017300 -0.050656 0.998306 -0.028635 10.574800 -0.069447 0.025082 0.997270 -1.117200 0.000000 0.000000 0.000000 1.000000
0.996279 0.052425 0.068413 0.017300 -0.050568 0.998311 -0.028595 10.574800 -0.069797 0.025029 0.997247 -1.117200 0.000000 0.000000 0.000000 1.000000
0.996302 0.051973 0.068415 0.017300 -0.050135 0.998341 -0.028328 10.574800 -0.069774 0.024793 0.997255 -1.117200 0.000000 0.000000 0.000000 1.000000
0.996334 0.051629 0.068214 0.017300 -0.049802 0.998360 -0.028222 10.574800 -0.069559 0.024721 0.997271 -1.117200 0.000000 0.000000 0.000000 1.000000
0.996359 0.051491 0.067955 0.017300 -0.049688 0.998374 -0.027954 10.574800 -0.069284 0.024475 0.997297 -1.117200 0.000000 0.000000 0.000000 1.000000
0.996414 0.050976 0.067531 0.017300 -0.049205 0.998406 -0.027630 10.574800 -0.068832 0.024208 0.997335 -1.117200 0.000000 0.000000 0.000000 1.000000
0.996429 0.050653 0.067550 0.017300 -0.048907 0.998431 -0.027259 10.574800 -0.068825 0.023859 0.997343 -1.117200 0.000000 0.000000 0.000000 1.000000
0.996398 0.050797 0.067907 0.017300 -0.049043 0.998425 -0.027263 10.574800 -0.069185 0.023834 0.997319 -1.117200 0.000000 0.000000 0.000000 1.000000
0.996423 0.050538 0.067735 0.017300 -0.048782 0.998435 -0.027341 10.574800 -0.069011 0.023939 0.997329 -1.117200 0.000000 0.000000 0.000000 1.000000
0.996436 0.050244 0.067750 0.017300 -0.048480 0.998447 -0.027433 10.574800 -0.069023 0.024050 0.997325 -1.117200 0.000000 0.000000 0.000000 1.000000
0.996416 0.050243 0.068047 0.017300 -0.048482 0.998451 -0.027285 10.574800 -0.069313 0.023889 0.997309 -1.117200 0.000000 0.000000 0.000000 1.000000
0.996413 0.050200 0.068129 0.017300 -0.048513 0.998479 -0.026188 10.574800 -0.069340 0.022789 0.997333 -1.117200 0.000000 0.000000 0.000000 1.000000
0.996401 0.050152 0.068339 0.017300 -0.048562 0.998514 -0.024726 10.574800 -0.069477 0.021318 0.997356 -1.117200 0.000000 0.000000 0.000000 1.000000
0.996375 0.050194 0.068683 0.017300 -0.048634 0.998523 -0.024211 10.574800 -0.069797 0.020783 0.997345 -1.117200 0.000000 0.000000 0.000000 1.000000
0.996381 0.050188 0.068606 0.017300 -0.048592 0.998512 -0.024741 10.574800 -0.069746 0.021318 0.997337 -1.117200 0.000000 0.000000 0.000000 1.000000
0.996413 0.049925 0.068332 0.017300 -0.048325 0.998522 -0.024870 10.574800 -0.069473 0.021479 0.997353 -1.117200 0.000000 0.000000 0.000000 1.000000
0.996417 0.049741 0.068404 0.017300 -0.048131 0.998528 -0.024986 10.574800 -0.069546 0.021605 0.997345 -1.117200 0.000000 0.000000 0.000000 1.000000
0.996440 0.049680 0.068110 0.017300 -0.048070 0.998529 -0.025073 10.574800 -0.069256 0.021709 0.997363 -1.117200 0.000000 0.000000 0.000000 1.000000
0.996471 0.049627 0.067699 0.017300 -0.048030 0.998532 -0.025023 10.574800 -0.068842 0.021683 0.997392 -1.117200 0.000000 0.000000 0.000000 1.000000
0.996514 0.049266 0.067320 0.017300 -0.047750 0.998572 -0.023939 10.574800 -0.068403 0.020641 0.997444 -1.117200 0.000000 0.000000 0.000000 1.000000</float_array>
        <technique_common>
          <accessor source="#mixamorig_Spine-Matrix-animation-output-transform-array" count="77" stride="16">
            <param type="float4x4"/>
          </accessor>
        </technique_common>
      </source>
      <source id="mixamorig_Spine-Interpolations">
        <Name_array id="mixamorig_Spine-Interpolations-array" count="77">
 LINEAR LINEAR LINEAR LINEAR LINEAR LINEAR LINEAR LINEAR LINEAR LINEAR LINEAR
LINEAR LINEAR LINEAR LINEAR LINEAR LINEAR LINEAR LINEAR LINEAR LINEAR LINEAR LINEAR
LINEAR LINEAR LINEAR LINEAR LINEAR LINEAR LINEAR LINEAR LINEAR LINEAR LINEAR LINEAR
LINEAR LINEAR LINEAR LINEAR LINEAR LINEAR LINEAR LINEAR LINEAR LINEAR LINEAR LINEAR
LINEAR LINEAR LINEAR LINEAR LINEAR LINEAR LINEAR LINEAR LINEAR LINEAR LINEAR LINEAR
LINEAR LINEAR LINEAR LINEAR LINEAR LINEAR LINEAR LINEAR LINEAR LINEAR LINEAR LINEAR
LINEAR LINEAR LINEAR LINEAR LINEAR LINEAR</Name_array>
        <technique_common>
          <accessor source="#mixamorig_Spine-Interpolations-array" count="77">
            <param type="name"/>
          </accessor>
        </technique_common>
      </source>
      <sampler id="mixamorig_Spine-Matrix-animation-transform">
        <input semantic="INPUT" source="#mixamorig_Spine-Matrix-animation-input"/>
        <input semantic="OUTPUT" source="#mixamorig_Spine-Matrix-animation-output-transform"/>
        <input semantic="INTERPOLATION" source="#mixamorig_Spine-Interpolations"/>
      </sampler>
      <channel source="#mixamorig_Spine-Matrix-animation-transform" target="mixamorig_Spine/matrix"/>
    </animation>
    <animation id="mixamorig_Spine1-anim" name="mixamorig_Spine1">
      <source id="mixamorig_Spine1-Matrix-animation-input">
        <float_array id="mixamorig_Spine1-Matrix-animation-input-array" count="77">

0.000000 0.033333 0.066667 0.100000 0.133333 0.166667 0.200000 0.233333 0.266667 0.300000 0.333333 0.366667 0.400000 0.433333 0.466667 0.500000
0.533333 0.566667 0.600000 0.633333 0.666667 0.700000 0.733333 0.766667 0.800000 0.833333 0.866667 0.900000 0.933333 0.966667 1.000000 1.033333
1.066667 1.100000 1.133333 1.166667 1.200000 1.233333 1.266667 1.300000 1.333333 1.366667 1.400000 1.433333 1.466667 1.500000 1.533333 1.566667
1.600000 1.633333 1.666667 1.700000 1.733333 1.766667 1.800000 1.833333 1.866667 1.900000 1.933333 1.966667 2.000000 2.033333 2.066667 2.100000
2.133333 2.166667 2.200000 2.233333 2.266667 2.300000 2.333333 2.366667 2.400000 2.433333 2.466667 2.500000 2.533333</float_array>
        <technique_common>
          <accessor source="#mixamorig_Spine1-Matrix-animation-input-array" count="77">
            <param name="TIME" type="float"/>
          </accessor>
        </technique_common>
      </source>
      <source id="mixamorig_Spine1-Matrix-animation-output-transform">
        <float_array id="mixamorig_Spine1-Matrix-animation-output-transform-array" count="1232">

0.998869 -0.042959 0.020387 -0.000000 0.043389 0.998835 -0.021133 12.406000 -0.019455 0.021994 0.999569 0.000000 0.000000 0.000000 0.000000 1.000000
0.998870 -0.042917 0.020429 -0.000000 0.043388 0.998789 -0.023210 12.406000 -0.019408 0.024070 0.999522 0.000000 0.000000 0.000000 0.000000 1.000000
0.998872 -0.042871 0.020426 -0.000000 0.043388 0.998731 -0.025590 12.406000 -0.019303 0.026447 0.999464 -0.000000 0.000000 0.000000 0.000000 1.000000
0.998872 -0.042868 0.020427 -0.000000 0.043435 0.998659 -0.028160 12.406000 -0.019193 0.029016 0.999395 0.000000 0.000000 0.000000 0.000000 1.000000
0.998872 -0.042865 0.020427 0.000000 0.043478 0.998586 -0.030598 12.406000 -0.019087 0.031452 0.999323 0.000000 0.000000 0.000000 0.000000 1.000000
0.998872 -0.042866 0.020426 0.000000 0.043520 0.998516 -0.032748 12.406000 -0.018992 0.033600 0.999255 0.000000 0.000000 0.000000 0.000000 1.000000
0.998872 -0.042874 0.020427 0.000000 0.043562 0.998453 -0.034540 12.406000 -0.018915 0.035391 0.999195 -0.000000 0.000000 0.000000 0.000000 1.000000
0.998871 -0.042883 0.020461 -0.000000 0.043597 0.998406 -0.035833 12.406000 -0.018892 0.036684 0.999148 -0.000000 0.000000 0.000000 0.000000 1.000000
0.998870 -0.042891 0.020491 -0.000000 0.043618 0.998382 -0.036484 12.406000 -0.018893 0.037336 0.999124 -0.000000 0.000000 0.000000 0.000000 1.000000
0.998869 -0.042907 0.020470 0.000000 0.043633 0.998383 -0.036440 12.406000 -0.018874 0.037292 0.999126 0.000000 0.000000 0.000000 0.000000 1.000000
0.998871 -0.042935 0.020335 -0.000000 0.043645 0.998404 -0.035840 12.406000 -0.018764 0.036687 0.999151 -0.000000 0.000000 0.000000 0.000000 1.000000
0.998873 -0.042974 0.020127 0.000000 0.043656 0.998441 -0.034791 12.406000 -0.018600 0.035630 0.999192 0.000000 0.000000 0.000000 0.000000 1.000000
0.998874 -0.043021 0.020009 0.000000 0.043670 0.998493 -0.033232 12.406000 -0.018549 0.034069 0.999247 0.000000 0.000000 0.000000 0.000000 1.000000
0.998874 -0.043080 0.019890 -0.000000 0.043689 0.998555 -0.031291 12.406000 -0.018513 0.032125 0.999312 0.000000 0.000000 0.000000 0.000000 1.000000
0.998873 -0.043153 0.019757 -0.000000 0.043717 0.998621 -0.029059 12.406000 -0.018476 0.029890 0.999382 -0.000000 0.000000 0.000000 0.000000 1.000000
0.998872 -0.043251 0.019613 0.000000 0.043764 0.998689 -0.026543 12.406000 -0.018439 0.027371 0.999455 0.000000 0.000000 0.000000 0.000000 1.000000
0.998869 -0.043372 0.019477 0.000000 0.043839 0.998744 -0.024240 12.406000 -0.018401 0.025066 0.999516 -0.000000 0.000000 0.000000 0.000000 1.000000
0.998866 -0.043498 0.019339 -0.000000 0.043918 0.998796 -0.021867 12.406000 -0.018364 0.022691 0.999574 0.000000 0.000000 0.000000 0.000000 1.000000
0.998864 -0.043633 0.019180 0.000000 0.043998 0.998850 -0.019029 12.406000 -0.018328 0.019851 0.999635 0.000000 0.000000 0.000000 0.000000 1.000000
0.998862 -0.043741 0.019017 -0.000000 0.044049 0.998900 -0.016093 12.406000 -0.018292 0.016912 0.999690 -0.000000 0.000000 0.000000 0.000000 1.000000
0.998861 -0.043836 0.018868 -0.000000 0.044093 0.998937 -0.013446 12.406000 -0.018258 0.014263 0.999732 0.000000 0.000000 0.000000 0.000000 1.000000
0.998859 -0.043922 0.018733 0.000000 0.044135 0.998964 -0.011098 12.406000 -0.018227 0.011912 0.999763 0.000000 0.000000 0.000000 0.000000 1.000000
0.998858 -0.043995 0.018608 0.000000 0.044167 0.998984 -0.008929 12.406000 -0.018196 0.009741 0.999787 0.000000 0.000000 0.000000 0.000000 1.000000
0.998858 -0.044045 0.018501 0.000000 0.044183 0.998998 -0.007113 12.406000 -0.018169 0.007923 0.999804 0.000000 0.000000 0.000000 0.000000 1.000000
0.998859 -0.044063 0.018417 0.000000 0.044176 0.999007 -0.005753 12.406000 -0.018145 0.006560 0.999814 -0.000000 0.000000 0.000000 0.000000 1.000000
0.998861 -0.044045 0.018356 0.000000 0.044141 0.999014 -0.004858 12.406000 -0.018124 0.005663 0.999820 0.000000 0.000000 0.000000 0.000000 1.000000
0.998866 -0.043946 0.018319 -0.000000 0.044034 0.999020 -0.004426 12.406000 -0.018107 0.005228 0.999822 0.000000 0.000000 0.000000 0.000000 1.000000
0.998877 -0.043696 0.018309 -0.000000 0.043785 0.999031 -0.004504 12.406000 -0.018094 0.005301 0.999822 0.000000 0.000000 0.000000 0.000000 1.000000
0.998891 -0.043372 0.018326 0.000000 0.043472 0.999041 -0.005133 12.406000 -0.018085 0.005924 0.999819 0.000000 0.000000 0.000000 0.000000 1.000000
0.998904 -0.043050 0.018364 0.000000 0.043169 0.999049 -0.006133 12.406000 -0.018082 0.006919 0.999813 0.000000 0.000000 0.000000 0.000000 1.000000
0.998918 -0.042704 0.018419 0.000000 0.042847 0.999054 -0.007439 12.406000 -0.018084 0.008220 0.999803 0.000000 0.000000 0.000000 0.000000 1.000000
0.998930 -0.042380 0.018489 0.000000 0.042552 0.999054 -0.008976 12.406000 -0.018091 0.009754 0.999789 0.000000 0.000000 0.000000 0.000000 1.000000
0.998939 -0.042141 0.018573 0.000000 0.042344 0.999046 -0.010683 12.406000 -0.018105 0.011458 0.999770 0.000000 0.000000 0.000000 0.000000 1.000000
0.998944 -0.041989 0.018669 0.000000 0.042226 0.999029 -0.012531 12.406000 -0.018125 0.013306 0.999747 0.000000 0.000000 0.000000 0.000000 1.000000
0.998945 -0.041918 0.018779 0.000000 0.042193 0.999004 -0.014507 12.406000 -0.018152 0.015284 0.999718 0.000000 0.000000 0.000000 0.000000 1.000000
0.998944 -0.041881 0.018900 0.000000 0.042196 0.998972 -0.016567 12.406000 -0.018187 0.017347 0.999684 0.000000 0.000000 0.000000 0.000000 1.000000
0.998942 -0.041866 0.019030 0.000000 0.042220 0.998934 -0.018644 12.406000 -0.018229 0.019428 0.999645 0.000000 0.000000 0.000000 0.000000 1.000000
0.998940 -0.041857 0.019168 0.000000 0.042253 0.998892 -0.020743 12.406000 -0.018279 0.021531 0.999601 0.000000 0.000000 0.000000 0.000000 1.000000
0.998936 -0.041883 0.019317 0.000000 0.042321 0.998842 -0.022861 12.406000 -0.018337 0.023655 0.999552 0.000000 0.000000 0.000000 0.000000 1.000000
0.998931 -0.041917 0.019474 -0.000000 0.042397 0.998789 -0.024967 12.406000 -0.018404 0.025766 0.999499 -0.000000 0.000000 0.000000 0.000000 1.000000
0.998926 -0.041954 0.019640 0.000000 0.042477 0.998732 -0.027015 12.406000 -0.018481 0.027820 0.999442 0.000000 0.000000 0.000000 0.000000 1.000000
0.998919 -0.041992 0.019934 0.000000 0.042560 0.998673 -0.028982 12.406000 -0.018690 0.029800 0.999381 0.000000 0.000000 0.000000 0.000000 1.000000
0.998910 -0.042034 0.020273 0.000000 0.042647 0.998615 -0.030815 12.406000 -0.018950 0.031646 0.999319 0.000000 0.000000 0.000000 0.000000 1.000000
0.998904 -0.042098 0.020447 0.000000 0.042748 0.998559 -0.032458 12.406000 -0.019051 0.033296 0.999264 -0.000000 0.000000 0.000000 0.000000 1.000000
0.998900 -0.042149 0.020553 -0.000000 0.042829 0.998509 -0.033858 12.406000 -0.019095 0.034701 0.999215 0.000000 0.000000 0.000000 0.000000 1.000000
0.998897 -0.042190 0.020622 0.000000 0.042894 0.998467 -0.034969 12.406000 -0.019115 0.035815 0.999176 0.000000 0.000000 0.000000 0.000000 1.000000
0.998894 -0.042230 0.020659 0.000000 0.042951 0.998437 -0.035765 12.406000 -0.019117 0.036613 0.999147 0.000000 0.000000 0.000000 0.000000 1.000000
0.998893 -0.042258 0.020670 0.000000 0.042986 0.998421 -0.036150 12.406000 -0.019110 0.036999 0.999133 0.000000 0.000000 0.000000 0.000000 1.000000
0.998892 -0.042290 0.020656 0.000000 0.043015 0.998425 -0.036020 12.406000 -0.019100 0.036868 0.999138 0.000000 0.000000 0.000000 0.000000 1.000000
0.998891 -0.042323 0.020636 0.000000 0.043040 0.998438 -0.035623 12.406000 -0.019096 0.036472 0.999152 0.000000 0.000000 0.000000 0.000000 1.000000
0.998890 -0.042358 0.020614 0.000000 0.043060 0.998463 -0.034892 12.406000 -0.019105 0.035741 0.999178 0.000000 0.000000 0.000000 0.000000 1.000000
0.998889 -0.042399 0.020589 0.000000 0.043076 0.998505 -0.033637 12.406000 -0.019132 0.034486 0.999222 0.000000 0.000000 0.000000 0.000000 1.000000
0.998887 -0.042442 0.020592 -0.000000 0.043087 0.998559 -0.031998 12.406000 -0.019204 0.032850 0.999276 0.000000 0.000000 0.000000 0.000000 1.000000
0.998885 -0.042485 0.020591 0.000000 0.043093 0.998619 -0.030063 12.406000 -0.019285 0.030917 0.999336 -0.000000 0.000000 0.000000 0.000000 1.000000
0.998883 -0.042527 0.020588 0.000000 0.043094 0.998681 -0.027899 12.406000 -0.019375 0.028755 0.999399 0.000000 0.000000 0.000000 0.000000 1.000000
0.998882 -0.042568 0.020577 0.000000 0.043088 0.998745 -0.025530 12.406000 -0.019465 0.026388 0.999462 0.000000 0.000000 0.000000 0.000000 1.000000
0.998881 -0.042605 0.020549 -0.000000 0.043076 0.998805 -0.023081 12.406000 -0.019541 0.023940 0.999522 -0.000000 0.000000 0.000000 0.000000 1.000000
0.998880 -0.042637 0.020507 0.000000 0.043058 0.998861 -0.020569 12.406000 -0.019607 0.021429 0.999578 0.000000 0.000000 0.000000 0.000000 1.000000
0.998881 -0.042637 0.020459 0.000000 0.043007 0.998913 -0.018000 12.406000 -0.019669 0.018860 0.999629 -0.000000 0.000000 0.000000 0.000000 1.000000
0.998882 -0.042633 0.020419 -0.000000 0.042955 0.998955 -0.015585 12.406000 -0.019733 0.016445 0.999670 0.000000 0.000000 0.000000 0.000000 1.000000
0.998883 -0.042633 0.020396 -0.000000 0.042908 0.998991 -0.013252 12.406000 -0.019810 0.014112 0.999704 0.000000 0.000000 0.000000 0.000000 1.000000
0.998882 -0.042643 0.020389 0.000000 0.042874 0.999020 -0.011028 12.406000 -0.019899 0.011889 0.999731 0.000000 0.000000 0.000000 0.000000 1.000000
0.998882 -0.042653 0.020394 0.000000 0.042845 0.999041 -0.009057 12.406000 -0.019988 0.009920 0.999751 0.000000 0.000000 0.000000 0.000000 1.000000
