<?xml version="1.0" encoding="utf-8"?>
<COLLADA xmlns="http://www.collada.org/2005/11/COLLADASchema" version="1.4.1">
  <asset>
    <contributor>
      <author>Mixamo</author>
      <authoring_tool>COLLADA Mixamo exporter</authoring_tool>
      <comments/>
    </contributor>
    <created>2022-12-10T03:51:08Z</created>
    <modified>2022-12-10T03:51:08Z</modified>
    <revision/>
    <title/>
    <unit meter="0.010000"/>
    <up_axis>Y_UP</up_axis>
  </asset>
  <library_animations>
    <animation id="mixamorig_Hips-anim" name="mixamorig_Hips">
      <source id="mixamorig_Hips-Matrix-animation-input">
        <float_array id="mixamorig_Hips-Matrix-animation-input-array" count="251">

0.000000 0.033333 0.066667 0.100000 0.133333 0.166667 0.200000 0.233333 0.266667 0.300000 0.333333 0.366667 0.400000 0.433333 0.466667 0.500000
0.533333 0.566667 0.600000 0.633333 0.666667 0.700000 0.733333 0.766667 0.800000 0.833333 0.866667 0.900000 0.933333 0.966667 1.000000 1.033333
1.066667 1.100000 1.133333 1.166667 1.200000 1.233333 1.266667 1.300000 1.333333 1.366667 1.400000 1.433333 1.466667 1.500000 1.533333 1.566667
1.600000 1.633333 1.666667 1.700000 1.733333 1.766667 1.800000 1.833333 1.866667 1.900000 1.933333 1.966667 2.000000 2.033333 2.066667 2.100000
2.133333 2.166667 2.200000 2.233333 2.266667 2.300000 2.333333 2.366667 2.400000 2.433333 2.466667 2.500000 2.533333 2.566667 2.600000 2.633333
2.666667 2.700000 2.733333 2.766667 2.800000 2.833333 2.866667 2.900000 2.933333 2.966667 3.000000 3.033333 3.066667 3.100000 3.133333 3.166667
3.200000 3.233333 3.266667 3.300000 3.333333 3.366667 3.400000 3.433333 3.466667 3.500000 3.533333 3.566667 3.600000 3.633333 3.666667 3.700000
3.733333 3.766667 3.800000 3.833333 3.866667 3.900000 3.933333 3.966667 4.000000 4.033333 4.066667 4.100000 4.133333 4.166667 4.200000 4.233333
4.266667 4.300000 4.333333 4.366667 4.400000 4.433333 4.466667 4.500000 4.533333 4.566667 4.600000 4.633333 4.666667 4.700000 4.733333 4.766667
4.800000 4.833333 4.866667 4.900000 4.933333 4.966667 5.000000 5.033333 5.066667 5.100000 5.133333 5.166667 5.200000 5.233333 5.266667 5.300000
5.333333 5.366667 5.400000 5.433333 5.466667 5.500000 5.533333 5.566667 5.600000 5.633333 5.666667 5.700000 5.733333 5.766667 5.800000 5.833333
5.866667 5.900000 5.933333 5.966667 6.000000 6.033333 6.066667 6.100000 6.133333 6.166667 6.200000 6.233333 6.266667 6.300000 6.333333 6.366667
6.400000 6.433333 6.466667 6.500000 6.533333 6.566667 6.600000 6.633333 6.666667 6.700000 6.733333 6.766667 6.800000 6.833333 6.866667 6.900000
6.933333 6.966667 7.000000 7.033333 7.066667 7.100000 7.133333 7.166667 7.200000 7.233333 7.266667 7.300000 7.333333 7.366667 7.400000 7.433333
7.466667 7.500000 7.533333 7.566667 7.600000 7.633333 7.666667 7.700000 7.733333 7.766667 7.800000 7.833333 7.866667 7.900000 7.933333 7.966667
8.000000 8.033333 8.066667 8.100000 8.133333 8.166667 8.200000 8.233333 8.266667 8.300000 8.333333</float_array>
        <technique_common>
          <accessor source="#mixamorig_Hips-Matrix-animation-input-array" count="251">
            <param name="TIME" type="float"/>
          </accessor>
        </technique_common>
      </source>
      <source id="mixamorig_Hips-Matrix-animation-output-transform">
        <float_array id="mixamorig_Hips-Matrix-animation-output-transform-array" count="4016">

0.993968 0.061141 -0.091041 0.277505 -0.055316 0.996338 0.065190 94.640739 0.094694 -0.059761 0.993711 0.462217 0.000000 0.000000 0.000000 1.000000
0.993970 0.061147 -0.091020 0.278405 -0.055352 0.996357 0.064881 94.641518 0.094656 -0.059452 0.993733 0.463955 0.000000 0.000000 0.000000 1.000000
0.993955 0.061156 -0.091173 0.279485 -0.055374 0.996370 0.064654 94.643547 0.094796 -0.059214 0.993734 0.468979 0.000000 0.000000 0.000000 1.000000
0.993936 0.061139 -0.091392 0.281063 -0.055361 0.996382 0.064481 94.645828 0.095004 -0.059030 0.993725 0.476264 0.000000 0.000000 0.000000 1.000000
0.993903 0.061153 -0.091742 0.282598 -0.055362 0.996388 0.064390 94.648849 0.095348 -0.058919 0.993699 0.484776 0.000000 0.000000 0.000000 1.000000
0.993847 0.061208 -0.092317 0.283735 -0.055387 0.996389 0.064349 94.652802 0.095922 -0.058840 0.993648 0.493728 0.000000 0.000000 0.000000 1.000000
0.993774 0.061271 -0.093059 0.284782 -0.055415 0.996393 0.064269 94.656708 0.096661 -0.058712 0.993584 0.502451 0.000000 0.000000 0.000000 1.000000
0.993699 0.061322 -0.093816 0.285797 -0.055431 0.996399 0.064154 94.658348 0.097413 -0.058549 0.993520 0.510635 0.000000 0.000000 0.000000 1.000000
0.993627 0.061388 -0.094539 0.286582 -0.055461 0.996401 0.064097 94.657906 0.098134 -0.058445 0.993456 0.518676 0.000000 0.000000 0.000000 1.000000
0.993550 0.061500 -0.095269 0.287482 -0.055530 0.996397 0.064098 94.658989 0.098868 -0.058394 0.993386 0.527230 0.000000 0.000000 0.000000 1.000000
0.993470 0.061664 -0.095995 0.289237 -0.055660 0.996395 0.064016 94.663925 0.099596 -0.058255 0.993321 0.536283 0.000000 0.000000 0.000000 1.000000
0.993392 0.061816 -0.096697 0.291504 -0.055795 0.996403 0.063777 94.669640 0.100292 -0.057960 0.993268 0.545153 0.000000 0.000000 0.000000 1.000000
0.993321 0.061897 -0.097372 0.293041 -0.055868 0.996419 0.063464 94.671524 0.100951 -0.057600 0.993223 0.553349 0.000000 0.000000 0.000000 1.000000
0.993258 0.061963 -0.097972 0.293535 -0.055928 0.996433 0.063191 94.670273 0.101538 -0.057285 0.993181 0.560938 0.000000 0.000000 0.000000 1.000000
0.993201 0.062077 -0.098483 0.292616 -0.056033 0.996439 0.062999 94.668823 0.102043 -0.057052 0.993143 0.568160 0.000000 0.000000 0.000000 1.000000
0.993142 0.062266 -0.098957 0.289377 -0.056210 0.996438 0.062860 94.668442 0.102519 -0.056866 0.993104 0.574864 0.000000 0.000000 0.000000 1.000000
0.993087 0.062483 -0.099364 0.283406 -0.056423 0.996438 0.062673 94.667618 0.102926 -0.056634 0.993075 0.580642 0.000000 0.000000 0.000000 1.000000
0.993053 0.062654 -0.099598 0.275827 -0.056615 0.996447 0.062350 94.665451 0.103151 -0.056278 0.993072 0.586115 0.000000 0.000000 0.000000 1.000000
0.993037 0.062768 -0.099684 0.268130 -0.056767 0.996465 0.061933 94.663177 0.103219 -0.055843 0.993090 0.592662 0.000000 0.000000 0.000000 1.000000
0.993023 0.062877 -0.099759 0.260747 -0.056912 0.996480 0.061556 94.662659 0.103278 -0.055449 0.993106 0.600512 0.000000 0.000000 0.000000 1.000000
0.993005 0.063013 -0.099854 0.252901 -0.057072 0.996488 0.061278 94.663918 0.103365 -0.055151 0.993113 0.608823 0.000000 0.000000 0.000000 1.000000
0.992997 0.063124 -0.099857 0.243853 -0.057213 0.996497 0.060994 94.665565 0.103357 -0.054853 0.993131 0.617773 0.000000 0.000000 0.000000 1.000000
0.993007 0.063155 -0.099741 0.233853 -0.057296 0.996519 0.060554 94.665924 0.103218 -0.054416 0.993169 0.628368 0.000000 0.000000 0.000000 1.000000
0.993015 0.063132 -0.099682 0.223964 -0.057334 0.996551 0.059998 94.665421 0.103126 -0.053864 0.993209 0.641358 0.000000 0.000000 0.000000 1.000000
0.993001 0.063138 -0.099809 0.215080 -0.057383 0.996577 0.059518 94.667397 0.103225 -0.053374 0.993225 0.657444 0.000000 0.000000 0.000000 1.000000
0.992983 0.063104 -0.100011 0.207042 -0.057371 0.996596 0.059206 94.671532 0.103407 -0.053053 0.993223 0.676488 0.000000 0.000000 0.000000 1.000000
0.992981 0.062961 -0.100125 0.199687 -0.057241 0.996614 0.059019 94.675888 0.103502 -0.052874 0.993223 0.697190 0.000000 0.000000 0.000000 1.000000
0.992999 0.062689 -0.100116 0.192389 -0.056976 0.996634 0.058942 94.675774 0.103474 -0.052825 0.993228 0.717210 0.000000 0.000000 0.000000 1.000000
0.993031 0.062377 -0.099993 0.184589 -0.056662 0.996648 0.059010 94.672211 0.103338 -0.052933 0.993237 0.735678 0.000000 0.000000 0.000000 1.000000
0.993071 0.062095 -0.099769 0.175653 -0.056371 0.996653 0.059207 94.669807 0.103112 -0.053173 0.993248 0.754478 0.000000 0.000000 0.000000 1.000000
0.993107 0.061856 -0.099562 0.164622 -0.056111 0.996650 0.059502 94.670334 0.102909 -0.053505 0.993251 0.776230 0.000000 0.000000 0.000000 1.000000
0.993124 0.061664 -0.099512 0.151410 -0.055879 0.996639 0.059909 94.672211 0.102872 -0.053936 0.993231 0.801034 0.000000 0.000000 0.000000 1.000000
0.993129 0.061510 -0.099554 0.137326 -0.055672 0.996621 0.060400 94.673050 0.102933 -0.054443 0.993197 0.826087 0.000000 0.000000 0.000000 1.000000
0.993143 0.061366 -0.099508 0.124113 -0.055479 0.996601 0.060894 94.672600 0.102907 -0.054956 0.993172 0.848814 0.000000 0.000000 0.000000 1.000000
0.993168 0.061215 -0.099344 0.111969 -0.055288 0.996583 0.061366 94.671829 0.102761 -0.055455 0.993159 0.868376 0.000000 0.000000 0.000000 1.000000
0.993207 0.061023 -0.099079 0.100259 -0.055059 0.996565 0.061860 94.670494 0.102513 -0.055985 0.993155 0.884461 0.000000 0.000000 0.000000 1.000000
0.993265 0.060771 -0.098645 0.088829 -0.054774 0.996546 0.062412 94.668793 0.102097 -0.056588 0.993164 0.897301 0.000000 0.000000 0.000000 1.000000
0.993352 0.060445 -0.097974 0.077907 -0.054427 0.996530 0.062972 94.667046 0.101441 -0.057221 0.993195 0.907782 0.000000 0.000000 0.000000 1.000000
0.993462 0.060030 -0.097104 0.067967 -0.054011 0.996521 0.063470 94.666115 0.100576 -0.057811 0.993248 0.916451 0.000000 0.000000 0.000000 1.000000
0.993589 0.059533 -0.096110 0.059279 -0.053529 0.996521 0.063884 94.665802 0.099579 -0.058329 0.993319 0.922275 0.000000 0.000000 0.000000 1.000000
0.993727 0.059018 -0.094993 0.051266 -0.053046 0.996525 0.064217 94.664246 0.098452 -0.058775 0.993405 0.924119 0.000000 0.000000 0.000000 1.000000
0.993877 0.058560 -0.093701 0.042196 -0.052638 0.996530 0.064476 94.659790 0.097152 -0.059149 0.993510 0.922806 0.000000 0.000000 0.000000 1.000000
0.994032 0.058159 -0.092288 0.031445 -0.052299 0.996534 0.064695 94.653030 0.095731 -0.059482 0.993628 0.919862 0.000000 0.000000 0.000000 1.000000
0.994183 0.057774 -0.090893 0.019808 -0.051973 0.996535 0.064940 94.646408 0.094330 -0.059839 0.993741 0.915954 0.000000 0.000000 0.000000 1.000000
0.994320 0.057393 -0.089631 0.007255 -0.051642 0.996533 0.065226 94.641312 0.093064 -0.060227 0.993837 0.911140 0.000000 0.000000 0.000000 1.000000
0.994438 0.057044 -0.088538 -0.006997 -0.051334 0.996532 0.065482 94.637199 0.091967 -0.060573 0.993918 0.906033 0.000000 0.000000 0.000000 1.000000
0.994538 0.056724 -0.087611 -0.023104 -0.051053 0.996534 0.065675 94.633003 0.091033 -0.060843 0.993987 0.902082 0.000000 0.000000 0.000000 1.000000
0.994621 0.056433 -0.086859 -0.040393 -0.050790 0.996536 0.065857 94.629570 0.090275 -0.061091 0.994041 0.900140 0.000000 0.000000 0.000000 1.000000
0.994685 0.056177 -0.086295 -0.059186 -0.050550 0.996535 0.066058 94.628052 0.089706 -0.061345 0.994077 0.899452 0.000000 0.000000 0.000000 1.000000
0.994733 0.055963 -0.085875 -0.079680 -0.050347 0.996534 0.066228 94.627083 0.089284 -0.061555 0.994102 0.899004 0.000000 0.000000 0.000000 1.000000
0.994772 0.055789 -0.085539 -0.100106 -0.050188 0.996538 0.066286 94.625771 0.088940 -0.061647 0.994127 0.898784 0.000000 0.000000 0.000000 1.000000
0.994800 0.055631 -0.085313 -0.118415 -0.050049 0.996549 0.066228 94.624771 0.088702 -0.061613 0.994151 0.899803 0.000000 0.000000 0.000000 1.000000
0.994810 0.055464 -0.085303 -0.134932 -0.049890 0.996562 0.066149 94.624306 0.088679 -0.061550 0.994157 0.902955 0.000000 0.000000 0.000000 1.000000
0.994798 0.055295 -0.085553 -0.150220 -0.049706 0.996572 0.066136 94.624672 0.088916 -0.061539 0.994136 0.908642 0.000000 0.000000 0.000000 1.000000
0.994772 0.055130 -0.085958 -0.163432 -0.049510 0.996578 0.066192 94.625908 0.089313 -0.061591 0.994098 0.916554 0.000000 0.000000 0.000000 1.000000
0.994746 0.054962 -0.086366 -0.174077 -0.049308 0.996581 0.066292 94.627541 0.089714 -0.061685 0.994055 0.925563 0.000000 0.000000 0.000000 1.000000
0.994724 0.054788 -0.086726 -0.182997 -0.049100 0.996583 0.066414 94.629044 0.090069 -0.061805 0.994016 0.934561 0.000000 0.000000 0.000000 1.000000
0.994703 0.054622 -0.087083 -0.190808 -0.048897 0.996583 0.066570 94.629959 0.090421 -0.061960 0.993974 0.943571 0.000000 0.000000 0.000000 1.000000
0.994676 0.054482 -0.087476 -0.196971 -0.048714 0.996578 0.066777 94.630188 0.090815 -0.062161 0.993926 0.952963 0.000000 0.000000 0.000000 1.000000
0.994641 0.054383 -0.087931 -0.201510 -0.048564 0.996569 0.067016 94.629997 0.091274 -0.062387 0.993870 0.962300 0.000000 0.000000 0.000000 1.000000
0.994598 0.054318 -0.088452 -0.205312 -0.048443 0.996558 0.067271 94.629616 0.091801 -0.062623 0.993806 0.971100 0.000000 0.000000 0.000000 1.000000
0.994555 0.054280 -0.088964 -0.209083 -0.048347 0.996545 0.067540 94.628670 0.092322 -0.062871 0.993742 0.979435 0.000000 0.000000 0.000000 1.000000
0.994519 0.054285 -0.089364 -0.212927 -0.048301 0.996528 0.067816 94.627213 0.092735 -0.063128 0.993688 0.987766 0.000000 0.000000 0.000000 1.000000
0.994487 0.054345 -0.089679 -0.216015 -0.048314 0.996507 0.068108 94.626030 0.093068 -0.063400 0.993639 0.996035 0.000000 0.000000 0.000000 1.000000
0.994451 0.054429 -0.090028 -0.217097 -0.048345 0.996484 0.068434 94.625504 0.093436 -0.063701 0.993585 1.003047 0.000000 0.000000 0.000000 1.000000
0.994415 0.054526 -0.090359 -0.216115 -0.048386 0.996456 0.068811 94.625610 0.093791 -0.064054 0.993529 1.008760 0.000000 0.000000 0.000000 1.000000
0.994396 0.054662 -0.090492 -0.214230 -0.048471 0.996421 0.069250 94.626274 0.093954 -0.064476 0.993487 1.014941 0.000000 0.000000 0.000000 1.000000
0.994396 0.054834 -0.090382 -0.212384 -0.048606 0.996381 0.069733 94.626366 0.093879 -0.064949 0.993463 1.021973 0.000000 0.000000 0.000000 1.000000
0.994407 0.055008 -0.090163 -0.210219 -0.048748 0.996340 0.070219 94.624840 0.093695 -0.065431 0.993449 1.027917 0.000000 0.000000 0.000000 1.000000
0.994419 0.055159 -0.089932 -0.207560 -0.048871 0.996301 0.070685 94.622490 0.093498 -0.065896 0.993436 1.031640 0.000000 0.000000 0.000000 1.000000
0.994440 0.055287 -0.089619 -0.205420 -0.048977 0.996263 0.071147 94.619766 0.093217 -0.066362 0.993432 1.034288 0.000000 0.000000 0.000000 1.000000
0.994481 0.055404 -0.089091 -0.205227 -0.049083 0.996222 0.071643 94.616280 0.092723 -0.066875 0.993444 1.037756 0.000000 0.000000 0.000000 1.000000
0.994543 0.055499 -0.088344 -0.206756 -0.049176 0.996177 0.072209 94.611328 0.092014 -0.067470 0.993469 1.042217 0.000000 0.000000 0.000000 1.000000
0.994613 0.055553 -0.087511 -0.208541 -0.049228 0.996127 0.072849 94.605278 0.091219 -0.068149 0.993496 1.046001 0.000000 0.000000 0.000000 1.000000
0.994687 0.055569 -0.086660 -0.210828 -0.049241 0.996077 0.073520 94.598724 0.090405 -0.068862 0.993521 1.048177 0.000000 0.000000 0.000000 1.000000
0.994766 0.055565 -0.085754 -0.215505 -0.049244 0.996031 0.074150 94.592010 0.089534 -0.069539 0.993553 1.049710 0.000000 0.000000 0.000000 1.000000
0.994850 0.055545 -0.084780 -0.223652 -0.049242 0.995989 0.074708 94.585060 0.088589 -0.070148 0.993595 1.051735 0.000000 0.000000 0.000000 1.000000
0.994942 0.055488 -0.083734 -0.235663 -0.049217 0.995955 0.075178 94.578026 0.087566 -0.070676 0.993648 1.055202 0.000000 0.000000 0.000000 1.000000
0.995042 0.055382 -0.082613 -0.251146 -0.049162 0.995932 0.075520 94.572693 0.086460 -0.071085 0.993716 1.061229 0.000000 0.000000 0.000000 1.000000
0.995140 0.055254 -0.081509 -0.268063 -0.049097 0.995920 0.075710 94.570915 0.085360 -0.071340 0.993793 1.069832 0.000000 0.000000 0.000000 1.000000
0.995222 0.055149 -0.080576 -0.285294 -0.049051 0.995916 0.075796 94.571503 0.084427 -0.071482 0.993862 1.080178 0.000000 0.000000 0.000000 1.000000
0.995279 0.055063 -0.079927 -0.302540 -0.049004 0.995912 0.075887 94.572113 0.083779 -0.071612 0.993908 1.092128 0.000000 0.000000 0.000000 1.000000
0.995315 0.054945 -0.079555 -0.319356 -0.048899 0.995904 0.076051 94.572098 0.083408 -0.071805 0.993925 1.105837 0.000000 0.000000 0.000000 1.000000
0.995342 0.054759 -0.079347 -0.336240 -0.048708 0.995896 0.076282 94.571655 0.083198 -0.072062 0.993924 1.120937 0.000000 0.000000 0.000000 1.000000
0.995368 0.054537 -0.079177 -0.355186 -0.048477 0.995887 0.076538 94.570816 0.083025 -0.072346 0.993918 1.137219 0.000000 0.000000 0.000000 1.000000
0.995395 0.054354 -0.078957 -0.377563 -0.048290 0.995878 0.076781 94.570282 0.082805 -0.072615 0.993917 1.154805 0.000000 0.000000 0.000000 1.000000
0.995424 0.054209 -0.078692 -0.401817 -0.048147 0.995869 0.076985 94.569794 0.082540 -0.072844 0.993922 1.173216 0.000000 0.000000 0.000000 1.000000
0.995449 0.054046 -0.078492 -0.424364 -0.047984 0.995864 0.077157 94.569313 0.082337 -0.073039 0.993924 1.191531 0.000000 0.000000 0.000000 1.000000
0.995463 0.053836 -0.078454 -0.443370 -0.047764 0.995861 0.077323 94.569962 0.082292 -0.073225 0.993915 1.209799 0.000000 0.000000 0.000000 1.000000
0.995465 0.053619 -0.078581 -0.459935 -0.047524 0.995861 0.077478 94.572556 0.082410 -0.073393 0.993892 1.228987 0.000000 0.000000 0.000000 1.000000
0.995456 0.053425 -0.078818 -0.475528 -0.047302 0.995862 0.077601 94.576302 0.082638 -0.073520 0.993864 1.248580 0.000000 0.000000 0.000000 1.000000
0.995442 0.053227 -0.079139 -0.488908 -0.047069 0.995862 0.077740 94.578865 0.082949 -0.073661 0.993828 1.265239 0.000000 0.000000 0.000000 1.000000
0.995423 0.053003 -0.079518 -0.498331 -0.046796 0.995855 0.077993 94.579391 0.083323 -0.073915 0.993778 1.275889 0.000000 0.000000 0.000000 1.000000
0.995407 0.052796 -0.079859 -0.504376 -0.046531 0.995838 0.078372 94.579422 0.083664 -0.074296 0.993720 1.280906 0.000000 0.000000 0.000000 1.000000
0.995396 0.052643 -0.080103 -0.508024 -0.046328 0.995817 0.078750 94.581894 0.083913 -0.074677 0.993671 1.282172 0.000000 0.000000 0.000000 1.000000
0.995387 0.052491 -0.080309 -0.508133 -0.046144 0.995811 0.078940 94.587349 0.084116 -0.074871 0.993639 1.280530 0.000000 0.000000 0.000000 1.000000
0.995380 0.052274 -0.080541 -0.503162 -0.045916 0.995828 0.078858 94.593475 0.084327 -0.074796 0.993627 1.275888 0.000000 0.000000 0.000000 1.000000
0.995374 0.051991 -0.080795 -0.493608 -0.045638 0.995863 0.078575 94.597534 0.084546 -0.074525 0.993629 1.267235 0.000000 0.000000 0.000000 1.000000
0.995370 0.051693 -0.081037 -0.481867 -0.045353 0.995905 0.078207 94.599365 0.084747 -0.074170 0.993638 1.253902 0.000000 0.000000 0.000000 1.000000
0.995368 0.051422 -0.081235 -0.470016 -0.045102 0.995947 0.077812 94.600624 0.084907 -0.073787 0.993653 1.237348 0.000000 0.000000 0.000000 1.000000
0.995367 0.051188 -0.081394 -0.458489 -0.044889 0.995988 0.077420 94.602867 0.085031 -0.073408 0.993671 1.219455 0.000000 0.000000 0.000000 1.000000
0.995363 0.050981 -0.081566 -0.446482 -0.044698 0.996022 0.077083 94.605705 0.085172 -0.073079 0.993683 1.200888 0.000000 0.000000 0.000000 1.000000
0.995356 0.050789 -0.081777 -0.433124 -0.044514 0.996051 0.076813 94.608902 0.085355 -0.072816 0.993686 1.182503 0.000000 0.000000 0.000000 1.000000
0.995346 0.050608 -0.082009 -0.418267 -0.044338 0.996079 0.076554 94.612892 0.085562 -0.072562 0.993687 1.165650 0.000000 0.000000 0.000000 1.000000
0.995333 0.050462 -0.082256 -0.402661 -0.044200 0.996109 0.076248 94.617905 0.085783 -0.072257 0.993690 1.150384 0.000000 0.000000 0.000000 1.000000
0.995313 0.050384 -0.082539 -0.387645 -0.044132 0.996139 0.075892 94.622719 0.086044 -0.071893 0.993694 1.135077 0.000000 0.000000 0.000000 1.000000
0.995287 0.050351 -0.082872 -0.373891 -0.044110 0.996171 0.075486 94.626190 0.086355 -0.071475 0.993697 1.119130 0.000000 0.000000 0.000000 1.000000
0.995260 0.050290 -0.083238 -0.360526 -0.044066 0.996210 0.074993 94.629761 0.086694 -0.070969 0.993704 1.104477 0.000000 0.000000 0.000000 1.000000
0.995233 0.050203 -0.083609 -0.345723 -0.044005 0.996258 0.074393 94.635376 0.087031 -0.070359 0.993718 1.092480 0.000000 0.000000 0.000000 1.000000
0.995205 0.050166 -0.083970 -0.329289 -0.044000 0.996306 0.073739 94.641876 0.087359 -0.069691 0.993736 1.081891 0.000000 0.000000 0.000000 1.000000
0.995174 0.050205 -0.084310 -0.312462 -0.044070 0.996349 0.073116 94.648071 0.087673 -0.069048 0.993753 1.072504 0.000000 0.000000 0.000000 1.000000
0.995144 0.050232 -0.084649 -0.295438 -0.044120 0.996385 0.072597 94.655357 0.087990 -0.068509 0.993763 1.067482 0.000000 0.000000 0.000000 1.000000
0.995113 0.050161 -0.085053 -0.277198 -0.044052 0.996414 0.072240 94.664803 0.088371 -0.068140 0.993754 1.068630 0.000000 0.000000 0.000000 1.000000
0.995078 0.050011 -0.085551 -0.257978 -0.043883 0.996433 0.072079 94.673973 0.088850 -0.067970 0.993723 1.072902 0.000000 0.000000 0.000000 1.000000
0.995039 0.049897 -0.086064 -0.239806 -0.043730 0.996438 0.072110 94.680344 0.089355 -0.067989 0.993677 1.076261 0.000000 0.000000 0.000000 1.000000
0.995007 0.049874 -0.086452 -0.224695 -0.043664 0.996427 0.072290 94.684128 0.089748 -0.068154 0.993630 1.078193 0.000000 0.000000 0.000000 1.000000
0.994988 0.049895 -0.086654 -0.212563 -0.043649 0.996410 0.072532 94.686905 0.089962 -0.068386 0.993595 1.080973 0.000000 0.000000 0.000000 1.000000
0.994980 0.049889 -0.086747 -0.201551 -0.043615 0.996394 0.072774 94.689697 0.090065 -0.068626 0.993569 1.085819 0.000000 0.000000 0.000000 1.000000
0.994973 0.049847 -0.086860 -0.190294 -0.043543 0.996380 0.073015 94.692917 0.090185 -0.068866 0.993541 1.091873 0.000000 0.000000 0.000000 1.000000
0.994958 0.049816 -0.087048 -0.179076 -0.043478 0.996365 0.073254 94.696960 0.090381 -0.069100 0.993507 1.097913 0.000000 0.000000 0.000000 1.000000
0.994938 0.049836 -0.087263 -0.169174 -0.043465 0.996352 0.073442 94.701050 0.090604 -0.069277 0.993474 1.102765 0.000000 0.000000 0.000000 1.000000
0.994921 0.049893 -0.087424 -0.161368 -0.043503 0.996344 0.073529 94.703255 0.090773 -0.069352 0.993454 1.105144 0.000000 0.000000 0.000000 1.000000
0.994910 0.049954 -0.087518 -0.154758 -0.043560 0.996343 0.073510 94.704071 0.090870 -0.069323 0.993447 1.105016 0.000000 0.000000 0.000000 1.000000
0.994901 0.050014 -0.087580 -0.148214 -0.043623 0.996346 0.073421 94.706009 0.090933 -0.069226 0.993448 1.103805 0.000000 0.000000 0.000000 1.000000
0.994893 0.050094 -0.087622 -0.142115 -0.043710 0.996351 0.073313 94.709488 0.090975 -0.069109 0.993452 1.102538 0.000000 0.000000 0.000000 1.000000
0.994889 0.050200 -0.087610 -0.137324 -0.043827 0.996353 0.073213 94.713196 0.090966 -0.068999 0.993461 1.101535 0.000000 0.000000 0.000000 1.000000
0.994888 0.050316 -0.087561 -0.133911 -0.043957 0.996355 0.073100 94.716766 0.090920 -0.068877 0.993473 1.101529 0.000000 0.000000 0.000000 1.000000
0.994883 0.050421 -0.087554 -0.131354 -0.044077 0.996362 0.072934 94.719986 0.090913 -0.068701 0.993486 1.102802 0.000000 0.000000 0.000000 1.000000
0.994871 0.050536 -0.087621 -0.129505 -0.044208 0.996372 0.072718 94.721199 0.090978 -0.068471 0.993496 1.104363 0.000000 0.000000 0.000000 1.000000
0.994857 0.050689 -0.087698 -0.128858 -0.044374 0.996380 0.072517 94.718880 0.091057 -0.068253 0.993504 1.104845 0.000000 0.000000 0.000000 1.000000
0.994847 0.050875 -0.087702 -0.130306 -0.044573 0.996381 0.072377 94.713989 0.091067 -0.068094 0.993514 1.104199 0.000000 0.000000 0.000000 1.000000
0.994845 0.051070 -0.087609 -0.134566 -0.044783 0.996378 0.072285 94.708878 0.090984 -0.067989 0.993529 1.103549 0.000000 0.000000 0.000000 1.000000
0.994848 0.051264 -0.087465 -0.140765 -0.044992 0.996372 0.072237 94.704956 0.090851 -0.067929 0.993545 1.104240 0.000000 0.000000 0.000000 1.000000
0.994849 0.051450 -0.087337 -0.147151 -0.045188 0.996364 0.072224 94.701881 0.090736 -0.067905 0.993557 1.106745 0.000000 0.000000 0.000000 1.000000
0.994846 0.051620 -0.087279 -0.153263 -0.045366 0.996359 0.072190 94.698944 0.090688 -0.067858 0.993565 1.110867 0.000000 0.000000 0.000000 1.000000
0.994835 0.051765 -0.087309 -0.160634 -0.045518 0.996359 0.072082 94.695000 0.090723 -0.067736 0.993570 1.115846 0.000000 0.000000 0.000000 1.000000
0.994819 0.051889 -0.087417 -0.170432 -0.045654 0.996368 0.071881 94.688911 0.090830 -0.067517 0.993575 1.120095 0.000000 0.000000 0.000000 1.000000
0.994798 0.052030 -0.087583 -0.181917 -0.045812 0.996383 0.071573 94.682579 0.090990 -0.067189 0.993583 1.122895 0.000000 0.000000 0.000000 1.000000
0.994768 0.052224 -0.087802 -0.193020 -0.046026 0.996400 0.071190 94.679565 0.091204 -0.066777 0.993591 1.125798 0.000000 0.000000 0.000000 1.000000
0.994729 0.052458 -0.088105 -0.202929 -0.046277 0.996417 0.070789 94.681015 0.091502 -0.066339 0.993593 1.131007 0.000000 0.000000 0.000000 1.000000
0.994682 0.052670 -0.088507 -0.212464 -0.046500 0.996435 0.070386 94.683197 0.091898 -0.065896 0.993586 1.138755 0.000000 0.000000 0.000000 1.000000
0.994633 0.052806 -0.088971 -0.221624 -0.046644 0.996458 0.069974 94.682426 0.092351 -0.065448 0.993573 1.147303 0.000000 0.000000 0.000000 1.000000
0.994588 0.052885 -0.089431 -0.229660 -0.046728 0.996480 0.069600 94.678993 0.092797 -0.065044 0.993558 1.155648 0.000000 0.000000 0.000000 1.000000
0.994549 0.052946 -0.089826 -0.237239 -0.046789 0.996497 0.069317 94.675682 0.093181 -0.064737 0.993542 1.164444 0.000000 0.000000 0.000000 1.000000
0.994519 0.052994 -0.090136 -0.244835 -0.046838 0.996510 0.069091 94.673714 0.093483 -0.064491 0.993530 1.174392 0.000000 0.000000 0.000000 1.000000
0.994493 0.053008 -0.090415 -0.251940 -0.046859 0.996528 0.068826 94.673157 0.093749 -0.064210 0.993523 1.185453 0.000000 0.000000 0.000000 1.000000
0.994465 0.052964 -0.090747 -0.258091 -0.046826 0.996553 0.068485 94.673370 0.094061 -0.063857 0.993516 1.197535 0.000000 0.000000 0.000000 1.000000
0.994431 0.052873 -0.091167 -0.263261 -0.046743 0.996582 0.068109 94.673981 0.094457 -0.063468 0.993504 1.210328 0.000000 0.000000 0.000000 1.000000
0.994395 0.052764 -0.091621 -0.267737 -0.046641 0.996613 0.067735 94.674393 0.094884 -0.063082 0.993488 1.222569 0.000000 0.000000 0.000000 1.000000
0.994364 0.052676 -0.092005 -0.272027 -0.046564 0.996642 0.067355 94.674850 0.095244 -0.062691 0.993478 1.232910 0.000000 0.000000 0.000000 1.000000
0.994342 0.052625 -0.092272 -0.276819 -0.046537 0.996671 0.066940 94.675339 0.095488 -0.062267 0.993481 1.241445 0.000000 0.000000 0.000000 1.000000
0.994327 0.052579 -0.092463 -0.282192 -0.046522 0.996702 0.066484 94.674606 0.095654 -0.061805 0.993494 1.249713 0.000000 0.000000 0.000000 1.000000
0.994312 0.052503 -0.092668 -0.286628 -0.046475 0.996733 0.066056 94.673378 0.095833 -0.061374 0.993504 1.259480 0.000000 0.000000 0.000000 1.000000
0.994293 0.052400 -0.092929 -0.288564 -0.046386 0.996758 0.065738 94.674072 0.096072 -0.061053 0.993500 1.271161 0.000000 0.000000 0.000000 1.000000
0.994270 0.052317 -0.093224 -0.288267 -0.046304 0.996775 0.065540 94.677216 0.096352 -0.060848 0.993486 1.283300 0.000000 0.000000 0.000000 1.000000
0.994244 0.052277 -0.093521 -0.287353 -0.046256 0.996784 0.065435 94.679794 0.096641 -0.060732 0.993465 1.294221 0.000000 0.000000 0.000000 1.000000
0.994220 0.052247 -0.093792 -0.286653 -0.046209 0.996786 0.065440 94.679886 0.096909 -0.060727 0.993439 1.304166 0.000000 0.000000 0.000000 1.000000
0.994204 0.052200 -0.093988 -0.286202 -0.046134 0.996780 0.065588 94.677887 0.097109 -0.060872 0.993411 1.313871 0.000000 0.000000 0.000000 1.000000
0.994197 0.052158 -0.094085 -0.286323 -0.046061 0.996766 0.065849 94.674950 0.097216 -0.061134 0.993384 1.322803 0.000000 0.000000 0.000000 1.000000
0.994192 0.052169 -0.094134 -0.286988 -0.046038 0.996746 0.066168 94.672668 0.097280 -0.061450 0.993358 1.330848 0.000000 0.000000 0.000000 1.000000
0.994181 0.052269 -0.094189 -0.287902 -0.046100 0.996720 0.066517 94.672844 0.097356 -0.061788 0.993330 1.339050 0.000000 0.000000 0.000000 1.000000
0.994168 0.052452 -0.094232 -0.289687 -0.046246 0.996689 0.066870 94.674164 0.097428 -0.062122 0.993302 1.347292 0.000000 0.000000 0.000000 1.000000
0.994158 0.052687 -0.094202 -0.293001 -0.046451 0.996657 0.067213 94.673141 0.097429 -0.062444 0.993282 1.353927 0.000000 0.000000 0.000000 1.000000
0.994153 0.052951 -0.094112 -0.296560 -0.046682 0.996620 0.067604 94.668556 0.097373 -0.062816 0.993264 1.356847 0.000000 0.000000 0.000000 1.000000
0.994143 0.053216 -0.094066 -0.297617 -0.046905 0.996577 0.068074 94.662117 0.097366 -0.063263 0.993236 1.354360 0.000000 0.000000 0.000000 1.000000
0.994131 0.053454 -0.094059 -0.295476 -0.047101 0.996537 0.068523 94.655029 0.097396 -0.063691 0.993206 1.346692 0.000000 0.000000 0.000000 1.000000
0.994136 0.053661 -0.093888 -0.294073 -0.047285 0.996505 0.068861 94.646400 0.097255 -0.064018 0.993199 1.337386 0.000000 0.000000 0.000000 1.000000
0.994164 0.053865 -0.093469 -0.296260 -0.047489 0.996475 0.069154 94.637169 0.096865 -0.064312 0.993218 1.331104 0.000000 0.000000 0.000000 1.000000
0.994195 0.054067 -0.093019 -0.299542 -0.047684 0.996440 0.069526 94.629890 0.096447 -0.064687 0.993234 1.329661 0.000000 0.000000 0.000000 1.000000
0.994213 0.054236 -0.092736 -0.300622 -0.047822 0.996397 0.070040 94.624878 0.096200 -0.065199 0.993224 1.332278 0.000000 0.000000 0.000000 1.000000
0.994219 0.054370 -0.092588 -0.299533 -0.047900 0.996345 0.070733 94.619705 0.096095 -0.065889 0.993189 1.337067 0.000000 0.000000 0.000000 1.000000
0.994227 0.054503 -0.092424 -0.298481 -0.047960 0.996280 0.071596 94.612076 0.095982 -0.066750 0.993142 1.342128 0.000000 0.000000 0.000000 1.000000
0.994246 0.054644 -0.092135 -0.299536 -0.048029 0.996208 0.072552 94.601830 0.095750 -0.067710 0.993100 1.346096 0.000000 0.000000 0.000000 1.000000
0.994278 0.054789 -0.091703 -0.303889 -0.048110 0.996132 0.073532 94.589630 0.095377 -0.068699 0.993068 1.347884 0.000000 0.000000 0.000000 1.000000
0.994317 0.054969 -0.091167 -0.311799 -0.048235 0.996054 0.074500 94.577225 0.094902 -0.069679 0.993045 1.347529 0.000000 0.000000 0.000000 1.000000
0.994360 0.055181 -0.090575 -0.322869 -0.048406 0.995981 0.075360 94.567795 0.094370 -0.070551 0.993034 1.347190 0.000000 0.000000 0.000000 1.000000
0.994408 0.055340 -0.089946 -0.336274 -0.048553 0.995927 0.075970 94.563011 0.093784 -0.071178 0.993045 1.348942 0.000000 0.000000 0.000000 1.000000
0.994464 0.055380 -0.089298 -0.350639 -0.048608 0.995899 0.076309 94.561684 0.093157 -0.071546 0.993077 1.351095 0.000000 0.000000 0.000000 1.000000
0.994519 0.055317 -0.088719 -0.363956 -0.048571 0.995888 0.076471 94.561348 0.092585 -0.071743 0.993117 1.349201 0.000000 0.000000 0.000000 1.000000
0.994565 0.055217 -0.088274 -0.375112 -0.048500 0.995888 0.076513 94.560493 0.092136 -0.071816 0.993153 1.341272 0.000000 0.000000 0.000000 1.000000
0.994604 0.055153 -0.087864 -0.385762 -0.048470 0.995895 0.076449 94.558533 0.091720 -0.071778 0.993195 1.330244 0.000000 0.000000 0.000000 1.000000
0.994645 0.055123 -0.087419 -0.397473 -0.048485 0.995904 0.076318 94.555908 0.091268 -0.071671 0.993244 1.319962 0.000000 0.000000 0.000000 1.000000
0.994678 0.055045 -0.087096 -0.407541 -0.048444 0.995917 0.076173 94.554527 0.090933 -0.071548 0.993283 1.310664 0.000000 0.000000 0.000000 1.000000
0.994694 0.054872 -0.087028 -0.413234 -0.048288 0.995934 0.076045 94.555954 0.090847 -0.071439 0.993299 1.301166 0.000000 0.000000 0.000000 1.000000
0.994698 0.054648 -0.087123 -0.415358 -0.048067 0.995955 0.075922 94.559174 0.090920 -0.071332 0.993300 1.290600 0.000000 0.000000 0.000000 1.000000
0.994701 0.054436 -0.087218 -0.416283 -0.047863 0.995977 0.075761 94.561768 0.090991 -0.071185 0.993304 1.278129 0.000000 0.000000 0.000000 1.000000
0.994705 0.054268 -0.087273 -0.416809 -0.047711 0.996000 0.075545 94.562477 0.091023 -0.070981 0.993316 1.264002 0.000000 0.000000 0.000000 1.000000
0.994704 0.054153 -0.087357 -0.416089 -0.047610 0.996022 0.075324 94.562302 0.091089 -0.070766 0.993325 1.249733 0.000000 0.000000 0.000000 1.000000
0.994695 0.054073 -0.087515 -0.413581 -0.047532 0.996037 0.075171 94.562553 0.091233 -0.070612 0.993323 1.236117 0.000000 0.000000 0.000000 1.000000
0.994682 0.053999 -0.087705 -0.410015 -0.047453 0.996048 0.075080 94.563988 0.091413 -0.070519 0.993313 1.222730 0.000000 0.000000 0.000000 1.000000
0.994671 0.053927 -0.087870 -0.406121 -0.047380 0.996060 0.074968 94.566154 0.091566 -0.070405 0.993307 1.209272 0.000000 0.000000 0.000000 1.000000
0.994661 0.053877 -0.088013 -0.401562 -0.047335 0.996074 0.074801 94.567780 0.091698 -0.070235 0.993307 1.195398 0.000000 0.000000 0.000000 1.000000
0.994647 0.053875 -0.088172 -0.394526 -0.047335 0.996085 0.074657 94.567596 0.091849 -0.070083 0.993304 1.179272 0.000000 0.000000 0.000000 1.000000
0.994633 0.053935 -0.088297 -0.384027 -0.047391 0.996087 0.074604 94.565575 0.091976 -0.070019 0.993296 1.158503 0.000000 0.000000 0.000000 1.000000
0.994629 0.054056 -0.088265 -0.371617 -0.047518 0.996084 0.074559 94.563286 0.091949 -0.069965 0.993303 1.132691 0.000000 0.000000 0.000000 1.000000
0.994641 0.054214 -0.088031 -0.359947 -0.047708 0.996087 0.074396 94.562126 0.091720 -0.069798 0.993336 1.102799 0.000000 0.000000 0.000000 1.000000
0.994657 0.054416 -0.087727 -0.348623 -0.047958 0.996095 0.074120 94.561745 0.091418 -0.069517 0.993383 1.069569 0.000000 0.000000 0.000000 1.000000
0.994657 0.054684 -0.087561 -0.334436 -0.048263 0.996101 0.073841 94.562279 0.091257 -0.069221 0.993419 1.034289 0.000000 0.000000 0.000000 1.000000
0.994632 0.054969 -0.087673 -0.313950 -0.048562 0.996104 0.073611 94.565239 0.091378 -0.068958 0.993426 0.998705 0.000000 0.000000 0.000000 1.000000
0.994585 0.055170 -0.088077 -0.287186 -0.048756 0.996111 0.073391 94.570610 0.091784 -0.068699 0.993406 0.963123 0.000000 0.000000 0.000000 1.000000
0.994530 0.055268 -0.088635 -0.258177 -0.048836 0.996124 0.073164 94.576279 0.092335 -0.068435 0.993373 0.927254 0.000000 0.000000 0.000000 1.000000
0.994481 0.055346 -0.089132 -0.231275 -0.048896 0.996133 0.072989 94.580040 0.092827 -0.068228 0.993342 0.892128 0.000000 0.000000 0.000000 1.000000
0.994444 0.055488 -0.089457 -0.207458 -0.049027 0.996135 0.072879 94.581306 0.093155 -0.068088 0.993321 0.858725 0.000000 0.000000 0.000000 1.000000
0.994415 0.055684 -0.089660 -0.185162 -0.049222 0.996136 0.072739 94.580872 0.093364 -0.067919 0.993313 0.826204 0.000000 0.000000 0.000000 1.000000
0.994389 0.055887 -0.089817 -0.163921 -0.049440 0.996144 0.072470 94.580254 0.093521 -0.067623 0.993318 0.794023 0.000000 0.000000 0.000000 1.000000
0.994365 0.056070 -0.089970 -0.143762 -0.049651 0.996163 0.072068 94.581009 0.093666 -0.067195 0.993334 0.763147 0.000000 0.000000 0.000000 1.000000
0.994338 0.056232 -0.090164 -0.124150 -0.049843 0.996187 0.071609 94.584328 0.093847 -0.066710 0.993349 0.734514 0.000000 0.000000 0.000000 1.000000
0.994305 0.056371 -0.090443 -0.104481 -0.050003 0.996208 0.071197 94.589027 0.094113 -0.066269 0.993353 0.707516 0.000000 0.000000 0.000000 1.000000
0.994264 0.056498 -0.090813 -0.084389 -0.050134 0.996224 0.070887 94.593414 0.094475 -0.065928 0.993342 0.680349 0.000000 0.000000 0.000000 1.000000
0.994217 0.056633 -0.091240 -0.063937 -0.050267 0.996235 0.070627 94.597260 0.094896 -0.065633 0.993321 0.651666 0.000000 0.000000 0.000000 1.000000
0.994167 0.056804 -0.091683 -0.043283 -0.050441 0.996250 0.070291 94.601547 0.095332 -0.065256 0.993304 0.622137 0.000000 0.000000 0.000000 1.000000
0.994115 0.056986 -0.092133 -0.022233 -0.050642 0.996275 0.069789 94.606400 0.095767 -0.064713 0.993298 0.593650 0.000000 0.000000 0.000000 1.000000
0.994064 0.057115 -0.092602 0.000067 -0.050802 0.996312 0.069154 94.612404 0.096210 -0.064039 0.993299 0.567351 0.000000 0.000000 0.000000 1.000000
0.994016 0.057163 -0.093086 0.024267 -0.050885 0.996354 0.068477 94.620621 0.096661 -0.063331 0.993301 0.543503 0.000000 0.000000 0.000000 1.000000
0.993972 0.057180 -0.093541 0.050219 -0.050935 0.996395 0.067842 94.631126 0.097083 -0.062669 0.993301 0.522225 0.000000 0.000000 0.000000 1.000000
0.993933 0.057216 -0.093932 0.076758 -0.050998 0.996428 0.067314 94.641830 0.097448 -0.062115 0.993300 0.502750 0.000000 0.000000 0.000000 1.000000
0.993898 0.057279 -0.094260 0.103096 -0.051078 0.996449 0.066942 94.650307 0.097760 -0.061719 0.993294 0.483278 0.000000 0.000000 0.000000 1.000000
0.993868 0.057356 -0.094532 0.129220 -0.051158 0.996458 0.066735 94.655472 0.098025 -0.061490 0.993283 0.462784 0.000000 0.000000 0.000000 1.000000
0.993844 0.057447 -0.094735 0.155073 -0.051244 0.996459 0.066658 94.658127 0.098229 -0.061393 0.993268 0.442032 0.000000 0.000000 0.000000 1.000000
0.993827 0.057566 -0.094837 0.179974 -0.051354 0.996451 0.066695 94.659264 0.098340 -0.061413 0.993256 0.422506 0.000000 0.000000 0.000000 1.000000
0.993819 0.057708 -0.094831 0.202696 -0.051481 0.996434 0.066847 94.659859 0.098351 -0.061552 0.993246 0.405609 0.000000 0.000000 0.000000 1.000000
0.993820 0.057855 -0.094732 0.222638 -0.051609 0.996410 0.067103 94.660736 0.098274 -0.061799 0.993239 0.392365 0.000000 0.000000 0.000000 1.000000
0.993831 0.058020 -0.094521 0.240853 -0.051757 0.996381 0.067418 94.661919 0.098091 -0.062110 0.993237 0.382259 0.000000 0.000000 0.000000 1.000000
0.993852 0.058221 -0.094178 0.259313 -0.051947 0.996349 0.067748 94.663422 0.097779 -0.062439 0.993248 0.373338 0.000000 0.000000 0.000000 1.000000
0.993878 0.058432 -0.093764 0.278674 -0.052153 0.996316 0.068078 94.665794 0.097397 -0.062772 0.993264 0.364489 0.000000 0.000000 0.000000 1.000000
0.993899 0.058601 -0.093436 0.298190 -0.052308 0.996283 0.068439 94.668373 0.097099 -0.063134 0.993270 0.355805 0.000000 0.000000 0.000000 1.000000
0.993905 0.058706 -0.093305 0.317568 -0.052381 0.996251 0.068855 94.669334 0.096997 -0.063548 0.993254 0.346963 0.000000 0.000000 0.000000 1.000000
0.993901 0.058758 -0.093316 0.337357 -0.052385 0.996217 0.069335 94.667442 0.097037 -0.064023 0.993219 0.337274 0.000000 0.000000 0.000000 1.000000
0.993903 0.058764 -0.093292 0.357466 -0.052341 0.996182 0.069870 94.663689 0.097041 -0.064561 0.993184 0.326714 0.000000 0.000000 0.000000 1.000000
0.993923 0.058753 -0.093085 0.376730 -0.052292 0.996148 0.070392 94.659325 0.096862 -0.065097 0.993167 0.315799 0.000000 0.000000 0.000000 1.000000
0.993958 0.058789 -0.092691 0.393413 -0.052311 0.996115 0.070841 94.655121 0.096496 -0.065565 0.993172 0.305077 0.000000 0.000000 0.000000 1.000000
0.993993 0.058911 -0.092239 0.407234 -0.052428 0.996083 0.071202 94.652382 0.096072 -0.065939 0.993188 0.294848 0.000000 0.000000 0.000000 1.000000
0.994021 0.059063 -0.091837 0.419034 -0.052586 0.996059 0.071417 94.651489 0.095693 -0.066160 0.993210 0.285386 0.000000 0.000000 0.000000 1.000000
0.994046 0.059172 -0.091491 0.429241 -0.052720 0.996054 0.071397 94.651459 0.095355 -0.066148 0.993243 0.276866 0.000000 0.000000 0.000000 1.000000
0.994072 0.059245 -0.091168 0.437249 -0.052841 0.996067 0.071125 94.651421 0.095023 -0.065886 0.993292 0.268490 0.000000 0.000000 0.000000 1.000000
0.994094 0.059351 -0.090857 0.442676 -0.053014 0.996091 0.070650 94.651443 0.094695 -0.065416 0.993355 0.259203 0.000000 0.000000 0.000000 1.000000
0.994109 0.059510 -0.090585 0.446154 -0.053248 0.996122 0.070042 94.651314 0.094402 -0.064806 0.993423 0.249700 0.000000 0.000000 0.000000 1.000000
0.994119 0.059685 -0.090360 0.448162 -0.053501 0.996155 0.069380 94.650810 0.094153 -0.064138 0.993490 0.242512 0.000000 0.000000 0.000000 1.000000
0.994130 0.059849 -0.090136 0.448636 -0.053739 0.996185 0.068751 94.649734 0.093907 -0.063503 0.993554 0.239305 0.000000 0.000000 0.000000 1.000000
0.994142 0.060023 -0.089887 0.446785 -0.053979 0.996208 0.068230 94.649300 0.093642 -0.062978 0.993612 0.239669 0.000000 0.000000 0.000000 1.000000
0.994152 0.060224 -0.089638 0.441313 -0.054230 0.996220 0.067859 94.649712 0.093386 -0.062601 0.993660 0.243364 0.000000 0.000000 0.000000 1.000000
0.994158 0.060414 -0.089442 0.432515 -0.054457 0.996224 0.067613 94.649384 0.093189 -0.062348 0.993694 0.251660 0.000000 0.000000 0.000000 1.000000
0.994159 0.060529 -0.089355 0.422132 -0.054595 0.996229 0.067425 94.647896 0.093099 -0.062153 0.993715 0.265577 0.000000 0.000000 0.000000 1.000000
0.994152 0.060562 -0.089408 0.411394 -0.054644 0.996241 0.067213 94.646896 0.093142 -0.061934 0.993725 0.284122 0.000000 0.000000 0.000000 1.000000
0.994135 0.060577 -0.089584 0.399762 -0.054673 0.996257 0.066949 94.647560 0.093304 -0.061658 0.993727 0.304983 0.000000 0.000000 0.000000 1.000000
0.994111 0.060627 -0.089820 0.385818 -0.054735 0.996273 0.066669 94.648575 0.093527 -0.061360 0.993724 0.326956 0.000000 0.000000 0.000000 1.000000
