<?xml version="1.0" encoding="utf-8"?>
<COLLADA xmlns="http://www.collada.org/2005/11/COLLADASchema" version="1.4.1">
  <asset>
    <contributor>
      <author>Mixamo</author>
      <authoring_tool>COLLADA Mixamo exporter</authoring_tool>
      <comments/>
    </contributor>
    <created>2022-12-10T03:33:26Z</created>
    <modified>2022-12-10T03:33:26Z</modified>
    <revision/>
    <title/>
    <unit meter="0.010000"/>
    <up_axis>Y_UP</up_axis>
  </asset>
  <library_animations>
    <animation id="mixamorig_Hips-anim" name="mixamorig_Hips">
      <source id="mixamorig_Hips-Matrix-animation-input">
        <float_array id="mixamorig_Hips-Matrix-animation-input-array" count="21">

0.000000 0.033333 0.066667 0.100000 0.133333 0.166667 0.200000 0.233333 0.266667 0.300000 0.333333 0.366667 0.400000 0.433333 0.466667 0.500000
0.533333 0.566667 0.600000 0.633333 0.666667</float_array>
        <technique_common>
          <accessor source="#mixamorig_Hips-Matrix-animation-input-array" count="21">
            <param name="TIME" type="float"/>
          </accessor>
        </technique_common>
      </source>
      <source id="mixamorig_Hips-Matrix-animation-output-transform">
        <float_array id="mixamorig_Hips-Matrix-animation-output-transform-array" count="336">

0.519502 -0.083548 -0.850375 -0.028391 0.016426 0.996001 -0.087821 92.230675 0.854311 0.031654 0.518797 0.026639 0.000000 0.000000 0.000000 1.000000
0.566384 -0.069265 -0.821226 -1.281008 0.030869 0.997546 -0.062846 89.732872 0.823563 0.010244 0.567132 -0.416006 0.000000 0.000000 0.000000 1.000000
0.613822 -0.048702 -0.787941 -2.132525 0.017882 0.998697 -0.047799 87.999634 0.789242 0.015250 0.613893 -0.628612 0.000000 0.000000 0.000000 1.000000
0.616622 -0.048088 -0.785789 -3.022073 0.022077 0.998796 -0.043799 88.085846 0.786949 0.009659 0.616942 -0.502716 0.000000 0.000000 0.000000 1.000000
0.582561 -0.061473 -0.810459 -3.709648 0.025097 0.998021 -0.057660 89.985710 0.812399 0.013250 0.582951 -0.129768 0.000000 0.000000 0.000000 1.000000
0.517475 -0.090060 -0.850946 -4.173071 0.017741 0.995362 -0.094555 90.849464 0.855515 0.033833 0.516672 0.574190 0.000000 0.000000 0.000000 1.000000
0.438684 -0.126770 -0.889655 -4.113075 -0.023242 0.988068 -0.152254 91.812889 0.898341 0.087469 0.430504 0.918236 0.000000 0.000000 0.000000 1.000000
0.359711 -0.145039 -0.921722 -3.105835 -0.044451 0.984059 -0.172195 92.765388 0.932004 0.102912 0.347530 1.019970 0.000000 0.000000 0.000000 1.000000
0.317587 -0.120978 -0.940480 -2.297284 -0.056433 0.987658 -0.146103 91.903305 0.946548 0.099474 0.306841 1.397234 0.000000 0.000000 0.000000 1.000000
0.291581 -0.083395 -0.952904 -2.034937 -0.077098 0.990902 -0.110311 90.220184 0.953434 0.105631 0.282499 2.101758 0.000000 0.000000 0.000000 1.000000
0.241868 -0.051914 -0.968919 -2.355191 -0.075692 0.994515 -0.072181 87.979996 0.967352 0.090798 0.236612 2.728950 0.000000 0.000000 0.000000 1.000000
0.179649 -0.026254 -0.983380 -3.172616 -0.058068 0.997618 -0.037242 87.004112 0.982015 0.063793 0.177697 3.014094 0.000000 0.000000 0.000000 1.000000
0.152077 0.002355 -0.988366 -4.310201 -0.047273 0.998870 -0.004894 88.095512 0.987238 0.047467 0.152016 3.024617 0.000000 0.000000 0.000000 1.000000
0.175668 0.015253 -0.984331 -5.270954 -0.042372 0.999071 0.007920 90.569908 0.983537 0.040316 0.176151 2.697738 0.000000 0.000000 0.000000 1.000000
0.257181 -0.009368 -0.966318 -5.152193 -0.024666 0.999564 -0.016255 92.792213 0.966048 0.028015 0.256837 1.914494 0.000000 0.000000 0.000000 1.000000
0.351162 -0.060762 -0.934341 -5.529719 0.019911 0.998151 -0.057428 93.504791 0.936103 0.001563 0.351723 1.477323 0.000000 0.000000 0.000000 1.000000
0.414468 -0.102387 -0.904286 -4.392137 0.058257 0.994598 -0.085911 94.529617 0.908197 -0.017074 0.418194 0.811438 0.000000 0.000000 0.000000 1.000000
0.415341 -0.127109 -0.900741 -2.968506 0.073208 0.991648 -0.106181 94.709946 0.906715 -0.021840 0.421178 0.272643 0.000000 0.000000 0.000000 1.000000
0.403048 -0.130808 -0.905782 -2.024912 0.067345 0.991288 -0.113189 94.358452 0.912698 -0.015379 0.408346 -0.096350 0.000000 0.000000 0.000000 1.000000
0.426855 -0.141477 -0.893185 -0.705044 0.059402 0.989940 -0.128415 93.391525 0.902367 0.001758 0.430965 -0.324051 0.000000 0.000000 0.000000 1.000000
0.519502 -0.083548 -0.850375 -0.028390 0.016426 0.996001 -0.087821 92.230682 0.854311 0.031655 0.518797 0.031246 0.000000 0.000000 0.000000 1.000000</float_array>
        <technique_common>
          <accessor source="#mixamorig_Hips-Matrix-animation-output-transform-array" count="21" stride="16">
            <param type="float4x4"/>
          </accessor>
        </technique_common>
      </source>
      <source id="mixamorig_Hips-Interpolations">
        <Name_array id="mixamorig_Hips-Interpolations-array" count="21">
 LINEAR LINEAR LINEAR LINEAR LINEAR LINEAR LINEAR LINEAR LINEAR LINEAR LINEAR
LINEAR LINEAR LINEAR LINEAR LINEAR LINEAR LINEAR LINEAR LINEAR LINEAR</Name_array>
        <technique_common>
          <accessor source="#mixamorig_Hips-Interpolations-array" count="21">
            <param type="name"/>
          </accessor>
        </technique_common>
      </source>
      <sampler id="mixamorig_Hips-Matrix-animation-transform">
        <input semantic="INPUT" source="#mixamorig_Hips-Matrix-animation-input"/>
        <input semantic="OUTPUT" source="#mixamorig_Hips-Matrix-animation-output-transform"/>
        <input semantic="INTERPOLATION" source="#mixamorig_Hips-Interpolations"/>
      </sampler>
      <channel source="#mixamorig_Hips-Matrix-animation-transform" target="mixamorig_Hips/matrix"/>
    </animation>
    <animation id="mixamorig_Spine-anim" name="mixamorig_Spine">
      <source id="mixamorig_Spine-Matrix-animation-input">
        <float_array id="mixamorig_Spine-Matrix-animation-input-array" count="21">

0.000000 0.033333 0.066667 0.100000 0.133333 0.166667 0.200000 0.233333 0.266667 0.300000 0.333333 0.366667 0.400000 0.433333 0.466667 0.500000
0.533333 0.566667 0.600000 0.633333 0.666667</float_array>
        <technique_common>
          <accessor source="#mixamorig_Spine-Matrix-animation-input-array" count="21">
            <param name="TIME" type="float"/>
          </accessor>
        </technique_common>
      </source>
      <source id="mixamorig_Spine-Matrix-animation-output-transform">
        <float_array id="mixamorig_Spine-Matrix-animation-output-transform-array" count="336">

0.999764 0.004024 0.021341 0.017300 0.002435 0.955720 -0.294269 10.574800 -0.021580 0.294251 0.955484 -1.117200 0.000000 0.000000 0.000000 1.000000
0.999299 0.014406 -0.034552 0.017300 -0.024192 0.952879 -0.302386 10.574800 0.028568 0.303010 0.952559 -1.117200 0.000000 0.000000 0.000000 1.000000
0.994479 -0.007896 -0.104635 0.017300 -0.024485 0.952178 -0.304561 10.574800 0.102036 0.305442 0.946728 -1.117200 0.000000 0.000000 0.000000 1.000000
0.987507 0.000472 -0.157574 0.017300 -0.047534 0.954303 -0.295035 10.574800 0.150234 0.298839 0.942404 -1.117200 0.000000 0.000000 0.000000 1.000000
0.983629 0.020043 -0.179088 0.017300 -0.070301 0.957733 -0.278937 10.574800 0.165927 0.286961 0.943463 -1.117200 0.000000 0.000000 0.000000 1.000000
0.984291 0.049684 -0.169418 0.017300 -0.084511 0.975098 -0.205039 10.574800 0.155013 0.216136 0.963979 -1.117200 0.000000 0.000000 0.000000 1.000000
0.989355 0.044429 -0.138575 0.017300 -0.065665 0.986095 -0.152660 10.574800 0.129866 0.160135 0.978515 -1.117200 0.000000 0.000000 0.000000 1.000000
0.993377 0.050363 -0.103273 0.017300 -0.068654 0.980893 -0.182029 10.574800 0.092133 0.187914 0.977855 -1.117200 0.000000 0.000000 0.000000 1.000000
0.995918 0.050649 -0.074715 0.017300 -0.066189 0.972580 -0.222951 10.574800 0.061374 0.226986 0.971962 -1.117200 0.000000 0.000000 0.000000 1.000000
0.998596 0.033610 -0.040951 0.017300 -0.043179 0.964219 -0.261567 10.574800 0.030695 0.262968 0.964316 -1.117200 0.000000 0.000000 0.000000 1.000000
0.998738 0.050226 0.000402 0.017300 -0.048009 0.956937 -0.286300 10.574800 -0.014764 0.285919 0.958140 -1.117200 0.000000 0.000000 0.000000 1.000000
0.994789 0.091720 0.044513 0.017300 -0.074485 0.951981 -0.296958 10.574800 -0.069613 0.292095 0.953852 -1.117200 0.000000 0.000000 0.000000 1.000000
0.989219 0.111941 0.094423 0.017300 -0.076752 0.945410 -0.316717 10.574800 -0.124722 0.306055 0.943809 -1.117200 0.000000 0.000000 0.000000 1.000000
0.985117 0.108397 0.133396 0.017300 -0.060606 0.945285 -0.320568 10.574800 -0.160846 0.307713 0.937785 -1.117200 0.000000 0.000000 0.000000 1.000000
0.986643 0.097673 0.130366 0.017300 -0.053111 0.949450 -0.309391 10.574800 -0.153996 0.298335 0.941956 -1.117200 0.000000 0.000000 0.000000 1.000000
0.989081 0.100248 0.108027 0.017300 -0.068821 0.962356 -0.262936 10.574800 -0.130319 0.252630 0.958746 -1.117200 0.000000 0.000000 0.000000 1.000000
0.990904 0.106057 0.082830 0.017300 -0.079357 0.957640 -0.276816 10.574800 -0.108679 0.267725 0.957346 -1.117200 0.000000 0.000000 0.000000 1.000000
0.989159 0.109326 0.098038 0.017300 -0.077793 0.956374 -0.281597 10.574800 -0.124547 0.270918 0.954511 -1.117200 0.000000 0.000000 0.000000 1.000000
0.987374 0.111443 0.112573 0.017300 -0.074735 0.954330 -0.289257 10.574800 -0.139667 0.277192 0.950609 -1.117200 0.000000 0.000000 0.000000 1.000000
0.990686 0.094320 0.098205 0.017300 -0.063342 0.957675 -0.280796 10.574800 -0.120533 0.271960 0.954730 -1.117200 0.000000 0.000000 0.000000 1.000000
0.999764 0.004023 0.021341 0.017300 0.002435 0.955720 -0.294269 10.574800 -0.021580 0.294252 0.955484 -1.117200 0.000000 0.000000 0.000000 1.000000</float_array>
        <technique_common>
          <accessor source="#mixamorig_Spine-Matrix-animation-output-transform-array" count="21" stride="16">
            <param type="float4x4"/>
          </accessor>
        </technique_common>
      </source>
      <source id="mixamorig_Spine-Interpolations">
        <Name_array id="mixamorig_Spine-Interpolations-array" count="21">
 LINEAR LINEAR LINEAR LINEAR LINEAR LINEAR LINEAR LINEAR LINEAR LINEAR LINEAR
LINEAR LINEAR LINEAR LINEAR LINEAR LINEAR LINEAR LINEAR LINEAR LINEAR</Name_array>
        <technique_common>
          <accessor source="#mixamorig_Spine-Interpolations-array" count="21">
            <param type="name"/>
          </accessor>
        </technique_common>
      </source>
      <sampler id="mixamorig_Spine-Matrix-animation-transform">
        <input semantic="INPUT" source="#mixamorig_Spine-Matrix-animation-input"/>
        <input semantic="OUTPUT" source="#mixamorig_Spine-Matrix-animation-output-transform"/>
        <input semantic="INTERPOLATION" source="#mixamorig_Spine-Interpolations"/>
      </sampler>
      <channel source="#mixamorig_Spine-Matrix-animation-transform" target="mixamorig_Spine/matrix"/>
    </animation>
    <animation id="mixamorig_Spine1-anim" name="mixamorig_Spine1">
      <source id="mixamorig_Spine1-Matrix-animation-input">
        <float_array id="mixamorig_Spine1-Matrix-animation-input-array" count="21">

0.000000 0.033333 0.066667 0.100000 0.133333 0.166667 0.200000 0.233333 0.266667 0.300000 0.333333 0.366667 0.400000 0.433333 0.466667 0.500000
0.533333 0.566667 0.600000 0.633333 0.666667</float_array>
        <technique_common>
          <accessor source="#mixamorig_Spine1-Matrix-animation-input-array" count="21">
            <param name="TIME" type="float"/>
          </accessor>
        </technique_common>
      </source>
      <source id="mixamorig_Spine1-Matrix-animation-output-transform">
        <float_array id="mixamorig_Spine1-Matrix-animation-output-transform-array" count="336">

0.999545 0.025821 0.015558 0.000000 -0.025278 0.999097 -0.034150 12.406000 -0.016426 0.033741 0.999296 0.000000 0.000000 0.000000 0.000000 1.000000
0.999657 0.026203 -0.000008 0.000000 -0.026191 0.999166 -0.031327 12.406000 -0.000813 0.031317 0.999509 0.000000 0.000000 0.000000 0.000000 1.000000
0.999310 0.031620 -0.019495 0.000000 -0.032182 0.999054 -0.029243 12.406000 0.018552 0.029850 0.999382 0.000000 0.000000 0.000000 0.000000 1.000000
0.998763 0.037709 -0.032406 -0.000000 -0.038495 0.998970 -0.024004 12.406000 0.031468 0.025221 0.999187 0.000000 0.000000 0.000000 0.000000 1.000000
0.998505 0.039824 -0.037434 0.000000 -0.040675 0.998924 -0.022258 12.406000 0.036507 0.023747 0.999051 0.000000 0.000000 0.000000 0.000000 1.000000
0.998569 0.039128 -0.036453 0.000000 -0.040555 0.998405 -0.039283 12.406000 0.034857 0.040705 0.998563 0.000000 0.000000 0.000000 0.000000 1.000000
0.998940 0.033997 -0.031047 0.000000 -0.035183 0.998640 -0.038473 12.406000 0.029697 0.039524 0.998777 0.000000 0.000000 0.000000 0.000000 1.000000
0.999232 0.033335 -0.020579 -0.000000 -0.033854 0.999103 -0.025424 12.406000 0.019713 0.026101 0.999465 0.000000 0.000000 0.000000 0.000000 1.000000
0.999358 0.033970 -0.011385 0.000000 -0.034270 0.999039 -0.027319 12.406000 0.010446 0.027692 0.999562 0.000000 0.000000 0.000000 0.000000 1.000000
0.999529 0.030621 -0.002006 0.000000 -0.030662 0.999211 -0.025226 12.406000 0.001232 0.025276 0.999680 0.000000 0.000000 0.000000 0.000000 1.000000
0.999576 0.027375 0.009894 0.000000 -0.027106 0.999286 -0.026331 12.406000 -0.010608 0.026051 0.999604 0.000000 0.000000 0.000000 0.000000 1.000000
0.999268 0.029349 0.024549 0.000000 -0.028639 0.999175 -0.028778 12.406000 -0.025373 0.028054 0.999284 0.000000 0.000000 0.000000 0.000000 1.000000
0.998820 0.028046 0.039653 -0.000000 -0.026849 0.999177 -0.030394 12.406000 -0.040472 0.029293 0.998751 0.000000 0.000000 0.000000 0.000000 1.000000
0.998416 0.025954 0.049909 0.000000 -0.024320 0.999157 -0.033072 12.406000 -0.050725 0.031805 0.998206 0.000000 0.000000 0.000000 0.000000 1.000000
0.998514 0.025613 0.048105 -0.000000 -0.023886 0.999061 -0.036133 12.406000 -0.048986 0.034930 0.998189 -0.000000 0.000000 0.000000 0.000000 1.000000
0.998756 0.028934 0.040607 0.000000 -0.026827 0.998311 -0.051525 12.406000 -0.042029 0.050372 0.997846 0.000000 0.000000 0.000000 0.000000 1.000000
0.998864 0.032514 0.034838 -0.000000 -0.030996 0.998583 -0.043264 12.406000 -0.036195 0.042135 0.998456 0.000000 0.000000 0.000000 0.000000 1.000000
0.998673 0.032817 0.039697 0.000000 -0.031206 0.998690 -0.040548 12.406000 -0.040975 0.039255 0.998389 0.000000 0.000000 0.000000 0.000000 1.000000
0.998510 0.031456 0.044592 0.000000 -0.029930 0.998957 -0.034490 12.406000 -0.045630 0.033104 0.998410 0.000000 0.000000 0.000000 0.000000 1.000000
0.998762 0.029562 0.040007 0.000000 -0.028417 0.999178 -0.028907 12.406000 -0.040829 0.027735 0.998781 0.000000 0.000000 0.000000 0.000000 1.000000
0.999545 0.025821 0.015559 0.000000 -0.025278 0.999097 -0.034150 12.406000 -0.016426 0.033741 0.999296 0.000000 0.000000 0.000000 0.000000 1.000000</float_array>
        <technique_common>
          <accessor source="#mixamorig_Spine1-Matrix-animation-output-transform-array" count="21" stride="16">
            <param type="float4x4"/>
          </accessor>
        </technique_common>
      </source>
      <source id="mixamorig_Spine1-Interpolations">
        <Name_array id="mixamorig_Spine1-Interpolations-array" count="21">
 LINEAR LINEAR LINEAR LINEAR LINEAR LINEAR LINEAR LINEAR LINEAR LINEAR LINEAR
LINEAR LINEAR LINEAR LINEAR LINEAR LINEAR LINEAR LINEAR LINEAR LINEAR</Name_array>
        <technique_common>
          <accessor source="#mixamorig_Spine1-Interpolations-array" count="21">
            <param type="name"/>
          </accessor>
        </technique_common>
      </source>
      <sampler id="mixamorig_Spine1-Matrix-animation-transform">
        <input semantic="INPUT" source="#mixamorig_Spine1-Matrix-animation-input"/>
        <input semantic="OUTPUT" source="#mixamorig_Spine1-Matrix-animation-output-transform"/>
        <input semantic="INTERPOLATION" source="#mixamorig_Spine1-Interpolations"/>
      </sampler>
      <channel source="#mixamorig_Spine1-Matrix-animation-transform" target="mixamorig_Spine1/matrix"/>
    </animation>
    <animation id="mixamorig_Spine2-anim" name="mixamorig_Spine2">
      <source id="mixamorig_Spine2-Matrix-animation-input">
        <float_array id="mixamorig_Spine2-Matrix-animation-input-array" count="21">

0.000000 0.033333 0.066667 0.100000 0.133333 0.166667 0.200000 0.233333 0.266667 0.300000 0.333333 0.366667 0.400000 0.433333 0.466667 0.500000
0.533333 0.566667 0.600000 0.633333 0.666667</float_array>
        <technique_common>
          <accessor source="#mixamorig_Spine2-Matrix-animation-input-array" count="21">
            <param name="TIME" type="float"/>
          </accessor>
        </technique_common>
      </source>
      <source id="mixamorig_Spine2-Matrix-animation-output-transform">
        <float_array id="mixamorig_Spine2-Matrix-animation-output-transform-array" count="336">

0.999541 0.026691 0.014311 -0.000000 -0.024452 0.990041 -0.138642 14.178300 -0.017869 0.138228 0.990239 0.000000 0.000000 0.000000 0.000000 1.000000
0.999691 0.024840 -0.001115 0.000000 -0.024761 0.990380 -0.136144 14.178300 -0.002278 0.136129 0.990688 0.000000 0.000000 0.000000 0.000000 1.000000
0.999407 0.027573 -0.020644 0.000000 -0.030104 0.990459 -0.134480 14.178300 0.016739 0.135022 0.990701 0.000000 0.000000 0.000000 0.000000 1.000000
0.998913 0.031980 -0.033907 0.000000 -0.036124 0.990903 -0.129637 14.178300 0.029453 0.130721 0.990982 0.000000 0.000000 0.000000 0.000000 1.000000
0.998673 0.033452 -0.039153 0.000000 -0.038218 0.991026 -0.128087 14.178300 0.034517 0.129414 0.990990 -0.000000 0.000000 0.000000 0.000000 1.000000
0.998730 0.033744 -0.037412 -0.000000 -0.038838 0.988658 -0.145077 14.178300 0.032092 0.146346 0.988713 0.000000 0.000000 0.000000 0.000000 1.000000
0.999056 0.029309 -0.032051 -0.000000 -0.033634 0.989006 -0.144002 14.178300 0.027478 0.144944 0.989058 -0.000000 0.000000 0.000000 0.000000 1.000000
0.999322 0.029250 -0.022374 0.000000 -0.031931 0.990900 -0.130756 14.178300 0.018345 0.131381 0.991162 0.000000 0.000000 0.000000 0.000000 1.000000
0.999432 0.030986 -0.013266 0.000000 -0.032472 0.990663 -0.132409 14.178300 0.009040 0.132765 0.991106 0.000000 0.000000 0.000000 0.000000 1.000000
0.999575 0.028956 -0.003513 -0.000000 -0.029167 0.991067 -0.130134 14.178300 -0.000287 0.130181 0.991490 0.000000 0.000000 0.000000 0.000000 1.000000
0.999588 0.027373 0.008581 -0.000000 -0.026014 0.991038 -0.131019 14.178300 -0.012090 0.130742 0.991343 0.000000 0.000000 0.000000 0.000000 1.000000
0.999241 0.031433 0.023023 0.000000 -0.028098 0.990704 -0.133104 14.178300 -0.026992 0.132356 0.990835 0.000000 0.000000 0.000000 0.000000 1.000000
0.998745 0.032333 0.038238 0.000000 -0.026923 0.990565 -0.134375 14.178300 -0.042222 0.133177 0.990192 -0.000000 0.000000 0.000000 0.000000 1.000000
0.998312 0.031782 0.048610 -0.000000 -0.024861 0.990275 -0.136884 14.178300 -0.052488 0.135445 0.989394 0.000000 0.000000 0.000000 0.000000 1.000000
0.998417 0.031120 0.046852 0.000000 -0.024285 0.989856 -0.139983 14.178300 -0.050733 0.138624 0.989045 0.000000 0.000000 0.000000 0.000000 1.000000
0.998681 0.033000 0.039324 -0.000000 -0.026520 0.987526 -0.155206 14.178300 -0.043955 0.153958 0.987099 0.000000 0.000000 0.000000 0.000000 1.000000
0.998808 0.036248 0.032690 0.000000 -0.031063 0.988630 -0.147125 14.178300 -0.037652 0.145935 0.988577 0.000000 0.000000 0.000000 0.000000 1.000000
0.998602 0.037246 0.037512 -0.000000 -0.031472 0.989045 -0.144217 14.178300 -0.042472 0.142835 0.988835 0.000000 0.000000 0.000000 0.000000 1.000000
0.998425 0.036535 0.042578 0.000000 -0.030341 0.989969 -0.137992 14.178300 -0.047193 0.136482 0.989518 -0.000000 0.000000 0.000000 0.000000 1.000000
0.998695 0.033904 0.038187 -0.000000 -0.028564 0.990757 -0.132605 14.178300 -0.042330 0.131341 0.990433 0.000000 0.000000 0.000000 0.000000 1.000000
0.999541 0.026691 0.014311 -0.000000 -0.024452 0.990041 -0.138642 14.178300 -0.017869 0.138228 0.990239 0.000000 0.000000 0.000000 0.000000 1.000000</float_array>
        <technique_common>
          <accessor source="#mixamorig_Spine2-Matrix-animation-output-transform-array" count="21" stride="16">
            <param type="float4x4"/>
          </accessor>
        </technique_common>
      </source>
      <source id="mixamorig_Spine2-Interpolations">
        <Name_array id="mixamorig_Spine2-Interpolations-array" count="21">
 LINEAR LINEAR LINEAR LINEAR LINEAR LINEAR LINEAR LINEAR LINEAR LINEAR LINEAR
LINEAR LINEAR LINEAR LINEAR LINEAR LINEAR LINEAR LINEAR LINEAR LINEAR</Name_array>
        <technique_common>
          <accessor source="#mixamorig_Spine2-Interpolations-array" count="21">
            <param type="name"/>
          </accessor>
        </technique_common>
      </source>
      <sampler id="mixamorig_Spine2-Matrix-animation-transform">
        <input semantic="INPUT" source="#mixamorig_Spine2-Matrix-animation-input"/>
        <input semantic="OUTPUT" source="#mixamorig_Spine2-Matrix-animation-output-transform"/>
        <input semantic="INTERPOLATION" source="#mixamorig_Spine2-Interpolations"/>
      </sampler>
      <channel source="#mixamorig_Spine2-Matrix-animation-transform" target="mixamorig_Spine2/matrix"/>
    </animation>
    <animation id="mixamorig_Neck-anim" name="mixamorig_Neck">
      <source id="mixamorig_Neck-Matrix-animation-input">
        <float_array id="mixamorig_Neck-Matrix-animation-input-array" count="21">

0.000000 0.033333 0.066667 0.100000 0.133333 0.166667 0.200000 0.233333 0.266667 0.300000 0.333333 0.366667 0.400000 0.433333 0.466667 0.500000
0.533333 0.566667 0.600000 0.633333 0.666667</float_array>
        <technique_common>
          <accessor source="#mixamorig_Neck-Matrix-animation-input-array" count="21">
            <param name="TIME" type="float"/>
          </accessor>
        </technique_common>
      </source>
      <source id="mixamorig_Neck-Matrix-animation-output-transform">
        <float_array id="mixamorig_Neck-Matrix-animation-output-transform-array" count="336">

0.972749 0.101190 0.208614 0.024400 -0.099902 0.994857 -0.016732 15.862300 -0.209234 -0.004565 0.977855 -1.675800 0.000000 0.000000 0.000000 1.000000
0.967393 0.113287 0.226532 0.024400 -0.112752 0.993505 -0.015340 15.862300 -0.226798 -0.010702 0.973883 -1.675800 0.000000 0.000000 0.000000 1.000000
0.963956 0.093330 0.249156 0.024400 -0.098351 0.995122 0.007752 15.862300 -0.247217 -0.031978 0.968432 -1.675800 0.000000 0.000000 0.000000 1.000000
0.957504 0.084611 0.275730 0.024400 -0.086657 0.996227 -0.004778 15.862300 -0.275094 -0.019319 0.961223 -1.675800 0.000000 0.000000 0.000000 1.000000
0.948952 0.089455 0.302469 0.024400 -0.090277 0.995853 -0.011290 15.862300 -0.302224 -0.016592 0.953092 -1.675800 0.000000 0.000000 0.000000 1.000000
0.940636 0.088809 0.327593 0.024400 -0.093043 0.995658 -0.002760 15.862300 -0.326416 -0.027884 0.944815 -1.675800 0.000000 0.000000 0.000000 1.000000
0.930712 0.102460 0.351109 0.024400 -0.113314 0.993504 0.010449 15.862300 -0.347758 -0.049511 0.936276 -1.675800 0.000000 0.000000 0.000000 1.000000
0.924149 0.103878 0.367639 0.024400 -0.128562 0.990759 0.043229 15.862300 -0.359751 -0.087214 0.928963 -1.675800 0.000000 0.000000 0.000000 1.000000
0.925427 0.089988 0.368085 0.024400 -0.121014 0.990710 0.062043 15.862300 -0.359083 -0.101960 0.927720 -1.675800 0.000000 0.000000 0.000000 1.000000
0.931255 0.072364 0.357110 0.024400 -0.094909 0.994423 0.045992 15.862300 -0.351790 -0.076724 0.932929 -1.675800 0.000000 0.000000 0.000000 1.000000
0.933340 0.066485 0.352783 0.024400 -0.086112 0.995473 0.040217 15.862300 -0.348513 -0.067915 0.934840 -1.675800 0.000000 0.000000 0.000000 1.000000
0.936611 0.047851 0.347089 0.024400 -0.070755 0.996052 0.053611 15.862300 -0.343153 -0.074771 0.936299 -1.675800 0.000000 0.000000 0.000000 1.000000
0.941717 0.054285 0.331997 0.024400 -0.072117 0.996527 0.041620 15.862300 -0.328585 -0.063137 0.942362 -1.675800 0.000000 0.000000 0.000000 1.000000
0.947828 0.078800 0.308889 0.024400 -0.085811 0.996269 0.009154 15.862300 -0.307015 -0.035183 0.951054 -1.675800 0.000000 0.000000 0.000000 1.000000
0.952639 0.106785 0.284739 0.024400 -0.110215 0.993900 -0.003998 15.862300 -0.283429 -0.027574 0.958597 -1.675800 0.000000 0.000000 0.000000 1.000000
0.956612 0.116740 0.266955 0.024400 -0.122444 0.992464 0.004761 15.862300 -0.264387 -0.037241 0.963697 -1.675800 0.000000 0.000000 0.000000 1.000000
0.960198 0.109340 0.257030 0.024400 -0.118110 0.992821 0.018882 15.862300 -0.253120 -0.048488 0.966219 -1.675800 0.000000 0.000000 0.000000 1.000000
0.964059 0.108153 0.242679 0.024400 -0.114843 0.993291 0.013550 15.862300 -0.239586 -0.040933 0.970012 -1.675800 0.000000 0.000000 0.000000 1.000000
0.968689 0.104604 0.225165 0.024400 -0.104567 0.994444 -0.012124 15.862300 -0.225182 -0.011800 0.974245 -1.675800 0.000000 0.000000 0.000000 1.000000
0.971018 0.108422 0.212998 0.024400 -0.105177 0.994099 -0.026543 15.862300 -0.214619 0.003371 0.976692 -1.675800 0.000000 0.000000 0.000000 1.000000
0.972749 0.101190 0.208613 0.024400 -0.099901 0.994857 -0.016732 15.862300 -0.209234 -0.004565 0.977855 -1.675800 0.000000 0.000000 0.000000 1.000000</float_array>
        <technique_common>
          <accessor source="#mixamorig_Neck-Matrix-animation-output-transform-array" count="21" stride="16">
            <param type="float4x4"/>
          </accessor>
        </technique_common>
      </source>
      <source id="mixamorig_Neck-Interpolations">
        <Name_array id="mixamorig_Neck-Interpolations-array" count="21">
 LINEAR LINEAR LINEAR LINEAR LINEAR LINEAR LINEAR LINEAR LINEAR LINEAR LINEAR
LINEAR LINEAR LINEAR LINEAR LINEAR LINEAR LINEAR LINEAR LINEAR LINEAR</Name_array>
        <technique_common>
          <accessor source="#mixamorig_Neck-Interpolations-array" count="21">
            <param type="name"/>
          </accessor>
        </technique_common>
      </source>
      <sampler id="mixamorig_Neck-Matrix-animation-transform">
        <input semantic="INPUT" source="#mixamorig_Neck-Matrix-animation-input"/>
        <input semantic="OUTPUT" source="#mixamorig_Neck-Matrix-animation-output-transform"/>
        <input semantic="INTERPOLATION" source="#mixamorig_Neck-Interpolations"/>
      </sampler>
      <channel source="#mixamorig_Neck-Matrix-animation-transform" target="mixamorig_Neck/matrix"/>
    </animation>
    <animation id="mixamorig_Head-anim" name="mixamorig_Head">
      <source id="mixamorig_Head-Matrix-animation-input">
        <float_array id="mixamorig_Head-Matrix-animation-input-array" count="21">

0.000000 0.033333 0.066667 0.100000 0.133333 0.166667 0.200000 0.233333 0.266667 0.300000 0.333333 0.366667 0.400000 0.433333 0.466667 0.500000
0.533333 0.566667 0.600000 0.633333 0.666667</float_array>
        <technique_common>
          <accessor source="#mixamorig_Head-Matrix-animation-input-array" count="21">
            <param name="TIME" type="float"/>
          </accessor>
        </technique_common>
      </source>
      <source id="mixamorig_Head-Matrix-animation-output-transform">
        <float_array id="mixamorig_Head-Matrix-animation-output-transform-array" count="336">

0.863160 0.138810 0.485476 0.000000 -0.232826 0.962572 0.138732 5.564000 -0.448048 -0.232779 0.863172 0.988100 0.000000 0.000000 0.000000 1.000000
0.859227 0.130143 0.494764 -0.000000 -0.231725 0.961211 0.149587 5.564000 -0.456105 -0.243179 0.856056 0.988100 0.000000 0.000000 0.000000 1.000000
0.839175 0.126539 0.528937 0.000000 -0.234054 0.961914 0.141212 5.564000 -0.490922 -0.242301 0.836830 0.988100 0.000000 0.000000 0.000000 1.000000
0.810845 0.114084 0.574035 0.000000 -0.235050 0.961719 0.140883 5.564000 -0.535987 -0.249161 0.806620 0.988100 0.000000 0.000000 0.000000 1.000000
0.785224 0.102787 0.610621 -0.000000 -0.231745 0.963242 0.135867 5.564000 -0.574210 -0.248194 0.780181 0.988100 0.000000 0.000000 0.000000 1.000000
0.760563 0.088825 0.643159 -0.000000 -0.208331 0.971604 0.112175 5.564000 -0.614932 -0.219306 0.757472 0.988100 0.000000 0.000000 0.000000 1.000000
0.742132 0.057150 0.667812 -0.000000 -0.187404 0.974312 0.124880 5.564000 -0.643521 -0.217828 0.733779 0.988100 0.000000 0.000000 0.000000 1.000000
0.725825 0.029252 0.687257 -0.000000 -0.186348 0.970098 0.155515 5.564000 -0.662158 -0.240945 0.709572 0.988100 0.000000 0.000000 0.000000 1.000000
0.724394 0.026422 0.688880 -0.000000 -0.178832 0.972261 0.150760 5.564000 -0.665787 -0.232403 0.709025 0.988100 0.000000 0.000000 0.000000 1.000000
0.723264 0.054428 0.688424 0.000000 -0.204862 0.968924 0.138626 5.564000 -0.659485 -0.241295 0.711938 0.988100 0.000000 0.000000 0.000000 1.000000
0.718093 0.058553 0.693480 0.000000 -0.218591 0.965003 0.144870 5.564000 -0.660727 -0.255619 0.705761 0.988100 0.000000 0.000000 0.000000 1.000000
0.717616 0.056436 0.694148 0.000000 -0.192162 0.974065 0.119465 5.564000 -0.669403 -0.219119 0.709849 0.988100 0.000000 0.000000 0.000000 1.000000
0.737473 0.062553 0.672474 -0.000000 -0.183011 0.976957 0.109824 5.564000 -0.650109 -0.204062 0.731927 0.988100 0.000000 0.000000 0.000000 1.000000
0.773504 0.071282 0.629771 -0.000000 -0.180337 0.977336 0.110874 5.564000 -0.607594 -0.199332 0.768828 0.988100 0.000000 0.000000 0.000000 1.000000
0.817323 0.077453 0.570951 0.000000 -0.167999 0.979901 0.107562 5.564000 -0.551144 -0.183832 0.813908 0.988100 0.000000 0.000000 0.000000 1.000000
0.844219 0.083108 0.529516 0.000000 -0.159589 0.982075 0.100299 5.564000 -0.511689 -0.169179 0.842350 0.988100 0.000000 0.000000 0.000000 1.000000
0.845419 0.102988 0.524080 0.000000 -0.178164 0.979410 0.094938 5.564000 -0.503512 -0.173634 0.846361 0.988100 0.000000 0.000000 0.000000 1.000000
0.852037 0.115848 0.510503 -0.000000 -0.188174 0.977801 0.092173 5.564000 -0.488492 -0.174598 0.854922 0.988100 0.000000 0.000000 0.000000 1.000000
0.860812 0.120599 0.494428 0.000000 -0.194459 0.975743 0.100558 5.564000 -0.470307 -0.182707 0.863382 0.988100 0.000000 0.000000 0.000000 1.000000
0.869734 0.116316 0.479618 0.000000 -0.198235 0.972321 0.123672 5.564000 -0.451958 -0.202639 0.868718 0.988100 0.000000 0.000000 0.000000 1.000000
0.863160 0.138810 0.485476 0.000000 -0.232826 0.962572 0.138732 5.564000 -0.448048 -0.232779 0.863172 0.988100 0.000000 0.000000 0.000000 1.000000</float_array>
        <technique_common>
          <accessor source="#mixamorig_Head-Matrix-animation-output-transform-array" count="21" stride="16">
            <param type="float4x4"/>
          </accessor>
        </technique_common>
      </source>
      <source id="mixamorig_Head-Interpolations">
        <Name_array id="mixamorig_Head-Interpolations-array" count="21">
 LINEAR LINEAR LINEAR LINEAR LINEAR LINEAR LINEAR LINEAR LINEAR LINEAR LINEAR
LINEAR LINEAR LINEAR LINEAR LINEAR LINEAR LINEAR LINEAR LINEAR LINEAR</Name_array>
        <technique_common>
          <accessor source="#mixamorig_Head-Interpolations-array" count="21">
            <param type="name"/>
          </accessor>
        </technique_common>
      </source>
      <sampler id="mixamorig_Head-Matrix-animation-transform">
        <input semantic="INPUT" source="#mixamorig_Head-Matrix-animation-input"/>
        <input semantic="OUTPUT" source="#mixamorig_Head-Matrix-animation-output-transform"/>
        <input semantic="INTERPOLATION" source="#mixamorig_Head-Interpolations"/>
      </sampler>
      <channel source="#mixamorig_Head-Matrix-animation-transform" target="mixamorig_Head/matrix"/>
    </animation>
    <animation id="mixamorig_LeftShoulder-anim" name="mixamorig_LeftShoulder">
      <source id="mixamorig_LeftShoulder-Matrix-animation-input">
        <float_array id="mixamorig_LeftShoulder-Matrix-animation-input-array" count="21">

0.000000 0.033333 0.066667 0.100000 0.133333 0.166667 0.200000 0.233333 0.266667 0.300000 0.333333 0.366667 0.400000 0.433333 0.466667 0.500000
0.533333 0.566667 0.600000 0.633333 0.666667</float_array>
        <technique_common>
          <accessor source="#mixamorig_LeftShoulder-Matrix-animation-input-array" count="21">
            <param name="TIME" type="float"/>
          </accessor>
        </technique_common>
      </source>
      <source id="mixamorig_LeftShoulder-Matrix-animation-output-transform">
        <float_array id="mixamorig_LeftShoulder-Matrix-animation-output-transform-array" count="336">

0.346377 0.936129 0.060706 5.935000 -0.005616 0.066780 -0.997752 13.670200 -0.938079 0.345257 0.028388 -1.662600 0.000000 0.000000 0.000000 1.000000
0.374825 0.925346 0.056921 5.935000 -0.009850 0.065369 -0.997813 13.670200 -0.927043 0.373444 0.033617 -1.662600 0.000000 0.000000 0.000000 1.000000
0.396058 0.905391 0.152990 5.935000 0.017445 0.159166 -0.987098 13.670200 -0.918060 0.393617 0.047245 -1.662600 0.000000 0.000000 0.000000 1.000000
0.433545 0.881939 0.184994 5.935000 0.026158 0.192888 -0.980872 13.670200 -0.900752 0.430091 0.060556 -1.662600 0.000000 0.000000 0.000000 1.000000
0.438970 0.879571 0.183469 5.935000 0.025500 0.191917 -0.981080 13.670200 -0.898140 0.435343 0.061817 -1.662600 0.000000 0.000000 0.000000 1.000000
0.434081 0.878820 0.198115 5.935000 0.030625 0.205392 -0.978200 13.670200 -0.900353 0.430685 0.062243 -1.662600 0.000000 0.000000 0.000000 1.000000
0.400935 0.904172 0.147389 5.935000 0.012231 0.155588 -0.987746 13.670200 -0.916025 0.397825 0.051322 -1.662600 0.000000 0.000000 0.000000 1.000000
0.357042 0.928722 0.099981 5.935000 -0.008319 0.110193 -0.993875 13.670200 -0.934051 0.354023 0.047070 -1.662600 0.000000 0.000000 0.000000 1.000000
0.321964 0.941017 0.104048 5.935000 -0.018357 0.116085 -0.993070 13.670200 -0.946574 0.317823 0.054650 -1.662600 0.000000 0.000000 0.000000 1.000000
0.284417 0.955619 0.076804 5.935000 -0.036841 0.090948 -0.995174 13.670200 -0.957992 0.280215 0.061073 -1.662600 0.000000 0.000000 0.000000 1.000000
0.195593 0.980051 0.035270 5.935000 -0.051446 0.046169 -0.997608 13.670200 -0.979335 0.193311 0.059450 -1.662600 0.000000 0.000000 0.000000 1.000000
0.082671 0.996542 0.008300 5.935000 -0.056241 0.012981 -0.998333 13.670200 -0.994989 0.082067 0.057120 -1.662600 0.000000 0.000000 0.000000 1.000000
-0.034821 0.996542 -0.075448 5.935000 -0.051743 -0.077190 -0.995673 13.670200 -0.998053 -0.030767 0.054252 -1.662600 0.000000 0.000000 0.000000 1.000000
-0.080160 0.987974 -0.132219 5.935000 -0.044505 -0.136061 -0.989700 13.670200 -0.995788 -0.073450 0.054877 -1.662600 0.000000 0.000000 0.000000 1.000000
-0.056546 0.984588 -0.165495 5.935000 -0.043773 -0.168046 -0.984807 13.670200 -0.997440 -0.048442 0.052601 -1.662600 0.000000 0.000000 0.000000 1.000000
-0.003812 0.983686 -0.179853 5.935000 -0.048100 -0.179826 -0.982522 13.670200 -0.998835 0.004905 0.048001 -1.662600 0.000000 0.000000 0.000000 1.000000
0.060327 0.984961 -0.161902 5.935000 -0.052475 -0.158844 -0.985908 13.670200 -0.996798 0.067973 0.042103 -1.662600 0.000000 0.000000 0.000000 1.000000
0.133400 0.983944 -0.118567 5.935000 -0.052038 -0.112517 -0.992286 13.670200 -0.989695 0.138541 0.036193 -1.662600 0.000000 0.000000 0.000000 1.000000
0.209877 0.975884 -0.060022 5.935000 -0.043417 -0.052026 -0.997701 13.670200 -0.976763 0.212001 0.031451 -1.662600 0.000000 0.000000 0.000000 1.000000
0.282851 0.959158 0.003453 5.935000 -0.026579 0.011437 -0.999581 13.670200 -0.958796 0.282640 0.028728 -1.662600 0.000000 0.000000 0.000000 1.000000
0.346377 0.936129 0.060706 5.935000 -0.005616 0.066780 -0.997752 13.670200 -0.938079 0.345257 0.028388 -1.662600 0.000000 0.000000 0.000000 1.000000</float_array>
        <technique_common>
          <accessor source="#mixamorig_LeftShoulder-Matrix-animation-output-transform-array" count="21" stride="16">
            <param type="float4x4"/>
          </accessor>
        </technique_common>
      </source>
      <source id="mixamorig_LeftShoulder-Interpolations">
        <Name_array id="mixamorig_LeftShoulder-Interpolations-array" count="21">
 LINEAR LINEAR LINEAR LINEAR LINEAR LINEAR LINEAR LINEAR LINEAR LINEAR LINEAR
LINEAR LINEAR LINEAR LINEAR LINEAR LINEAR LINEAR LINEAR LINEAR LINEAR</Name_array>
        <technique_common>
          <accessor source="#mixamorig_LeftShoulder-Interpolations-array" count="21">
            <param type="name"/>
          </accessor>
        </technique_common>
      </source>
      <sampler id="mixamorig_LeftShoulder-Matrix-animation-transform">
        <input semantic="INPUT" source="#mixamorig_LeftShoulder-Matrix-animation-input"/>
        <input semantic="OUTPUT" source="#mixamorig_LeftShoulder-Matrix-animation-output-transform"/>
        <input semantic="INTERPOLATION" source="#mixamorig_LeftShoulder-Interpolations"/>
      </sampler>
      <channel source="#mixamorig_LeftShoulder-Matrix-animation-transform" target="mixamorig_LeftShoulder/matrix"/>
    </animation>
    <animation id="mixamorig_LeftArm-anim" name="mixamorig_LeftArm">
      <source id="mixamorig_LeftArm-Matrix-animation-input">
        <float_array id="mixamorig_LeftArm-Matrix-animation-input-array" count="21">

0.000000 0.033333 0.066667 0.100000 0.133333 0.166667 0.200000 0.233333 0.266667 0.300000 0.333333 0.366667 0.400000 0.433333 0.466667 0.500000
0.533333 0.566667 0.600000 0.633333 0.666667</float_array>
        <technique_common>
          <accessor source="#mixamorig_LeftArm-Matrix-animation-input-array" count="21">
            <param name="TIME" type="float"/>
          </accessor>
        </technique_common>
      </source>
      <source id="mixamorig_LeftArm-Matrix-animation-output-transform">
        <float_array id="mixamorig_LeftArm-Matrix-animation-output-transform-array" count="336">

0.981726 -0.053611 0.182592 0.000000 0.174094 0.640471 -0.747989 12.607900 -0.076845 0.766109 0.638100 0.000000 0.000000 0.000000 0.000000 1.000000
0.980447 -0.110682 0.162708 -0.000000 0.194042 0.681351 -0.705768 12.607900 -0.032746 0.723540 0.689505 0.000000 0.000000 0.000000 0.000000 1.000000
0.983484 -0.119782 0.135689 0.000000 0.180983 0.641955 -0.745077 12.607900 0.002140 0.757328 0.653031 -0.000000 0.000000 0.000000 0.000000 1.000000
0.994372 -0.087389 0.059891 0.000000 0.102365 0.646865 -0.755703 12.607900 0.027299 0.757581 0.652170 -0.000000 0.000000 0.000000 0.000000 1.000000
0.997172 -0.062992 0.040977 -0.000000 0.072595 0.666595 -0.741877 12.607900 0.019417 0.742754 0.669283 0.000000 0.000000 0.000000 0.000000 1.000000
0.999352 -0.000307 0.035983 0.000000 0.026652 0.678152 -0.734438 12.607900 -0.024176 0.734922 0.677721 0.000000 0.000000 0.000000 0.000000 1.000000
0.998192 0.053620 0.027148 0.000000 -0.019728 0.719001 -0.694729 12.607900 -0.056771 0.692937 0.718759 0.000000 0.000000 0.000000 0.000000 1.000000
0.999002 0.044654 -0.001186 0.000000 -0.033832 0.739038 -0.672814 12.607900 -0.029167 0.672182 0.739811 0.000000 0.000000 0.000000 0.000000 1.000000
0.999784 0.006703 -0.019650 0.000000 -0.018700 0.701918 -0.712012 12.607900 0.009020 0.712226 0.701892 0.000000 0.000000 0.000000 0.000000 1.000000
0.999683 -0.023227 -0.009665 0.000000 0.008271 0.666240 -0.745691 12.607900 0.023759 0.745376 0.666221 -0.000000 0.000000 0.000000 0.000000 1.000000
0.998593 -0.047122 0.024336 0.000000 0.048376 0.621243 -0.782123 12.607900 0.021737 0.782200 0.622649 0.000000 0.000000 0.000000 0.000000 1.000000
0.998867 -0.004426 0.047384 -0.000000 0.041801 0.557559 -0.829084 12.607900 -0.022750 0.830125 0.557113 0.000000 0.000000 0.000000 0.000000 1.000000
0.991780 0.030502 0.124263 0.000000 0.084676 0.571617 -0.816140 12.607900 -0.095925 0.819954 0.564335 -0.000000 0.000000 0.000000 0.000000 1.000000
0.989974 0.036645 0.136416 -0.000000 0.087798 0.596907 -0.797492 12.607900 -0.110651 0.801473 0.587705 0.000000 0.000000 0.000000 0.000000 1.000000
0.983677 0.067689 0.166726 0.000000 0.091832 0.607965 -0.788635 12.607900 -0.154745 0.791073 0.591825 -0.000000 0.000000 0.000000 0.000000 1.000000
0.976262 0.101962 0.191092 0.000000 0.090103 0.611115 -0.786397 12.607900 -0.196962 0.784947 0.587421 0.000000 0.000000 0.000000 0.000000 1.000000
0.975655 0.107309 0.191265 -0.000000 0.085603 0.616602 -0.782607 12.607900 -0.201915 0.779927 0.592405 0.000000 0.000000 0.000000 0.000000 1.000000
