<?xml version="1.0" encoding="utf-8"?>
<COLLADA xmlns="http://www.collada.org/2005/11/COLLADASchema" version="1.4.1">
  <asset>
    <contributor>
      <author>Mixamo</author>
      <authoring_tool>COLLADA Mixamo exporter</authoring_tool>
      <comments/>
    </contributor>
    <created>2022-12-10T03:24:24Z</created>
    <modified>2022-12-10T03:24:24Z</modified>
    <revision/>
    <title/>
    <unit meter="0.010000"/>
    <up_axis>Y_UP</up_axis>
  </asset>
  <library_animations>
    <animation id="mixamorig_Hips-anim" name="mixamorig_Hips">
      <source id="mixamorig_Hips-Matrix-animation-input">
        <float_array id="mixamorig_Hips-Matrix-animation-input-array" count="22">

0.000000 0.033333 0.066667 0.100000 0.133333 0.166667 0.200000 0.233333 0.266667 0.300000 0.333333 0.366667 0.400000 0.433333 0.466667 0.500000
0.533333 0.566667 0.600000 0.633333 0.666667 0.700000</float_array>
        <technique_common>
          <accessor source="#mixamorig_Hips-Matrix-animation-input-array" count="22">
            <param name="TIME" type="float"/>
          </accessor>
        </technique_common>
      </source>
      <source id="mixamorig_Hips-Matrix-animation-output-transform">
        <float_array id="mixamorig_Hips-Matrix-animation-output-transform-array" count="352">

0.978017 -0.112524 -0.175562 0.002511 0.047177 0.939482 -0.339335 85.589005 0.203120 0.323593 0.924137 0.035827 0.000000 0.000000 0.000000 1.000000
0.972441 -0.140365 -0.186163 0.305129 0.071876 0.940061 -0.333345 86.880386 0.221795 0.310778 0.924242 -0.287518 0.000000 0.000000 0.000000 1.000000
0.974400 -0.144426 -0.172298 0.349532 0.076991 0.934390 -0.347832 88.040062 0.211230 0.325662 0.921589 -0.890136 0.000000 0.000000 0.000000 1.000000
0.980436 -0.129065 -0.148618 0.356485 0.066461 0.927747 -0.367244 89.050034 0.185279 0.350182 0.918175 -1.752057 0.000000 0.000000 0.000000 1.000000
0.986593 -0.108073 -0.122290 0.502210 0.056010 0.928030 -0.368272 89.604919 0.153289 0.356485 0.921640 -2.922450 0.000000 0.000000 0.000000 1.000000
0.991173 -0.092856 -0.094623 0.794326 0.055318 0.938312 -0.341338 89.288475 0.120481 0.333090 0.935166 -4.379527 0.000000 0.000000 0.000000 1.000000
0.994074 -0.087131 -0.064994 1.185776 0.063799 0.951762 -0.300133 88.177376 0.088010 0.294208 0.951681 -5.908984 0.000000 0.000000 0.000000 1.000000
0.995578 -0.090187 -0.026277 1.659958 0.079908 0.960145 -0.267835 86.854645 0.049385 0.264551 0.963106 -7.281057 0.000000 0.000000 0.000000 1.000000
0.995921 -0.086535 0.025558 2.128329 0.090211 0.960741 -0.262372 85.955948 -0.001850 0.263608 0.964628 -8.282711 0.000000 0.000000 0.000000 1.000000
0.995313 -0.052439 0.081255 2.421058 0.073882 0.954469 -0.289015 86.007439 -0.062400 0.293664 0.953870 -8.809025 0.000000 0.000000 0.000000 1.000000
0.992257 0.012585 0.123560 2.520845 0.030172 0.940626 -0.338102 87.291855 -0.120478 0.339212 0.932963 -8.835275 0.000000 0.000000 0.000000 1.000000
0.987364 0.076653 0.138693 2.612903 -0.016458 0.920091 -0.391358 89.493652 -0.157609 0.384130 0.909727 -8.400576 0.000000 0.000000 0.000000 1.000000
0.986207 0.106238 0.126924 2.837665 -0.041299 0.900517 -0.432856 91.721214 -0.160283 0.421644 0.892483 -7.627227 0.000000 0.000000 0.000000 1.000000
0.990506 0.094786 0.099562 3.142939 -0.040141 0.892133 -0.449987 93.076805 -0.131475 0.441718 0.887468 -6.659540 0.000000 0.000000 0.000000 1.000000
0.995856 0.060317 0.068057 3.349024 -0.024921 0.900743 -0.433637 93.188522 -0.087458 0.430144 0.898514 -5.665658 0.000000 0.000000 0.000000 1.000000
0.998864 0.024818 0.040679 3.268196 -0.007157 0.922116 -0.386847 92.152412 -0.047112 0.386116 0.921246 -4.730682 0.000000 0.000000 0.000000 1.000000
0.999702 0.000753 0.024413 2.828696 0.007330 0.944192 -0.329315 90.218872 -0.023299 0.329396 0.943904 -3.825567 0.000000 0.000000 0.000000 1.000000
0.999843 -0.007383 0.016115 2.145902 0.011710 0.957609 -0.287835 87.793121 -0.013307 0.287978 0.957545 -2.885298 0.000000 0.000000 0.000000 1.000000
0.999968 -0.007830 -0.001741 1.404396 0.007042 0.960837 -0.277023 85.482597 0.003842 0.277002 0.960862 -1.875584 0.000000 0.000000 0.000000 1.000000
0.998838 -0.020988 -0.043388 0.757483 0.007561 0.957301 -0.288993 84.109436 0.047600 0.288329 0.956347 -0.943845 0.000000 0.000000 0.000000 1.000000
0.992755 -0.059043 -0.104647 0.279168 0.023764 0.950220 -0.310674 84.178024 0.117781 0.305936 0.944739 -0.269231 0.000000 0.000000 0.000000 1.000000
0.978017 -0.112524 -0.175562 0.007448 0.047177 0.939482 -0.339335 85.589005 0.203120 0.323593 0.924137 0.035823 0.000000 0.000000 0.000000 1.000000</float_array>
        <technique_common>
          <accessor source="#mixamorig_Hips-Matrix-animation-output-transform-array" count="22" stride="16">
            <param type="float4x4"/>
          </accessor>
        </technique_common>
      </source>
      <source id="mixamorig_Hips-Interpolations">
        <Name_array id="mixamorig_Hips-Interpolations-array" count="22">
 LINEAR LINEAR LINEAR LINEAR LINEAR LINEAR LINEAR LINEAR LINEAR LINEAR LINEAR
LINEAR LINEAR LINEAR LINEAR LINEAR LINEAR LINEAR LINEAR LINEAR LINEAR LINEAR</Name_array>
        <technique_common>
          <accessor source="#mixamorig_Hips-Interpolations-array" count="22">
            <param type="name"/>
          </accessor>
        </technique_common>
      </source>
      <sampler id="mixamorig_Hips-Matrix-animation-transform">
        <input semantic="INPUT" source="#mixamorig_Hips-Matrix-animation-input"/>
        <input semantic="OUTPUT" source="#mixamorig_Hips-Matrix-animation-output-transform"/>
        <input semantic="INTERPOLATION" source="#mixamorig_Hips-Interpolations"/>
      </sampler>
      <channel source="#mixamorig_Hips-Matrix-animation-transform" target="mixamorig_Hips/matrix"/>
    </animation>
    <animation id="mixamorig_Spine-anim" name="mixamorig_Spine">
      <source id="mixamorig_Spine-Matrix-animation-input">
        <float_array id="mixamorig_Spine-Matrix-animation-input-array" count="22">

0.000000 0.033333 0.066667 0.100000 0.133333 0.166667 0.200000 0.233333 0.266667 0.300000 0.333333 0.366667 0.400000 0.433333 0.466667 0.500000
0.533333 0.566667 0.600000 0.633333 0.666667 0.700000</float_array>
        <technique_common>
          <accessor source="#mixamorig_Spine-Matrix-animation-input-array" count="22">
            <param name="TIME" type="float"/>
          </accessor>
        </technique_common>
      </source>
      <source id="mixamorig_Spine-Matrix-animation-output-transform">
        <float_array id="mixamorig_Spine-Matrix-animation-output-transform-array" count="352">

0.990520 0.100515 0.093627 0.017300 -0.057848 0.923435 -0.379370 10.574800 -0.124591 0.370357 0.920496 -1.117200 0.000000 0.000000 0.000000 1.000000
0.962806 0.165037 0.213934 0.017300 -0.077379 0.927033 -0.366909 10.574800 -0.258878 0.336709 0.905323 -1.117200 0.000000 0.000000 0.000000 1.000000
0.934112 0.190735 0.301752 0.017300 -0.086666 0.941173 -0.326622 10.574800 -0.346299 0.278950 0.895692 -1.117200 0.000000 0.000000 0.000000 1.000000
0.919168 0.184229 0.348122 0.017300 -0.085517 0.956127 -0.280193 10.574800 -0.384469 0.227774 0.894597 -1.117200 0.000000 0.000000 0.000000 1.000000
0.920263 0.167816 0.353489 0.017300 -0.076320 0.962995 -0.258487 10.574800 -0.383787 0.210897 0.899016 -1.117200 0.000000 0.000000 0.000000 1.000000
0.933581 0.157528 0.321886 0.017300 -0.066789 0.958952 -0.275592 10.574800 -0.352087 0.235790 0.905780 -1.117200 0.000000 0.000000 0.000000 1.000000
0.954192 0.155145 0.255826 0.017300 -0.067827 0.944959 -0.320083 10.574800 -0.291404 0.288069 0.912195 -1.117200 0.000000 0.000000 0.000000 1.000000
0.975486 0.152624 0.158533 0.017300 -0.085676 0.926965 -0.365234 10.574800 -0.202698 0.342698 0.917318 -1.117200 0.000000 0.000000 0.000000 1.000000
0.990275 0.131353 0.045853 0.017300 -0.104410 0.919468 -0.379047 10.574800 -0.091949 0.370573 0.924241 -1.117200 0.000000 0.000000 0.000000 1.000000
0.995280 0.075968 -0.060380 0.017300 -0.092416 0.931809 -0.350986 10.574800 0.029599 0.354910 0.934432 -1.117200 0.000000 0.000000 0.000000 1.000000
0.988123 -0.007967 -0.153456 0.017300 -0.039440 0.952049 -0.303394 10.574800 0.148515 0.305843 0.940427 -1.117200 0.000000 0.000000 0.000000 1.000000
0.967719 -0.091110 -0.234987 0.017300 0.027611 0.965084 -0.260482 10.574800 0.250514 0.245586 0.936446 -1.117200 0.000000 0.000000 0.000000 1.000000
0.943677 -0.138465 -0.300500 0.017300 0.071103 0.971870 -0.224530 10.574800 0.323136 0.190517 0.926977 -1.117200 0.000000 0.000000 0.000000 1.000000
0.929668 -0.137893 -0.341618 0.017300 0.073368 0.978032 -0.195117 10.574800 0.361019 0.156330 0.919362 -1.117200 0.000000 0.000000 0.000000 1.000000
0.929161 -0.107181 -0.353797 0.017300 0.043010 0.981890 -0.184503 10.574800 0.367165 0.156216 0.916944 -1.117200 0.000000 0.000000 0.000000 1.000000
0.937039 -0.073455 -0.341413 0.017300 0.003725 0.979676 -0.200552 10.574800 0.349205 0.186654 0.918268 -1.117200 0.000000 0.000000 0.000000 1.000000
0.948299 -0.056606 -0.312290 0.017300 -0.019495 0.971719 -0.235333 10.574800 0.316780 0.229254 0.920377 -1.117200 0.000000 0.000000 0.000000 1.000000
0.962206 -0.063784 -0.264749 0.017300 -0.011987 0.961321 -0.275169 10.574800 0.272060 0.267943 0.924224 -1.117200 0.000000 0.000000 0.000000 1.000000
0.978681 -0.076005 -0.190805 0.017300 0.013818 0.951269 -0.308051 10.574800 0.204921 0.298848 0.932040 -1.117200 0.000000 0.000000 0.000000 1.000000
0.993957 -0.057702 -0.093385 0.017300 0.023854 0.943910 -0.329339 10.574800 0.107151 0.325121 0.939582 -1.117200 0.000000 0.000000 0.000000 1.000000
0.999942 0.006648 0.008523 0.017300 -0.003258 0.937182 -0.348824 10.574800 -0.010307 0.348776 0.937149 -1.117200 0.000000 0.000000 0.000000 1.000000
0.990520 0.100515 0.093627 0.017300 -0.057848 0.923435 -0.379370 10.574800 -0.124591 0.370357 0.920496 -1.117200 0.000000 0.000000 0.000000 1.000000</float_array>
        <technique_common>
          <accessor source="#mixamorig_Spine-Matrix-animation-output-transform-array" count="22" stride="16">
            <param type="float4x4"/>
          </accessor>
        </technique_common>
      </source>
      <source id="mixamorig_Spine-Interpolations">
        <Name_array id="mixamorig_Spine-Interpolations-array" count="22">
 LINEAR LINEAR LINEAR LINEAR LINEAR LINEAR LINEAR LINEAR LINEAR LINEAR LINEAR
LINEAR LINEAR LINEAR LINEAR LINEAR LINEAR LINEAR LINEAR LINEAR LINEAR LINEAR</Name_array>
        <technique_common>
          <accessor source="#mixamorig_Spine-Interpolations-array" count="22">
            <param type="name"/>
          </accessor>
        </technique_common>
      </source>
      <sampler id="mixamorig_Spine-Matrix-animation-transform">
        <input semantic="INPUT" source="#mixamorig_Spine-Matrix-animation-input"/>
        <input semantic="OUTPUT" source="#mixamorig_Spine-Matrix-animation-output-transform"/>
        <input semantic="INTERPOLATION" source="#mixamorig_Spine-Interpolations"/>
      </sampler>
      <channel source="#mixamorig_Spine-Matrix-animation-transform" target="mixamorig_Spine/matrix"/>
    </animation>
    <animation id="mixamorig_Spine1-anim" name="mixamorig_Spine1">
      <source id="mixamorig_Spine1-Matrix-animation-input">
        <float_array id="mixamorig_Spine1-Matrix-animation-input-array" count="22">

0.000000 0.033333 0.066667 0.100000 0.133333 0.166667 0.200000 0.233333 0.266667 0.300000 0.333333 0.366667 0.400000 0.433333 0.466667 0.500000
0.533333 0.566667 0.600000 0.633333 0.666667 0.700000</float_array>
        <technique_common>
          <accessor source="#mixamorig_Spine1-Matrix-animation-input-array" count="22">
            <param name="TIME" type="float"/>
          </accessor>
        </technique_common>
      </source>
      <source id="mixamorig_Spine1-Matrix-animation-output-transform">
        <float_array id="mixamorig_Spine1-Matrix-animation-output-transform-array" count="352">

0.999425 0.007967 0.032946 0.000000 -0.006765 0.999313 -0.036429 12.406000 -0.033213 0.036185 0.998793 -0.000000 0.000000 0.000000 0.000000 1.000000
0.997646 0.004257 0.068444 0.000000 -0.001425 0.999143 -0.041370 12.406000 -0.068562 0.041175 0.996797 0.000000 0.000000 0.000000 0.000000 1.000000
0.995801 -0.004230 0.091446 0.000000 0.008272 0.999003 -0.043876 12.406000 -0.091169 0.044448 0.994843 0.000000 0.000000 0.000000 0.000000 1.000000
0.994746 -0.011998 0.101665 0.000000 0.016683 0.998832 -0.045352 12.406000 -0.101002 0.046810 0.993784 0.000000 0.000000 0.000000 0.000000 1.000000
0.994723 -0.015994 0.101343 0.000000 0.020838 0.998681 -0.046923 12.406000 -0.100459 0.048787 0.993744 0.000000 0.000000 0.000000 0.000000 1.000000
0.995637 -0.015908 0.091945 0.000000 0.020440 0.998611 -0.048565 12.406000 -0.091045 0.050233 0.994579 0.000000 0.000000 0.000000 0.000000 1.000000
0.997190 -0.012733 0.073821 -0.000000 0.016415 0.998640 -0.049481 12.406000 -0.073091 0.050554 0.996043 0.000000 0.000000 0.000000 0.000000 1.000000
0.998828 -0.007186 0.047860 0.000000 0.009549 0.998736 -0.049346 12.406000 -0.047445 0.049745 0.997634 -0.000000 0.000000 0.000000 0.000000 1.000000
0.999850 -0.000793 0.017317 0.000000 0.001632 0.998823 -0.048479 12.406000 -0.017258 0.048500 0.998674 -0.000000 0.000000 0.000000 0.000000 1.000000
0.999901 0.003604 -0.013617 -0.000000 -0.004232 0.998916 -0.046353 12.406000 0.013435 0.046406 0.998832 0.000000 0.000000 0.000000 0.000000 1.000000
0.999077 0.003739 -0.042789 0.000000 -0.005483 0.999155 -0.040726 12.406000 0.042600 0.040923 0.998254 0.000000 0.000000 0.000000 0.000000 1.000000
0.997605 0.000152 -0.069172 -0.000000 -0.002307 0.999514 -0.031080 12.406000 0.069133 0.031165 0.997121 0.000000 0.000000 0.000000 0.000000 1.000000
0.995959 -0.002801 -0.089762 0.000000 0.000779 0.999745 -0.022560 12.406000 0.089803 0.022399 0.995708 0.000000 0.000000 0.000000 0.000000 1.000000
0.994921 -0.000542 -0.100655 0.000000 -0.001620 0.999770 -0.021392 12.406000 0.100644 0.021446 0.994691 0.000000 0.000000 0.000000 0.000000 1.000000
0.994824 0.006776 -0.101392 -0.000000 -0.009567 0.999588 -0.027070 12.406000 0.101166 0.027900 0.994478 -0.000000 0.000000 0.000000 0.000000 1.000000
0.995328 0.015009 -0.095381 0.000000 -0.018325 0.999254 -0.033981 12.406000 0.094800 0.035570 0.994861 0.000000 0.000000 0.000000 0.000000 1.000000
0.996082 0.019946 -0.086161 0.000000 -0.023346 0.998981 -0.038635 12.406000 0.085302 0.040496 0.995532 0.000000 0.000000 0.000000 0.000000 1.000000
0.997189 0.019769 -0.072269 -0.000000 -0.022821 0.998871 -0.041662 12.406000 0.071364 0.043195 0.996515 -0.000000 0.000000 0.000000 0.000000 1.000000
0.998690 0.015916 -0.048622 0.000000 -0.018067 0.998863 -0.044127 12.406000 0.047864 0.044948 0.997842 0.000000 0.000000 0.000000 0.000000 1.000000
0.999778 0.011890 -0.017373 -0.000000 -0.012659 0.998914 -0.044842 12.406000 0.016821 0.045052 0.998843 0.000000 0.000000 0.000000 0.000000 1.000000
0.999887 0.009594 0.011561 0.000000 -0.009098 0.999069 -0.042173 12.406000 -0.011955 0.042063 0.999043 0.000000 0.000000 0.000000 0.000000 1.000000
0.999425 0.007967 0.032946 0.000000 -0.006765 0.999313 -0.036429 12.406000 -0.033213 0.036185 0.998793 -0.000000 0.000000 0.000000 0.000000 1.000000</float_array>
        <technique_common>
          <accessor source="#mixamorig_Spine1-Matrix-animation-output-transform-array" count="22" stride="16">
            <param type="float4x4"/>
          </accessor>
        </technique_common>
      </source>
      <source id="mixamorig_Spine1-Interpolations">
        <Name_array id="mixamorig_Spine1-Interpolations-array" count="22">
 LINEAR LINEAR LINEAR LINEAR LINEAR LINEAR LINEAR LINEAR LINEAR LINEAR LINEAR
LINEAR LINEAR LINEAR LINEAR LINEAR LINEAR LINEAR LINEAR LINEAR LINEAR LINEAR</Name_array>
        <technique_common>
          <accessor source="#mixamorig_Spine1-Interpolations-array" count="22">
            <param type="name"/>
          </accessor>
        </technique_common>
      </source>
      <sampler id="mixamorig_Spine1-Matrix-animation-transform">
        <input semantic="INPUT" source="#mixamorig_Spine1-Matrix-animation-input"/>
        <input semantic="OUTPUT" source="#mixamorig_Spine1-Matrix-animation-output-transform"/>
        <input semantic="INTERPOLATION" source="#mixamorig_Spine1-Interpolations"/>
      </sampler>
      <channel source="#mixamorig_Spine1-Matrix-animation-transform" target="mixamorig_Spine1/matrix"/>
    </animation>
    <animation id="mixamorig_Spine2-anim" name="mixamorig_Spine2">
      <source id="mixamorig_Spine2-Matrix-animation-input">
        <float_array id="mixamorig_Spine2-Matrix-animation-input-array" count="22">

0.000000 0.033333 0.066667 0.100000 0.133333 0.166667 0.200000 0.233333 0.266667 0.300000 0.333333 0.366667 0.400000 0.433333 0.466667 0.500000
0.533333 0.566667 0.600000 0.633333 0.666667 0.700000</float_array>
        <technique_common>
          <accessor source="#mixamorig_Spine2-Matrix-animation-input-array" count="22">
            <param name="TIME" type="float"/>
          </accessor>
        </technique_common>
      </source>
      <source id="mixamorig_Spine2-Matrix-animation-output-transform">
        <float_array id="mixamorig_Spine2-Matrix-animation-output-transform-array" count="352">

0.999398 0.011450 0.032748 -0.000000 -0.006724 0.989996 -0.140938 14.178300 -0.034034 0.140633 0.989477 -0.000000 0.000000 0.000000 0.000000 1.000000
0.997594 0.013161 0.068068 0.000000 -0.003191 0.989491 -0.144560 14.178300 -0.069255 0.143995 0.987152 -0.000000 0.000000 0.000000 0.000000 1.000000
0.995802 0.007822 0.091202 -0.000000 0.005469 0.989478 -0.144579 14.178300 -0.091373 0.144470 0.985281 0.000000 0.000000 0.000000 0.000000 1.000000
0.994828 0.001194 0.101564 0.000000 0.013609 0.989349 -0.144928 14.178300 -0.100655 0.145561 0.984216 0.000000 0.000000 0.000000 0.000000 1.000000
0.994857 -0.002955 0.101249 -0.000000 0.018020 0.988792 -0.148205 14.178300 -0.099676 0.149268 0.983760 -0.000000 0.000000 0.000000 0.000000 1.000000
0.995770 -0.004116 0.091785 0.000000 0.018111 0.988188 -0.152172 14.178300 -0.090075 0.153190 0.984083 0.000000 0.000000 0.000000 0.000000 1.000000
0.997283 -0.003462 0.073585 0.000000 0.014744 0.988064 -0.153335 14.178300 -0.072176 0.154003 0.985431 -0.000000 0.000000 0.000000 0.000000 1.000000
0.998872 -0.001681 0.047458 0.000000 0.008889 0.988327 -0.152088 14.178300 -0.046648 0.152338 0.987227 0.000000 0.000000 0.000000 0.000000 1.000000
0.999861 0.000126 0.016696 0.000000 0.002391 0.988589 -0.150618 14.178300 -0.016525 0.150637 0.988451 0.000000 0.000000 0.000000 0.000000 1.000000
0.999899 -0.000161 -0.014224 -0.000000 -0.001954 0.988901 -0.148566 14.178300 0.014090 0.148578 0.988800 0.000000 0.000000 0.000000 0.000000 1.000000
0.999067 -0.004182 -0.042993 -0.000000 -0.002033 0.989647 -0.143507 14.178300 0.043148 0.143460 0.988715 0.000000 0.000000 0.000000 0.000000 1.000000
0.997569 -0.011097 -0.068798 0.000000 0.001740 0.990900 -0.134588 14.178300 0.069665 0.134141 0.988510 0.000000 0.000000 0.000000 0.000000 1.000000
0.995898 -0.016348 -0.088997 -0.000000 0.004985 0.991963 -0.126426 14.178300 0.090348 0.125464 0.987976 0.000000 0.000000 0.000000 0.000000 1.000000
0.994882 -0.015299 -0.099880 0.000000 0.002638 0.992067 -0.125686 14.178300 0.101011 0.124779 0.987029 -0.000000 0.000000 0.000000 0.000000 1.000000
0.994855 -0.008265 -0.100970 0.000000 -0.005180 0.991213 -0.132174 14.178300 0.101175 0.132017 0.986071 -0.000000 0.000000 0.000000 0.000000 1.000000
0.995428 0.000428 -0.095510 0.000000 -0.013766 0.990192 -0.139032 14.178300 0.094514 0.139711 0.985671 0.000000 0.000000 0.000000 0.000000 1.000000
0.996212 0.006418 -0.086723 -0.000000 -0.018679 0.989789 -0.141313 14.178300 0.084931 0.142397 0.986159 0.000000 0.000000 0.000000 0.000000 1.000000
0.997309 0.008126 -0.072861 0.000000 -0.018356 0.989859 -0.140859 14.178300 0.070977 0.141818 0.987345 -0.000000 0.000000 0.000000 0.000000 1.000000
0.998776 0.007558 -0.048875 -0.000000 -0.014462 0.989691 -0.142486 14.178300 0.047294 0.143018 0.988589 0.000000 0.000000 0.000000 0.000000 1.000000
0.999818 0.008019 -0.017288 0.000000 -0.010462 0.989198 -0.146209 14.178300 0.015929 0.146363 0.989103 -0.000000 0.000000 0.000000 0.000000 1.000000
0.999882 0.010045 0.011646 0.000000 -0.008228 0.989139 -0.146755 14.178300 -0.012993 0.146642 0.989104 0.000000 0.000000 0.000000 0.000000 1.000000
0.999398 0.011450 0.032748 0.000000 -0.006724 0.989996 -0.140938 14.178300 -0.034034 0.140633 0.989477 0.000000 0.000000 0.000000 0.000000 1.000000</float_array>
        <technique_common>
          <accessor source="#mixamorig_Spine2-Matrix-animation-output-transform-array" count="22" stride="16">
            <param type="float4x4"/>
          </accessor>
        </technique_common>
      </source>
      <source id="mixamorig_Spine2-Interpolations">
        <Name_array id="mixamorig_Spine2-Interpolations-array" count="22">
 LINEAR LINEAR LINEAR LINEAR LINEAR LINEAR LINEAR LINEAR LINEAR LINEAR LINEAR
LINEAR LINEAR LINEAR LINEAR LINEAR LINEAR LINEAR LINEAR LINEAR LINEAR LINEAR</Name_array>
        <technique_common>
          <accessor source="#mixamorig_Spine2-Interpolations-array" count="22">
            <param type="name"/>
          </accessor>
        </technique_common>
      </source>
      <sampler id="mixamorig_Spine2-Matrix-animation-transform">
        <input semantic="INPUT" source="#mixamorig_Spine2-Matrix-animation-input"/>
        <input semantic="OUTPUT" source="#mixamorig_Spine2-Matrix-animation-output-transform"/>
        <input semantic="INTERPOLATION" source="#mixamorig_Spine2-Interpolations"/>
      </sampler>
      <channel source="#mixamorig_Spine2-Matrix-animation-transform" target="mixamorig_Spine2/matrix"/>
    </animation>
    <animation id="mixamorig_Neck-anim" name="mixamorig_Neck">
      <source id="mixamorig_Neck-Matrix-animation-input">
        <float_array id="mixamorig_Neck-Matrix-animation-input-array" count="22">

0.000000 0.033333 0.066667 0.100000 0.133333 0.166667 0.200000 0.233333 0.266667 0.300000 0.333333 0.366667 0.400000 0.433333 0.466667 0.500000
0.533333 0.566667 0.600000 0.633333 0.666667 0.700000</float_array>
        <technique_common>
          <accessor source="#mixamorig_Neck-Matrix-animation-input-array" count="22">
            <param name="TIME" type="float"/>
          </accessor>
        </technique_common>
      </source>
      <source id="mixamorig_Neck-Matrix-animation-output-transform">
        <float_array id="mixamorig_Neck-Matrix-animation-output-transform-array" count="352">

0.999574 0.013516 0.025873 0.024400 -0.018030 0.982935 0.183069 15.862300 -0.022957 -0.183457 0.982760 -1.675800 0.000000 0.000000 0.000000 1.000000
0.999486 -0.010569 -0.030273 0.024400 0.014639 0.990387 0.137550 15.862300 0.028529 -0.137923 0.990032 -1.675800 0.000000 0.000000 0.000000 1.000000
0.996709 -0.031172 -0.074835 0.024400 0.037344 0.995887 0.082547 15.862300 0.071954 -0.085070 0.993774 -1.675800 0.000000 0.000000 0.000000 1.000000
0.993746 -0.045569 -0.101945 0.024400 0.049952 0.997915 0.040864 15.862300 0.099870 -0.045701 0.993950 -1.675800 0.000000 0.000000 0.000000 1.000000
0.992756 -0.044504 -0.111600 0.024400 0.047746 0.998507 0.026541 15.862300 0.110252 -0.031677 0.993399 -1.675800 0.000000 0.000000 0.000000 1.000000
0.993980 -0.031561 -0.104913 0.024400 0.035539 0.998710 0.036268 15.862300 0.103633 -0.039778 0.993820 -1.675800 0.000000 0.000000 0.000000 1.000000
0.996447 -0.017236 -0.082442 0.024400 0.022246 0.997935 0.060249 15.862300 0.081233 -0.061869 0.994773 -1.675800 0.000000 0.000000 0.000000 1.000000
0.998771 -0.007192 -0.049030 0.024400 0.011748 0.995570 0.093283 15.862300 0.048142 -0.093744 0.994432 -1.675800 0.000000 0.000000 0.000000 1.000000
0.999910 -0.002772 -0.013159 0.024400 0.004442 0.991689 0.128581 15.862300 0.012693 -0.128628 0.991612 -1.675800 0.000000 0.000000 0.000000 1.000000
0.999799 -0.005653 0.019257 0.024400 0.002596 0.987881 0.155194 15.862300 -0.019901 -0.155113 0.987696 -1.675800 0.000000 0.000000 0.000000 1.000000
0.998675 -0.009894 0.050495 0.024400 0.001479 0.986452 0.164041 15.862300 -0.051434 -0.163749 0.985160 -1.675800 0.000000 0.000000 0.000000 1.000000
0.996297 -0.000517 0.085972 0.024400 -0.012400 0.988663 0.149641 15.862300 -0.085074 -0.150153 0.984996 -1.675800 0.000000 0.000000 0.000000 1.000000
0.992459 0.023020 0.120397 0.024400 -0.037774 0.991843 0.121739 15.862300 -0.116613 -0.125369 0.985233 -1.675800 0.000000 0.000000 0.000000 1.000000
0.988424 0.044749 0.144968 0.024400 -0.060039 0.992881 0.102872 15.862300 -0.139333 -0.110385 0.984074 -1.675800 0.000000 0.000000 0.000000 1.000000
0.985387 0.056395 0.160722 0.024400 -0.073528 0.991988 0.102729 15.862300 -0.153641 -0.113046 0.981639 -1.675800 0.000000 0.000000 0.000000 1.000000
0.983320 0.060510 0.171524 0.024400 -0.080903 0.990122 0.114511 15.862300 -0.162901 -0.126478 0.978502 -1.675800 0.000000 0.000000 0.000000 1.000000
0.982992 0.059727 0.173664 0.024400 -0.083007 0.988028 0.130043 15.862300 -0.163817 -0.142247 0.976181 -1.675800 0.000000 0.000000 0.000000 1.000000
0.985969 0.053472 0.158129 0.024400 -0.077002 0.986188 0.146643 15.862300 -0.148104 -0.156762 0.976469 -1.675800 0.000000 0.000000 0.000000 1.000000
0.991434 0.041769 0.123748 0.024400 -0.061805 0.984723 0.162791 15.862300 -0.115058 -0.169044 0.978870 -1.675800 0.000000 0.000000 0.000000 1.000000
0.996189 0.028036 0.082595 0.024400 -0.042182 0.983690 0.174858 15.862300 -0.076346 -0.177675 0.981123 -1.675800 0.000000 0.000000 0.000000 1.000000
0.998673 0.017295 0.048513 0.024400 -0.025800 0.983221 0.180585 15.862300 -0.044576 -0.181597 0.982362 -1.675800 0.000000 0.000000 0.000000 1.000000
0.999574 0.013516 0.025873 0.024400 -0.018030 0.982935 0.183068 15.862300 -0.022957 -0.183457 0.982760 -1.675800 0.000000 0.000000 0.000000 1.000000</float_array>
        <technique_common>
          <accessor source="#mixamorig_Neck-Matrix-animation-output-transform-array" count="22" stride="16">
            <param type="float4x4"/>
          </accessor>
        </technique_common>
      </source>
      <source id="mixamorig_Neck-Interpolations">
        <Name_array id="mixamorig_Neck-Interpolations-array" count="22">
 LINEAR LINEAR LINEAR LINEAR LINEAR LINEAR LINEAR LINEAR LINEAR LINEAR LINEAR
LINEAR LINEAR LINEAR LINEAR LINEAR LINEAR LINEAR LINEAR LINEAR LINEAR LINEAR</Name_array>
        <technique_common>
          <accessor source="#mixamorig_Neck-Interpolations-array" count="22">
            <param type="name"/>
          </accessor>
        </technique_common>
      </source>
      <sampler id="mixamorig_Neck-Matrix-animation-transform">
        <input semantic="INPUT" source="#mixamorig_Neck-Matrix-animation-input"/>
        <input semantic="OUTPUT" source="#mixamorig_Neck-Matrix-animation-output-transform"/>
        <input semantic="INTERPOLATION" source="#mixamorig_Neck-Interpolations"/>
      </sampler>
      <channel source="#mixamorig_Neck-Matrix-animation-transform" target="mixamorig_Neck/matrix"/>
    </animation>
    <animation id="mixamorig_Head-anim" name="mixamorig_Head">
      <source id="mixamorig_Head-Matrix-animation-input">
        <float_array id="mixamorig_Head-Matrix-animation-input-array" count="22">

0.000000 0.033333 0.066667 0.100000 0.133333 0.166667 0.200000 0.233333 0.266667 0.300000 0.333333 0.366667 0.400000 0.433333 0.466667 0.500000
0.533333 0.566667 0.600000 0.633333 0.666667 0.700000</float_array>
        <technique_common>
          <accessor source="#mixamorig_Head-Matrix-animation-input-array" count="22">
            <param name="TIME" type="float"/>
          </accessor>
        </technique_common>
      </source>
      <source id="mixamorig_Head-Matrix-animation-output-transform">
        <float_array id="mixamorig_Head-Matrix-animation-output-transform-array" count="352">

0.993772 0.096052 -0.056498 0.000000 -0.061390 0.895015 0.441792 5.564000 0.093001 -0.435572 0.895337 0.988100 0.000000 0.000000 0.000000 1.000000
0.980630 0.099980 -0.168430 -0.000000 -0.016140 0.898234 0.439221 5.564000 0.195203 -0.427995 0.882449 0.988100 0.000000 0.000000 0.000000 1.000000
0.960296 0.111590 -0.255693 0.000000 0.011517 0.899882 0.435981 5.564000 0.278745 -0.421616 0.862868 0.988100 0.000000 0.000000 0.000000 1.000000
0.944039 0.114390 -0.309364 0.000000 0.034024 0.899159 0.436298 5.564000 0.328075 -0.422408 0.844949 0.988100 0.000000 0.000000 0.000000 1.000000
0.936260 0.102454 -0.336036 0.000000 0.057261 0.899232 0.433709 5.564000 0.346609 -0.425306 0.836048 0.988100 0.000000 0.000000 0.000000 1.000000
0.939456 0.086153 -0.331662 -0.000000 0.068836 0.900701 0.428951 5.564000 0.335684 -0.425811 0.840239 0.988100 0.000000 0.000000 0.000000 1.000000
0.954238 0.074229 -0.289688 0.000000 0.061134 0.899825 0.431946 5.564000 0.292732 -0.429889 0.854110 0.988100 0.000000 0.000000 0.000000 1.000000
0.972745 0.058397 -0.224404 -0.000000 0.049027 0.894091 0.445193 5.564000 0.226636 -0.444061 0.866860 0.988100 0.000000 0.000000 0.000000 1.000000
0.986802 0.027724 -0.159538 -0.000000 0.049183 0.887375 0.458418 5.564000 0.154279 -0.460214 0.874300 0.988100 0.000000 0.000000 0.000000 1.000000
0.995340 -0.008845 -0.096023 0.000000 0.052170 0.886860 0.459084 5.564000 0.081098 -0.461954 0.883188 0.988100 0.000000 0.000000 0.000000 1.000000
0.999251 -0.033952 -0.018567 -0.000000 0.038670 0.893960 0.446475 5.564000 0.001439 -0.446859 0.894603 0.988100 0.000000 0.000000 0.000000 1.000000
0.996408 -0.048372 0.069501 -0.000000 0.013838 0.902761 0.429920 5.564000 -0.083539 -0.427414 0.900188 0.988100 0.000000 0.000000 0.000000 1.000000
0.986905 -0.066872 0.146788 0.000000 -0.000511 0.908714 0.417419 5.564000 -0.161302 -0.412028 0.896780 0.988100 0.000000 0.000000 0.000000 1.000000
0.975989 -0.091522 0.197660 -0.000000 0.002336 0.911789 0.410651 5.564000 -0.217808 -0.400329 0.890110 0.988100 0.000000 0.000000 0.000000 1.000000
0.969340 -0.107080 0.221166 0.000000 0.008206 0.913661 0.406394 5.564000 -0.245587 -0.392119 0.886527 0.988100 0.000000 0.000000 0.000000 1.000000
0.969612 -0.100594 0.223012 0.000000 0.002900 0.916219 0.400668 5.564000 -0.244632 -0.387845 0.888668 0.988100 0.000000 0.000000 0.000000 1.000000
0.976234 -0.073289 0.203951 -0.000000 -0.013026 0.919538 0.392786 5.564000 -0.216327 -0.386108 0.896729 0.988100 0.000000 0.000000 0.000000 1.000000
0.986513 -0.034026 0.160108 0.000000 -0.030909 0.921832 0.386356 5.564000 -0.160739 -0.386094 0.908347 0.988100 0.000000 0.000000 0.000000 1.000000
0.995316 0.008405 0.096308 0.000000 -0.045264 0.920789 0.387426 5.564000 -0.085423 -0.389970 0.916857 0.988100 0.000000 0.000000 0.000000 1.000000
0.998423 0.046783 0.031018 0.000000 -0.055298 0.914690 0.400355 5.564000 -0.009642 -0.401439 0.915835 0.988100 0.000000 0.000000 0.000000 1.000000
0.996878 0.076386 -0.019966 0.000000 -0.060844 0.904424 0.422274 5.564000 0.050314 -0.419741 0.906248 0.988100 0.000000 0.000000 0.000000 1.000000
0.993772 0.096052 -0.056498 -0.000000 -0.061390 0.895015 0.441792 5.564000 0.093001 -0.435572 0.895337 0.988100 0.000000 0.000000 0.000000 1.000000</float_array>
        <technique_common>
          <accessor source="#mixamorig_Head-Matrix-animation-output-transform-array" count="22" stride="16">
            <param type="float4x4"/>
          </accessor>
        </technique_common>
      </source>
      <source id="mixamorig_Head-Interpolations">
        <Name_array id="mixamorig_Head-Interpolations-array" count="22">
 LINEAR LINEAR LINEAR LINEAR LINEAR LINEAR LINEAR LINEAR LINEAR LINEAR LINEAR
LINEAR LINEAR LINEAR LINEAR LINEAR LINEAR LINEAR LINEAR LINEAR LINEAR LINEAR</Name_array>
        <technique_common>
          <accessor source="#mixamorig_Head-Interpolations-array" count="22">
            <param type="name"/>
          </accessor>
        </technique_common>
      </source>
      <sampler id="mixamorig_Head-Matrix-animation-transform">
        <input semantic="INPUT" source="#mixamorig_Head-Matrix-animation-input"/>
        <input semantic="OUTPUT" source="#mixamorig_Head-Matrix-animation-output-transform"/>
        <input semantic="INTERPOLATION" source="#mixamorig_Head-Interpolations"/>
      </sampler>
      <channel source="#mixamorig_Head-Matrix-animation-transform" target="mixamorig_Head/matrix"/>
    </animation>
    <animation id="mixamorig_LeftShoulder-anim" name="mixamorig_LeftShoulder">
      <source id="mixamorig_LeftShoulder-Matrix-animation-input">
        <float_array id="mixamorig_LeftShoulder-Matrix-animation-input-array" count="22">

0.000000 0.033333 0.066667 0.100000 0.133333 0.166667 0.200000 0.233333 0.266667 0.300000 0.333333 0.366667 0.400000 0.433333 0.466667 0.500000
0.533333 0.566667 0.600000 0.633333 0.666667 0.700000</float_array>
        <technique_common>
          <accessor source="#mixamorig_LeftShoulder-Matrix-animation-input-array" count="22">
            <param name="TIME" type="float"/>
          </accessor>
        </technique_common>
      </source>
      <source id="mixamorig_LeftShoulder-Matrix-animation-output-transform">
        <float_array id="mixamorig_LeftShoulder-Matrix-animation-output-transform-array" count="352">

-0.158406 0.904029 -0.397037 5.935000 0.080294 -0.388988 -0.917737 13.670200 -0.984104 -0.177255 -0.010970 -1.662600 0.000000 0.000000 0.000000 1.000000
-0.108457 0.934476 -0.339104 5.935000 0.058072 -0.334578 -0.940577 13.670200 -0.992403 -0.121705 -0.017979 -1.662600 0.000000 0.000000 0.000000 1.000000
-0.030784 0.954282 -0.297320 5.935000 0.038957 -0.296089 -0.954366 13.670200 -0.998767 -0.040962 -0.028061 -1.662600 0.000000 0.000000 0.000000 1.000000
0.012640 0.958988 -0.283164 5.935000 0.026289 -0.283408 -0.958639 13.670200 -0.999574 0.004673 -0.028793 -1.662600 0.000000 0.000000 0.000000 1.000000
0.029437 0.953527 -0.299865 5.935000 0.018789 -0.300470 -0.953606 13.670200 -0.999390 0.022437 -0.026761 -1.662600 0.000000 0.000000 0.000000 1.000000
0.053947 0.941821 -0.331758 5.935000 0.013208 -0.332885 -0.942875 13.670200 -0.998456 0.046484 -0.030398 -1.662600 0.000000 0.000000 0.000000 1.000000
0.098938 0.927956 -0.359316 5.935000 0.007868 -0.361806 -0.932220 13.670200 -0.995062 0.089405 -0.043097 -1.662600 0.000000 0.000000 0.000000 1.000000
0.163463 0.919167 -0.358346 5.935000 0.004288 -0.363891 -0.931432 13.670200 -0.986540 0.150718 -0.063423 -1.662600 0.000000 0.000000 0.000000 1.000000
0.239771 0.919697 -0.310915 5.935000 0.006533 -0.321779 -0.946792 13.670200 -0.970808 0.224982 -0.083161 -1.662600 0.000000 0.000000 0.000000 1.000000
0.307268 0.922241 -0.234644 5.935000 0.015287 -0.251324 -0.967782 13.670200 -0.951500 0.293782 -0.091322 -1.662600 0.000000 0.000000 0.000000 1.000000
0.346552 0.922205 -0.171577 5.935000 0.024415 -0.191718 -0.981146 13.670200 -0.937713 0.335829 -0.088956 -1.662600 0.000000 0.000000 0.000000 1.000000
0.355298 0.923975 -0.141536 5.935000 0.028242 -0.161958 -0.986393 13.670200 -0.934326 0.346467 -0.083638 -1.662600 0.000000 0.000000 0.000000 1.000000
0.345328 0.929288 -0.131044 5.935000 0.028073 -0.149800 -0.988318 13.670200 -0.938062 0.337615 -0.077818 -1.662600 0.000000 0.000000 0.000000 1.000000
0.331686 0.935812 -0.119331 5.935000 0.028643 -0.136423 -0.990236 13.670200 -0.942955 0.325029 -0.072054 -1.662600 0.000000 0.000000 0.000000 1.000000
0.321232 0.941290 -0.103844 5.935000 0.031125 -0.120090 -0.992275 13.670200 -0.946489 0.315518 -0.067875 -1.662600 0.000000 0.000000 0.000000 1.000000
0.302530 0.947034 -0.107710 5.935000 0.032224 -0.123104 -0.991870 13.670200 -0.952595 0.296600 -0.067760 -1.662600 0.000000 0.000000 0.000000 1.000000
0.256620 0.954155 -0.154057 5.935000 0.029853 -0.167143 -0.985481 13.670200 -0.966051 0.248295 -0.071377 -1.662600 0.000000 0.000000 0.000000 1.000000
0.191411 0.955596 -0.224051 5.935000 0.027354 -0.233377 -0.972002 13.670200 -0.981129 0.179923 -0.070810 -1.662600 0.000000 0.000000 0.000000 1.000000
0.140218 0.952502 -0.270329 5.935000 0.029392 -0.276910 -0.960446 13.670200 -0.989684 0.126727 -0.066824 -1.662600 0.000000 0.000000 0.000000 1.000000
0.096261 0.952794 -0.287955 5.935000 0.037868 -0.292594 -0.955487 13.670200 -0.994635 0.081072 -0.064246 -1.662600 0.000000 0.000000 0.000000 1.000000
0.005653 0.946417 -0.322899 5.935000 0.054178 -0.322720 -0.944943 13.670200 -0.998515 -0.012152 -0.053099 -1.662600 0.000000 0.000000 0.000000 1.000000
-0.158406 0.904029 -0.397037 5.935000 0.080294 -0.388988 -0.917737 13.670200 -0.984104 -0.177255 -0.010970 -1.662600 0.000000 0.000000 0.000000 1.000000</float_array>
        <technique_common>
          <accessor source="#mixamorig_LeftShoulder-Matrix-animation-output-transform-array" count="22" stride="16">
            <param type="float4x4"/>
          </accessor>
        </technique_common>
      </source>
      <source id="mixamorig_LeftShoulder-Interpolations">
        <Name_array id="mixamorig_LeftShoulder-Interpolations-array" count="22">
 LINEAR LINEAR LINEAR LINEAR LINEAR LINEAR LINEAR LINEAR LINEAR LINEAR LINEAR
LINEAR LINEAR LINEAR LINEAR LINEAR LINEAR LINEAR LINEAR LINEAR LINEAR LINEAR</Name_array>
        <technique_common>
          <accessor source="#mixamorig_LeftShoulder-Interpolations-array" count="22">
            <param type="name"/>
          </accessor>
        </technique_common>
      </source>
      <sampler id="mixamorig_LeftShoulder-Matrix-animation-transform">
        <input semantic="INPUT" source="#mixamorig_LeftShoulder-Matrix-animation-input"/>
        <input semantic="OUTPUT" source="#mixamorig_LeftShoulder-Matrix-animation-output-transform"/>
        <input semantic="INTERPOLATION" source="#mixamorig_LeftShoulder-Interpolations"/>
      </sampler>
      <channel source="#mixamorig_LeftShoulder-Matrix-animation-transform" target="mixamorig_LeftShoulder/matrix"/>
    </animation>
    <animation id="mixamorig_LeftArm-anim" name="mixamorig_LeftArm">
      <source id="mixamorig_LeftArm-Matrix-animation-input">
        <float_array id="mixamorig_LeftArm-Matrix-animation-input-array" count="22">

0.000000 0.033333 0.066667 0.100000 0.133333 0.166667 0.200000 0.233333 0.266667 0.300000 0.333333 0.366667 0.400000 0.433333 0.466667 0.500000
0.533333 0.566667 0.600000 0.633333 0.666667 0.700000</float_array>
        <technique_common>
          <accessor source="#mixamorig_LeftArm-Matrix-animation-input-array" count="22">
            <param name="TIME" type="float"/>
          </accessor>
        </technique_common>
      </source>
      <source id="mixamorig_LeftArm-Matrix-animation-output-transform">
        <float_array id="mixamorig_LeftArm-Matrix-animation-output-transform-array" count="352">

0.958915 -0.235394 0.158344 0.000000 0.271860 0.602925 -0.750049 12.607900 0.081087 0.762281 0.642147 0.000000 0.000000 0.000000 0.000000 1.000000
0.983717 0.038087 0.175642 0.000000 0.122975 0.570043 -0.812359 12.607900 -0.131064 0.820731 0.556078 0.000000 0.000000 0.000000 0.000000 1.000000
0.947882 0.293034 0.125106 0.000000 -0.055854 0.539384 -0.840206 12.607900 -0.313689 0.789428 0.527639 0.000000 0.000000 0.000000 0.000000 1.000000
0.888953 0.440270 0.126191 -0.000000 -0.143986 0.530211 -0.835550 12.607900 -0.434775 0.724595 0.534726 0.000000 0.000000 0.000000 0.000000 1.000000
0.872268 0.451343 0.188250 -0.000000 -0.114681 0.563003 -0.818460 12.607900 -0.475391 0.692327 0.542850 0.000000 0.000000 0.000000 0.000000 1.000000
0.902137 0.343952 0.260472 0.000000 -0.007189 0.615612 -0.788016 12.607900 -0.431390 0.709026 0.557839 0.000000 0.000000 0.000000 0.000000 1.000000
0.943564 0.138753 0.300724 0.000000 0.136165 0.665190 -0.734154 12.607900 -0.301904 0.733669 0.608756 0.000000 0.000000 0.000000 0.000000 1.000000
0.957099 -0.133317 0.257272 0.000000 0.275206 0.696103 -0.663101 12.607900 -0.090685 0.705456 0.702929 0.000000 0.000000 0.000000 0.000000 1.000000
0.911057 -0.399236 0.102889 0.000000 0.373147 0.692365 -0.617570 12.607900 0.175319 0.601034 0.779757 0.000000 0.000000 0.000000 0.000000 1.000000
