<?xml version="1.0" encoding="utf-8"?>
<COLLADA xmlns="http://www.collada.org/2005/11/COLLADASchema" version="1.4.1">
  <asset>
    <contributor>
      <author>Mixamo</author>
      <authoring_tool>COLLADA Mixamo exporter</authoring_tool>
      <comments/>
    </contributor>
    <created>2022-12-10T03:42:02Z</created>
    <modified>2022-12-10T03:42:02Z</modified>
    <revision/>
    <title/>
    <unit meter="0.010000"/>
    <up_axis>Y_UP</up_axis>
  </asset>
  <library_animations>
    <animation id="mixamorig_Hips-anim" name="mixamorig_Hips">
      <source id="mixamorig_Hips-Matrix-animation-input">
        <float_array id="mixamorig_Hips-Matrix-animation-input-array" count="40">

0.000000 0.033333 0.066667 0.100000 0.133333 0.166667 0.200000 0.233333 0.266667 0.300000 0.333333 0.366667 0.400000 0.433333 0.466667 0.500000
0.533333 0.566667 0.600000 0.633333 0.666667 0.700000 0.733333 0.766667 0.800000 0.833333 0.866667 0.900000 0.933333 0.966667 1.000000 1.033333
1.066667 1.100000 1.133333 1.166667 1.200000 1.233333 1.266667 1.300000</float_array>
        <technique_common>
          <accessor source="#mixamorig_Hips-Matrix-animation-input-array" count="40">
            <param name="TIME" type="float"/>
          </accessor>
        </technique_common>
      </source>
      <source id="mixamorig_Hips-Matrix-animation-output-transform">
        <float_array id="mixamorig_Hips-Matrix-animation-output-transform-array" count="640">

0.978000 -0.112680 -0.175554 0.000590 0.047330 0.939474 -0.339334 85.598221 0.203165 0.323560 0.924139 0.037723 0.000000 0.000000 0.000000 1.000000
0.906308 -0.167574 -0.387976 2.644544 0.054081 0.956468 -0.286783 84.397552 0.419143 0.238932 0.875917 5.061495 0.000000 0.000000 0.000000 1.000000
0.745510 -0.236620 -0.623078 6.233140 0.115629 0.966599 -0.228726 83.942307 0.656388 0.098472 0.747969 10.816472 0.000000 0.000000 0.000000 1.000000
0.459810 -0.238299 -0.855446 10.003235 0.156531 0.969988 -0.186070 84.534363 0.874112 -0.048347 0.483312 17.515280 0.000000 0.000000 0.000000 1.000000
0.137830 -0.175735 -0.974741 13.410586 0.119558 0.979890 -0.159757 85.657722 0.983213 -0.094519 0.156069 24.910007 0.000000 0.000000 0.000000 1.000000
-0.190561 -0.155097 -0.969346 18.452202 0.038580 0.985494 -0.165265 86.118912 0.980917 -0.068890 -0.181813 34.839050 0.000000 0.000000 0.000000 1.000000
-0.514158 -0.231170 -0.825955 24.487967 -0.029511 0.967191 -0.252329 84.097626 0.857187 -0.105362 -0.504112 46.179756 0.000000 0.000000 0.000000 1.000000
-0.700711 -0.186654 -0.688596 29.358509 -0.052168 0.975991 -0.211471 83.563232 0.711535 -0.112257 -0.693625 57.378479 0.000000 0.000000 0.000000 1.000000
-0.830511 -0.155717 -0.534793 31.827486 -0.065559 0.980781 -0.183766 84.058174 0.553131 -0.117560 -0.824758 68.515930 0.000000 0.000000 0.000000 1.000000
-0.926104 -0.172731 -0.335404 33.408253 -0.134105 0.981690 -0.135279 84.844963 0.352629 -0.080303 -0.932311 78.824486 0.000000 0.000000 0.000000 1.000000
-0.973070 -0.211125 -0.092530 35.950703 -0.202011 0.974383 -0.098836 85.317665 0.111027 -0.077482 -0.990792 89.402061 0.000000 0.000000 0.000000 1.000000
-0.947971 -0.219306 0.230770 38.834312 -0.240215 0.968444 -0.066435 85.587952 -0.208918 -0.118413 -0.970738 99.551620 0.000000 0.000000 0.000000 1.000000
-0.796657 -0.179590 0.577135 41.881741 -0.241200 0.969977 -0.031111 85.814423 -0.554220 -0.163990 -0.816056 108.083466 0.000000 0.000000 0.000000 1.000000
-0.481718 -0.163751 0.860891 45.444908 -0.210728 0.975206 0.067581 86.158951 -0.850613 -0.148859 -0.504281 115.841301 0.000000 0.000000 0.000000 1.000000
-0.016408 -0.163403 0.986423 50.033443 -0.078623 0.983712 0.161646 85.928490 -0.996769 -0.074904 -0.028988 123.729790 0.000000 0.000000 0.000000 1.000000
0.415894 -0.179102 0.891602 55.315792 0.068148 0.983796 0.165834 84.741432 -0.906856 -0.008208 0.421361 130.841583 0.000000 0.000000 0.000000 1.000000
0.681494 -0.173240 0.711023 61.383217 0.130173 0.984779 0.115173 82.669342 -0.720153 0.014066 0.693673 138.905304 0.000000 0.000000 0.000000 1.000000
0.819599 -0.143545 0.554664 67.648125 0.136673 0.989142 0.054032 80.836441 -0.556397 0.031522 0.830318 150.562866 0.000000 0.000000 0.000000 1.000000
0.902259 -0.067048 0.425950 72.630875 0.079501 0.996768 -0.011501 79.147568 -0.423803 0.044240 0.904674 163.138138 0.000000 0.000000 0.000000 1.000000
0.930677 0.005599 0.365799 76.509636 0.016084 0.998290 -0.056200 78.654633 -0.365489 0.058188 0.928995 176.217712 0.000000 0.000000 0.000000 1.000000
0.943507 0.000778 0.331351 80.837990 0.033527 0.994641 -0.097801 79.260635 -0.329651 0.103385 0.938425 188.115341 0.000000 0.000000 0.000000 1.000000
0.977019 -0.038280 0.209687 85.022453 0.069545 0.987157 -0.143823 79.852921 -0.201488 0.155101 0.967133 197.041595 0.000000 0.000000 0.000000 1.000000
0.992913 -0.118148 -0.012854 89.363869 0.113620 0.975407 -0.188870 80.555168 0.034852 0.186071 0.981918 204.518341 0.000000 0.000000 0.000000 1.000000
0.949998 -0.205260 -0.235314 93.708511 0.149210 0.960389 -0.235348 81.296280 0.274300 0.188469 0.942995 210.964157 0.000000 0.000000 0.000000 1.000000
0.856774 -0.291284 -0.425549 97.982613 0.175980 0.940810 -0.289669 81.736626 0.484737 0.173293 0.857321 217.754639 0.000000 0.000000 0.000000 1.000000
0.732152 -0.349936 -0.584378 101.330849 0.184983 0.927848 -0.323852 81.402275 0.655542 0.129008 0.744058 224.970520 0.000000 0.000000 0.000000 1.000000
0.582434 -0.355607 -0.730968 103.420021 0.168512 0.932520 -0.319390 80.316742 0.795220 0.062847 0.603056 232.055145 0.000000 0.000000 0.000000 1.000000
0.419291 -0.339645 -0.841925 103.835274 0.148100 0.940547 -0.305675 78.466705 0.895691 0.003478 0.444664 237.625900 0.000000 0.000000 0.000000 1.000000
0.257576 -0.320095 -0.911698 104.317505 0.122580 0.946736 -0.297765 76.145203 0.958451 -0.035059 0.283094 241.758881 0.000000 0.000000 0.000000 1.000000
0.165654 -0.302758 -0.938561 105.072800 0.094262 0.952213 -0.290525 75.150200 0.981669 -0.040344 0.186277 244.050339 0.000000 0.000000 0.000000 1.000000
0.184832 -0.284013 -0.940837 105.829094 0.067583 0.958738 -0.276140 75.711266 0.980444 -0.012545 0.196400 245.708542 0.000000 0.000000 0.000000 1.000000
0.243108 -0.255695 -0.935692 106.243179 0.035456 0.966329 -0.254855 76.805893 0.969351 0.028782 0.243988 247.469345 0.000000 0.000000 0.000000 1.000000
0.300953 -0.243640 -0.921990 106.122543 0.018074 0.968097 -0.249924 78.287056 0.953468 0.058552 0.295755 248.795090 0.000000 0.000000 0.000000 1.000000
0.333199 -0.244855 -0.910508 105.744286 0.018355 0.967192 -0.253382 79.521881 0.942678 0.067715 0.326762 249.750549 0.000000 0.000000 0.000000 1.000000
0.339696 -0.230058 -0.911965 105.251602 0.012991 0.970679 -0.240030 80.110764 0.940446 0.069690 0.332724 250.474045 0.000000 0.000000 0.000000 1.000000
0.339415 -0.210817 -0.916708 104.743965 0.005171 0.974965 -0.222300 80.479340 0.940622 0.070712 0.332008 251.070023 0.000000 0.000000 0.000000 1.000000
0.339202 -0.193617 -0.920573 104.249786 -0.000592 0.978546 -0.206028 80.616837 0.940713 0.070430 0.331810 251.429810 0.000000 0.000000 0.000000 1.000000
0.338938 -0.178783 -0.923666 103.780220 -0.004775 0.981439 -0.191717 80.605957 0.940797 0.069390 0.331793 251.642044 0.000000 0.000000 0.000000 1.000000
0.338681 -0.163563 -0.926576 103.306183 -0.008996 0.984167 -0.177017 80.577660 0.940858 0.068288 0.331847 251.836823 0.000000 0.000000 0.000000 1.000000
0.338304 -0.145088 -0.929785 102.792755 -0.014353 0.987133 -0.159259 80.560822 0.940928 0.067223 0.331868 252.041153 0.000000 0.000000 0.000000 1.000000</float_array>
        <technique_common>
          <accessor source="#mixamorig_Hips-Matrix-animation-output-transform-array" count="40" stride="16">
            <param type="float4x4"/>
          </accessor>
        </technique_common>
      </source>
      <source id="mixamorig_Hips-Interpolations">
        <Name_array id="mixamorig_Hips-Interpolations-array" count="40">
 LINEAR LINEAR LINEAR LINEAR LINEAR LINEAR LINEAR LINEAR LINEAR LINEAR LINEAR
LINEAR LINEAR LINEAR LINEAR LINEAR LINEAR LINEAR LINEAR LINEAR LINEAR LINEAR LINEAR
LINEAR LINEAR LINEAR LINEAR LINEAR LINEAR LINEAR LINEAR LINEAR LINEAR LINEAR LINEAR
LINEAR LINEAR LINEAR LINEAR LINEAR</Name_array>
        <technique_common>
          <accessor source="#mixamorig_Hips-Interpolations-array" count="40">
            <param type="name"/>
          </accessor>
        </technique_common>
      </source>
      <sampler id="mixamorig_Hips-Matrix-animation-transform">
        <input semantic="INPUT" source="#mixamorig_Hips-Matrix-animation-input"/>
        <input semantic="OUTPUT" source="#mixamorig_Hips-Matrix-animation-output-transform"/>
        <input semantic="INTERPOLATION" source="#mixamorig_Hips-Interpolations"/>
      </sampler>
      <channel source="#mixamorig_Hips-Matrix-animation-transform" target="mixamorig_Hips/matrix"/>
    </animation>
    <animation id="mixamorig_Spine-anim" name="mixamorig_Spine">
      <source id="mixamorig_Spine-Matrix-animation-input">
        <float_array id="mixamorig_Spine-Matrix-animation-input-array" count="40">

0.000000 0.033333 0.066667 0.100000 0.133333 0.166667 0.200000 0.233333 0.266667 0.300000 0.333333 0.366667 0.400000 0.433333 0.466667 0.500000
0.533333 0.566667 0.600000 0.633333 0.666667 0.700000 0.733333 0.766667 0.800000 0.833333 0.866667 0.900000 0.933333 0.966667 1.000000 1.033333
1.066667 1.100000 1.133333 1.166667 1.200000 1.233333 1.266667 1.300000</float_array>
        <technique_common>
          <accessor source="#mixamorig_Spine-Matrix-animation-input-array" count="40">
            <param name="TIME" type="float"/>
          </accessor>
        </technique_common>
      </source>
      <source id="mixamorig_Spine-Matrix-animation-output-transform">
        <float_array id="mixamorig_Spine-Matrix-animation-output-transform-array" count="640">

0.990512 0.100660 0.093560 0.017300 -0.058007 0.923419 -0.379384 10.574800 -0.124583 0.370358 0.920497 -1.117200 0.000000 0.000000 0.000000 1.000000
0.991376 0.040559 0.124615 0.017300 -0.004517 0.960913 -0.276814 10.574800 -0.130971 0.273864 0.952809 -1.117200 0.000000 0.000000 0.000000 1.000000
0.980347 0.037761 0.193634 0.017300 0.001378 0.980176 -0.198124 10.574800 -0.197277 0.194497 0.960860 -1.117200 0.000000 0.000000 0.000000 1.000000
0.957195 0.039839 0.286690 0.017300 0.005366 0.987869 -0.155194 10.574800 -0.289395 0.150089 0.945370 -1.117200 0.000000 0.000000 0.000000 1.000000
0.950664 -0.017259 0.309742 0.017300 0.054097 0.992376 -0.110738 10.574800 -0.305469 0.122031 0.944350 -1.117200 0.000000 0.000000 0.000000 1.000000
0.963636 -0.081357 0.254533 0.017300 0.106703 0.990443 -0.087392 10.574800 -0.244991 0.111373 0.963107 -1.117200 0.000000 0.000000 0.000000 1.000000
0.965014 -0.068514 0.253088 0.017300 0.071678 0.997422 -0.003290 10.574800 -0.252210 0.021315 0.967438 -1.117200 0.000000 0.000000 0.000000 1.000000
0.974607 -0.009955 0.223702 0.017300 0.029412 0.996047 -0.083813 10.574800 -0.221983 0.088264 0.971047 -1.117200 0.000000 0.000000 0.000000 1.000000
0.984713 -0.001414 0.174177 0.017300 0.022704 0.992478 -0.120298 10.574800 -0.172697 0.122413 0.977339 -1.117200 0.000000 0.000000 0.000000 1.000000
0.991148 -0.047461 0.123986 0.017300 0.064995 0.987809 -0.141450 10.574800 -0.115761 0.148257 0.982150 -1.117200 0.000000 0.000000 0.000000 1.000000
0.993941 -0.075315 0.080058 0.017300 0.085571 0.987342 -0.133542 10.574800 -0.068987 0.139583 0.987804 -1.117200 0.000000 0.000000 0.000000 1.000000
0.994271 -0.084389 0.065609 0.017300 0.089184 0.993265 -0.073966 10.574800 -0.058925 0.079394 0.995100 -1.117200 0.000000 0.000000 0.000000 1.000000
0.992650 -0.104436 0.061141 0.017300 0.103382 0.994437 0.020173 10.574800 -0.062908 -0.013703 0.997925 -1.117200 0.000000 0.000000 0.000000 1.000000
0.990429 -0.138020 0.000411 0.017300 0.137954 0.990040 0.028097 10.574800 -0.004285 -0.027771 0.999605 -1.117200 0.000000 0.000000 0.000000 1.000000
0.994289 -0.105312 0.017304 0.017300 0.105442 0.994402 -0.006794 10.574800 -0.016492 0.008580 0.999827 -1.117200 0.000000 0.000000 0.000000 1.000000
0.997143 -0.067265 0.034381 0.017300 0.068749 0.996664 -0.043993 10.574800 -0.031308 0.046231 0.998440 -1.117200 0.000000 0.000000 0.000000 1.000000
0.998247 -0.057531 -0.013893 0.017300 0.056098 0.994564 -0.087719 10.574800 0.018864 0.086786 0.996048 -1.117200 0.000000 0.000000 0.000000 1.000000
0.997996 -0.056628 -0.028230 0.017300 0.054015 0.994826 -0.086041 10.574800 0.032956 0.084344 0.995892 -1.117200 0.000000 0.000000 0.000000 1.000000
0.995260 -0.097208 -0.002703 0.017300 0.095941 0.986071 -0.135869 10.574800 0.015873 0.134965 0.990723 -1.117200 0.000000 0.000000 0.000000 1.000000
0.990987 -0.130746 0.029166 0.017300 0.133954 0.969068 -0.207279 10.574800 -0.001163 0.209317 0.977847 -1.117200 0.000000 0.000000 0.000000 1.000000
0.991603 -0.129159 0.006483 0.017300 0.126973 0.962860 -0.238284 10.574800 0.024534 0.237106 0.971174 -1.117200 0.000000 0.000000 0.000000 1.000000
0.995274 -0.095956 -0.014936 0.017300 0.088986 0.962737 -0.255381 10.574800 0.038885 0.252845 0.966725 -1.117200 0.000000 0.000000 0.000000 1.000000
0.999533 -0.030524 0.001082 0.017300 0.029865 0.969300 -0.244059 10.574800 0.006400 0.243978 0.969760 -1.117200 0.000000 0.000000 0.000000 1.000000
0.999376 0.028429 0.020975 0.017300 -0.023080 0.974853 -0.221652 10.574800 -0.026749 0.221029 0.974900 -1.117200 0.000000 0.000000 0.000000 1.000000
0.997203 0.060684 0.043624 0.017300 -0.052677 0.984762 -0.165735 10.574800 -0.053017 0.162973 0.985205 -1.117200 0.000000 0.000000 0.000000 1.000000
0.995814 0.067429 0.061706 0.017300 -0.059902 0.991369 -0.116619 10.574800 -0.069037 0.112434 0.991258 -1.117200 0.000000 0.000000 0.000000 1.000000
0.996786 0.041029 0.068803 0.017300 -0.033453 0.993603 -0.107865 10.574800 -0.072789 0.105216 0.991782 -1.117200 0.000000 0.000000 0.000000 1.000000
0.997158 0.024686 0.071183 0.017300 -0.017306 0.994584 -0.102487 10.574800 -0.073327 0.100964 0.992184 -1.117200 0.000000 0.000000 0.000000 1.000000
0.996127 0.030455 0.082480 0.017300 -0.021999 0.994587 -0.101555 10.574800 -0.085126 0.099347 0.991405 -1.117200 0.000000 0.000000 0.000000 1.000000
0.995495 0.069670 0.064310 0.017300 -0.062058 0.991586 -0.113606 10.574800 -0.071684 0.109104 0.991442 -1.117200 0.000000 0.000000 0.000000 1.000000
0.997111 0.075197 0.010762 0.017300 -0.073123 0.988524 -0.132187 10.574800 -0.020579 0.131018 0.991166 -1.117200 0.000000 0.000000 0.000000 1.000000
0.997611 0.062349 -0.029753 0.017300 -0.065978 0.987557 -0.142749 10.574800 0.020482 0.144371 0.989312 -1.117200 0.000000 0.000000 0.000000 1.000000
0.996956 0.070258 -0.033801 0.017300 -0.073796 0.990230 -0.118317 10.574800 0.025158 0.120452 0.992400 -1.117200 0.000000 0.000000 0.000000 1.000000
0.995505 0.092346 -0.021021 0.017300 -0.093844 0.991730 -0.087545 10.574800 0.012763 0.089125 0.995939 -1.117200 0.000000 0.000000 0.000000 1.000000
0.995608 0.093219 -0.008629 0.017300 -0.093603 0.992844 -0.074152 10.574800 0.001655 0.074634 0.997210 -1.117200 0.000000 0.000000 0.000000 1.000000
0.996248 0.086460 0.003707 0.017300 -0.086042 0.994199 -0.064543 10.574800 -0.009266 0.063982 0.997908 -1.117200 0.000000 0.000000 0.000000 1.000000
0.996765 0.078225 0.018462 0.017300 -0.077115 0.995521 -0.054695 10.574800 -0.022658 0.053094 0.998332 -1.117200 0.000000 0.000000 0.000000 1.000000
0.997035 0.068704 0.034662 0.017300 -0.067128 0.996741 -0.044730 10.574800 -0.037622 0.042270 0.998398 -1.117200 0.000000 0.000000 0.000000 1.000000
0.996956 0.058950 0.051029 0.017300 -0.057231 0.997765 -0.034505 10.574800 -0.052949 0.031479 0.998101 -1.117200 0.000000 0.000000 0.000000 1.000000
0.996514 0.049278 0.067320 0.017300 -0.047762 0.998572 -0.023940 10.574800 -0.068404 0.020641 0.997444 -1.117200 0.000000 0.000000 0.000000 1.000000</float_array>
        <technique_common>
          <accessor source="#mixamorig_Spine-Matrix-animation-output-transform-array" count="40" stride="16">
            <param type="float4x4"/>
          </accessor>
        </technique_common>
      </source>
      <source id="mixamorig_Spine-Interpolations">
        <Name_array id="mixamorig_Spine-Interpolations-array" count="40">
 LINEAR LINEAR LINEAR LINEAR LINEAR LINEAR LINEAR LINEAR LINEAR LINEAR LINEAR
LINEAR LINEAR LINEAR LINEAR LINEAR LINEAR LINEAR LINEAR LINEAR LINEAR LINEAR LINEAR
LINEAR LINEAR LINEAR LINEAR LINEAR LINEAR LINEAR LINEAR LINEAR LINEAR LINEAR LINEAR
LINEAR LINEAR LINEAR LINEAR LINEAR</Name_array>
        <technique_common>
          <accessor source="#mixamorig_Spine-Interpolations-array" count="40">
            <param type="name"/>
          </accessor>
        </technique_common>
      </source>
      <sampler id="mixamorig_Spine-Matrix-animation-transform">
        <input semantic="INPUT" source="#mixamorig_Spine-Matrix-animation-input"/>
        <input semantic="OUTPUT" source="#mixamorig_Spine-Matrix-animation-output-transform"/>
        <input semantic="INTERPOLATION" source="#mixamorig_Spine-Interpolations"/>
      </sampler>
      <channel source="#mixamorig_Spine-Matrix-animation-transform" target="mixamorig_Spine/matrix"/>
    </animation>
    <animation id="mixamorig_Spine1-anim" name="mixamorig_Spine1">
      <source id="mixamorig_Spine1-Matrix-animation-input">
        <float_array id="mixamorig_Spine1-Matrix-animation-input-array" count="40">

0.000000 0.033333 0.066667 0.100000 0.133333 0.166667 0.200000 0.233333 0.266667 0.300000 0.333333 0.366667 0.400000 0.433333 0.466667 0.500000
0.533333 0.566667 0.600000 0.633333 0.666667 0.700000 0.733333 0.766667 0.800000 0.833333 0.866667 0.900000 0.933333 0.966667 1.000000 1.033333
1.066667 1.100000 1.133333 1.166667 1.200000 1.233333 1.266667 1.300000</float_array>
        <technique_common>
          <accessor source="#mixamorig_Spine1-Matrix-animation-input-array" count="40">
            <param name="TIME" type="float"/>
          </accessor>
        </technique_common>
      </source>
      <source id="mixamorig_Spine1-Matrix-animation-output-transform">
        <float_array id="mixamorig_Spine1-Matrix-animation-output-transform-array" count="640">

0.999425 0.007967 0.032946 0.000000 -0.006765 0.999313 -0.036428 12.406000 -0.033213 0.036185 0.998793 0.000000 0.000000 0.000000 0.000000 1.000000
0.999230 0.003285 0.039105 0.000000 -0.002341 0.999705 -0.024170 12.406000 -0.039173 0.024059 0.998943 0.000000 0.000000 0.000000 0.000000 1.000000
0.998197 0.004120 0.059883 0.000000 -0.003240 0.999885 -0.014782 12.406000 -0.059937 0.014562 0.998096 0.000000 0.000000 0.000000 0.000000 1.000000
0.996414 -0.002351 0.084578 0.000000 0.002939 0.999972 -0.006827 12.406000 -0.084560 0.007051 0.996393 0.000000 0.000000 0.000000 0.000000 1.000000
0.996146 -0.006466 0.087477 0.000000 0.006769 0.999972 -0.003159 12.406000 -0.087454 0.003739 0.996162 -0.000000 0.000000 0.000000 0.000000 1.000000
0.997614 -0.006767 0.068707 0.000000 0.006850 0.999976 -0.000965 12.406000 -0.068698 0.001433 0.997636 0.000000 0.000000 0.000000 0.000000 1.000000
0.997539 -0.003170 0.070047 0.000000 0.003061 0.999994 0.001662 12.406000 -0.070052 -0.001443 0.997542 0.000000 0.000000 0.000000 0.000000 1.000000
0.997990 0.004537 0.063203 0.000000 -0.004707 0.999986 0.002536 12.406000 -0.063190 -0.002828 0.997997 0.000000 0.000000 0.000000 0.000000 1.000000
0.998560 0.016389 0.051077 0.000000 -0.016865 0.999818 0.008896 12.406000 -0.050922 -0.009744 0.998655 -0.000000 0.000000 0.000000 0.000000 1.000000
0.999166 0.020093 0.035550 0.000000 -0.020619 0.999682 0.014506 12.406000 -0.035247 -0.015227 0.999263 0.000000 0.000000 0.000000 0.000000 1.000000
0.999693 0.013336 0.020871 0.000000 -0.013668 0.999781 0.015835 12.406000 -0.020655 -0.016115 0.999657 -0.000000 0.000000 0.000000 0.000000 1.000000
0.999864 0.005555 0.015538 0.000000 -0.005841 0.999814 0.018401 12.406000 -0.015433 -0.018489 0.999710 0.000000 0.000000 0.000000 0.000000 1.000000
0.999908 -0.000872 0.013507 0.000000 0.000524 0.999670 0.025690 12.406000 -0.013525 -0.025681 0.999579 0.000000 0.000000 0.000000 0.000000 1.000000
0.999543 0.030202 -0.001505 0.000000 -0.030168 0.999364 0.019015 12.406000 0.002078 -0.018960 0.999818 0.000000 0.000000 0.000000 0.000000 1.000000
0.999337 0.036058 0.005109 -0.000000 -0.036148 0.999171 0.018718 12.406000 -0.004430 -0.018890 0.999812 0.000000 0.000000 0.000000 0.000000 1.000000
0.999419 0.032047 0.011619 0.000000 -0.032232 0.999350 0.016165 12.406000 -0.011093 -0.016530 0.999802 0.000000 0.000000 0.000000 0.000000 1.000000
0.999947 0.009646 -0.003457 0.000000 -0.009615 0.999915 0.008843 12.406000 0.003542 -0.008810 0.999955 -0.000000 0.000000 0.000000 0.000000 1.000000
0.999967 -0.000319 -0.008095 0.000000 0.000322 1.000000 0.000260 12.406000 0.008095 -0.000262 0.999967 0.000000 0.000000 0.000000 0.000000 1.000000
0.999918 -0.012063 -0.004356 0.000000 0.012039 0.999912 -0.005527 12.406000 0.004422 0.005474 0.999975 0.000000 0.000000 0.000000 0.000000 1.000000
0.999932 -0.011346 0.002524 -0.000000 0.011378 0.999849 -0.013098 12.406000 -0.002375 0.013126 0.999911 0.000000 0.000000 0.000000 0.000000 1.000000
0.999968 -0.006985 -0.003978 -0.000000 0.006923 0.999859 -0.015266 12.406000 0.004084 0.015238 0.999876 0.000000 0.000000 0.000000 0.000000 1.000000
0.999976 0.002569 -0.006447 0.000000 -0.002724 0.999703 -0.024211 12.406000 0.006383 0.024228 0.999686 -0.000000 0.000000 0.000000 0.000000 1.000000
0.999952 0.009652 0.001814 -0.000000 -0.009603 0.999640 -0.025043 12.406000 -0.002055 0.025024 0.999685 0.000000 0.000000 0.000000 0.000000 1.000000
0.999835 0.014993 0.010279 0.000000 -0.014770 0.999661 -0.021418 12.406000 -0.010597 0.021263 0.999718 0.000000 0.000000 0.000000 0.000000 1.000000
0.999660 0.019167 0.017695 0.000000 -0.018919 0.999722 -0.014075 12.406000 -0.017959 0.013735 0.999744 -0.000000 0.000000 0.000000 0.000000 1.000000
0.999496 0.022296 0.022596 0.000000 -0.022088 0.999712 -0.009393 12.406000 -0.022799 0.008889 0.999701 -0.000000 0.000000 0.000000 0.000000 1.000000
0.999369 0.025941 0.024254 0.000000 -0.025696 0.999616 -0.010356 12.406000 -0.024514 0.009727 0.999652 0.000000 0.000000 0.000000 0.000000 1.000000
0.999324 0.027299 0.024629 0.000000 -0.027097 0.999597 -0.008490 12.406000 -0.024851 0.007817 0.999661 -0.000000 0.000000 0.000000 0.000000 1.000000
0.999325 0.024274 0.027579 -0.000000 -0.024222 0.999704 -0.002214 12.406000 -0.027625 0.001544 0.999617 0.000000 0.000000 0.000000 0.000000 1.000000
0.999502 0.020786 0.023722 0.000000 -0.020795 0.999784 0.000144 12.406000 -0.023714 -0.000637 0.999719 0.000000 0.000000 0.000000 0.000000 1.000000
0.999751 0.020091 0.009660 0.000000 -0.020079 0.999797 -0.001377 12.406000 -0.009685 0.001182 0.999952 0.000000 0.000000 0.000000 0.000000 1.000000
0.999837 0.017989 -0.001685 -0.000000 -0.017996 0.999830 -0.004078 12.406000 0.001611 0.004108 0.999990 0.000000 0.000000 0.000000 0.000000 1.000000
0.999896 0.014108 -0.003070 0.000000 -0.014123 0.999887 -0.005175 12.406000 0.002997 0.005218 0.999982 0.000000 0.000000 0.000000 0.000000 1.000000
0.999933 0.011557 0.000712 0.000000 -0.011551 0.999904 -0.007632 12.406000 -0.000800 0.007623 0.999971 -0.000000 0.000000 0.000000 0.000000 1.000000
0.999980 0.005087 0.003738 0.000000 -0.005047 0.999931 -0.010644 12.406000 -0.003792 0.010625 0.999936 0.000000 0.000000 0.000000 0.000000 1.000000
0.999973 -0.003538 0.006409 0.000000 0.003623 0.999907 -0.013157 12.406000 -0.006362 0.013180 0.999893 0.000000 0.000000 0.000000 0.000000 1.000000
0.999869 -0.012970 0.009657 0.000000 0.013117 0.999796 -0.015370 12.406000 -0.009455 0.015495 0.999835 0.000000 0.000000 0.000000 0.000000 1.000000
0.999649 -0.022935 0.013233 0.000000 0.023163 0.999581 -0.017368 12.406000 -0.012829 0.017668 0.999762 0.000000 0.000000 0.000000 0.000000 1.000000
0.999315 -0.032950 0.016841 0.000000 0.033273 0.999260 -0.019284 12.406000 -0.016193 0.019831 0.999672 0.000000 0.000000 0.000000 0.000000 1.000000
0.998869 -0.042936 0.020427 0.000000 0.043367 0.998836 -0.021132 12.406000 -0.019496 0.021994 0.999568 0.000000 0.000000 0.000000 0.000000 1.000000</float_array>
        <technique_common>
          <accessor source="#mixamorig_Spine1-Matrix-animation-output-transform-array" count="40" stride="16">
            <param type="float4x4"/>
          </accessor>
        </technique_common>
      </source>
      <source id="mixamorig_Spine1-Interpolations">
        <Name_array id="mixamorig_Spine1-Interpolations-array" count="40">
 LINEAR LINEAR LINEAR LINEAR LINEAR LINEAR LINEAR LINEAR LINEAR LINEAR LINEAR
LINEAR LINEAR LINEAR LINEAR LINEAR LINEAR LINEAR LINEAR LINEAR LINEAR LINEAR LINEAR
LINEAR LINEAR LINEAR LINEAR LINEAR LINEAR LINEAR LINEAR LINEAR LINEAR LINEAR LINEAR
LINEAR LINEAR LINEAR LINEAR LINEAR</Name_array>
        <technique_common>
          <accessor source="#mixamorig_Spine1-Interpolations-array" count="40">
            <param type="name"/>
          </accessor>
        </technique_common>
      </source>
      <sampler id="mixamorig_Spine1-Matrix-animation-transform">
        <input semantic="INPUT" source="#mixamorig_Spine1-Matrix-animation-input"/>
        <input semantic="OUTPUT" source="#mixamorig_Spine1-Matrix-animation-output-transform"/>
        <input semantic="INTERPOLATION" source="#mixamorig_Spine1-Interpolations"/>
      </sampler>
      <channel source="#mixamorig_Spine1-Matrix-animation-transform" target="mixamorig_Spine1/matrix"/>
    </animation>
    <animation id="mixamorig_Spine2-anim" name="mixamorig_Spine2">
      <source id="mixamorig_Spine2-Matrix-animation-input">
        <float_array id="mixamorig_Spine2-Matrix-animation-input-array" count="40">

0.000000 0.033333 0.066667 0.100000 0.133333 0.166667 0.200000 0.233333 0.266667 0.300000 0.333333 0.366667 0.400000 0.433333 0.466667 0.500000
0.533333 0.566667 0.600000 0.633333 0.666667 0.700000 0.733333 0.766667 0.800000 0.833333 0.866667 0.900000 0.933333 0.966667 1.000000 1.033333
1.066667 1.100000 1.133333 1.166667 1.200000 1.233333 1.266667 1.300000</float_array>
        <technique_common>
          <accessor source="#mixamorig_Spine2-Matrix-animation-input-array" count="40">
            <param name="TIME" type="float"/>
          </accessor>
        </technique_common>
      </source>
      <source id="mixamorig_Spine2-Matrix-animation-output-transform">
        <float_array id="mixamorig_Spine2-Matrix-animation-output-transform-array" count="640">

0.999398 0.011450 0.032748 0.000000 -0.006724 0.989996 -0.140938 14.178300 -0.034034 0.140633 0.989477 0.000000 0.000000 0.000000 0.000000 1.000000
0.999205 0.007186 0.039210 0.000000 -0.002065 0.991629 -0.129100 14.178300 -0.039810 0.128917 0.990856 0.000000 0.000000 0.000000 0.000000 1.000000
0.998151 0.010166 0.059933 0.000000 -0.002907 0.992770 -0.119995 14.178300 -0.060719 0.119599 0.990964 0.000000 0.000000 0.000000 0.000000 1.000000
0.996365 0.006367 0.084951 -0.000000 0.003214 0.993684 -0.112170 14.178300 -0.085129 0.112035 0.990051 -0.000000 0.000000 0.000000 0.000000 1.000000
0.996115 0.002475 0.088022 0.000000 0.007127 0.994059 -0.108605 14.178300 -0.087768 0.108810 0.990180 0.000000 0.000000 0.000000 0.000000 1.000000
0.997598 -0.000144 0.069264 0.000000 0.007536 0.994286 -0.106484 14.178300 -0.068853 0.106751 0.991899 -0.000000 0.000000 0.000000 0.000000 1.000000
0.997529 0.003184 0.070178 0.000000 0.004127 0.994591 -0.103789 14.178300 -0.070129 0.103822 0.992120 -0.000000 0.000000 0.000000 0.000000 1.000000
0.997974 0.010251 0.062791 0.000000 -0.003775 0.994736 -0.102403 14.178300 -0.063511 0.101958 0.992759 0.000000 0.000000 0.000000 0.000000 1.000000
0.998541 0.020580 0.049922 0.000000 -0.015728 0.995287 -0.095692 14.178300 -0.051656 0.094768 0.994158 0.000000 0.000000 0.000000 0.000000 1.000000
0.999163 0.022442 0.034194 0.000000 -0.019276 0.995733 -0.090249 14.178300 -0.036073 0.089514 0.995332 0.000000 0.000000 0.000000 0.000000 1.000000
0.999703 0.014030 0.019929 -0.000000 -0.012199 0.995940 -0.089191 14.178300 -0.021100 0.088922 0.995815 -0.000000 0.000000 0.000000 0.000000 1.000000
0.999871 0.005595 0.015027 0.000000 -0.004271 0.996223 -0.086731 14.178300 -0.015456 0.086655 0.996118 0.000000 0.000000 0.000000 0.000000 1.000000
0.999911 -0.001163 0.013326 0.000000 0.002219 0.996831 -0.079521 14.178300 -0.013191 0.079543 0.996744 0.000000 0.000000 0.000000 0.000000 1.000000
0.999587 0.028365 -0.004519 -0.000000 -0.028649 0.995874 -0.086108 14.178300 0.002058 0.086202 0.996276 0.000000 0.000000 0.000000 0.000000 1.000000
0.999390 0.034886 0.001812 0.000000 -0.034599 0.995669 -0.086291 14.178300 -0.004815 0.086175 0.996268 -0.000000 0.000000 0.000000 0.000000 1.000000
0.999460 0.031607 0.008969 0.000000 -0.030688 0.995582 -0.088738 14.178300 -0.011734 0.088415 0.996015 0.000000 0.000000 0.000000 0.000000 1.000000
0.999962 0.007728 -0.004034 0.000000 -0.008081 0.995322 -0.096279 14.178300 0.003271 0.096308 0.995346 0.000000 0.000000 0.000000 0.000000 1.000000
0.999965 -0.002748 -0.007847 0.000000 0.001911 0.994495 -0.104770 14.178300 0.008092 0.104751 0.994466 -0.000000 0.000000 0.000000 0.000000 1.000000
0.999896 -0.014078 -0.003249 -0.000000 0.013633 0.993783 -0.110497 14.178300 0.004784 0.110442 0.993871 -0.000000 0.000000 0.000000 0.000000 1.000000
0.999915 -0.012529 0.003658 0.000000 0.012873 0.992920 -0.118081 14.178300 -0.002152 0.118118 0.992997 0.000000 0.000000 0.000000 0.000000 1.000000
0.999955 -0.009005 -0.003087 0.000000 0.008569 0.992715 -0.120185 14.178300 0.004147 0.120153 0.992747 0.000000 0.000000 0.000000 0.000000 1.000000
0.999982 0.000247 -0.006015 0.000000 -0.001021 0.991633 -0.129088 14.178300 0.005933 0.129092 0.991615 -0.000000 0.000000 0.000000 0.000000 1.000000
0.999963 0.008442 0.001635 0.000000 -0.008158 0.991497 -0.129871 14.178300 -0.002717 0.129853 0.991530 0.000000 0.000000 0.000000 0.000000 1.000000
0.999844 0.014892 0.009537 -0.000000 -0.013570 0.991914 -0.126188 14.178300 -0.011339 0.126039 0.991961 -0.000000 0.000000 0.000000 0.000000 1.000000
0.999667 0.019899 0.016457 0.000000 -0.017807 0.992763 -0.118760 14.178300 -0.018701 0.118428 0.992787 -0.000000 0.000000 0.000000 0.000000 1.000000
0.999504 0.023496 0.020961 -0.000000 -0.020958 0.993259 -0.114006 14.178300 -0.023498 0.113510 0.993259 0.000000 0.000000 0.000000 0.000000 1.000000
0.999377 0.027342 0.022314 0.000000 -0.024603 0.993068 -0.114936 14.178300 -0.025302 0.114315 0.993122 0.000000 0.000000 0.000000 0.000000 1.000000
0.999332 0.028713 0.022588 0.000000 -0.025982 0.993245 -0.113086 14.178300 -0.025682 0.112424 0.993328 0.000000 0.000000 0.000000 0.000000 1.000000
0.999330 0.025954 0.025795 0.000000 -0.023059 0.994012 -0.106815 14.178300 -0.028413 0.106148 0.993944 0.000000 0.000000 0.000000 0.000000 1.000000
0.999506 0.022166 0.022279 0.000000 -0.019725 0.994343 -0.104374 14.178300 -0.024466 0.103883 0.994289 0.000000 0.000000 0.000000 0.000000 1.000000
0.999756 0.020437 0.008356 0.000000 -0.019440 0.994214 -0.105646 14.178300 -0.010466 0.105458 0.994369 0.000000 0.000000 0.000000 0.000000 1.000000
0.999832 0.018099 -0.002808 0.000000 -0.018296 0.994018 -0.107669 14.178300 0.000843 0.107703 0.994183 -0.000000 0.000000 0.000000 0.000000 1.000000
0.999868 0.015756 -0.004032 0.000000 -0.016099 0.994080 -0.107455 14.178300 0.002315 0.107506 0.994202 0.000000 0.000000 0.000000 0.000000 1.000000
0.999874 0.015841 -0.000237 0.000000 -0.015774 0.994010 -0.108142 14.178300 -0.001477 0.108132 0.994135 -0.000000 0.000000 0.000000 0.000000 1.000000
0.999919 0.012369 0.003143 0.000000 -0.011956 0.994059 -0.108183 14.178300 -0.004463 0.108136 0.994126 -0.000000 0.000000 0.000000 0.000000 1.000000
0.999957 0.006823 0.006345 0.000000 -0.006097 0.994112 -0.108183 14.178300 -0.007046 0.108140 0.994111 0.000000 0.000000 0.000000 0.000000 1.000000
0.999948 0.000543 0.010185 0.000000 0.000562 0.994135 -0.108143 14.178300 -0.010184 0.108143 0.994083 0.000000 0.000000 0.000000 0.000000 1.000000
0.999877 -0.006226 0.014394 0.000000 0.007746 0.994116 -0.108047 14.178300 -0.013637 0.108145 0.994042 0.000000 0.000000 0.000000 0.000000 1.000000
0.999741 -0.013042 0.018643 0.000000 0.014980 0.994049 -0.107895 14.178300 -0.017125 0.108146 0.993988 0.000000 0.000000 0.000000 0.000000 1.000000
0.999542 -0.019835 0.022868 0.000000 0.022187 0.993937 -0.107688 14.178300 -0.020594 0.108146 0.993922 0.000000 0.000000 0.000000 0.000000 1.000000</float_array>
        <technique_common>
          <accessor source="#mixamorig_Spine2-Matrix-animation-output-transform-array" count="40" stride="16">
            <param type="float4x4"/>
          </accessor>
        </technique_common>
      </source>
      <source id="mixamorig_Spine2-Interpolations">
        <Name_array id="mixamorig_Spine2-Interpolations-array" count="40">
 LINEAR LINEAR LINEAR LINEAR LINEAR LINEAR LINEAR LINEAR LINEAR LINEAR LINEAR
LINEAR LINEAR LINEAR LINEAR LINEAR LINEAR LINEAR LINEAR LINEAR LINEAR LINEAR LINEAR
LINEAR LINEAR LINEAR LINEAR LINEAR LINEAR LINEAR LINEAR LINEAR LINEAR LINEAR LINEAR
LINEAR LINEAR LINEAR LINEAR LINEAR</Name_array>
        <technique_common>
          <accessor source="#mixamorig_Spine2-Interpolations-array" count="40">
            <param type="name"/>
          </accessor>
        </technique_common>
      </source>
      <sampler id="mixamorig_Spine2-Matrix-animation-transform">
        <input semantic="INPUT" source="#mixamorig_Spine2-Matrix-animation-input"/>
        <input semantic="OUTPUT" source="#mixamorig_Spine2-Matrix-animation-output-transform"/>
        <input semantic="INTERPOLATION" source="#mixamorig_Spine2-Interpolations"/>
      </sampler>
      <channel source="#mixamorig_Spine2-Matrix-animation-transform" target="mixamorig_Spine2/matrix"/>
    </animation>
    <animation id="mixamorig_Neck-anim" name="mixamorig_Neck">
      <source id="mixamorig_Neck-Matrix-animation-input">
        <float_array id="mixamorig_Neck-Matrix-animation-input-array" count="40">

0.000000 0.033333 0.066667 0.100000 0.133333 0.166667 0.200000 0.233333 0.266667 0.300000 0.333333 0.366667 0.400000 0.433333 0.466667 0.500000
0.533333 0.566667 0.600000 0.633333 0.666667 0.700000 0.733333 0.766667 0.800000 0.833333 0.866667 0.900000 0.933333 0.966667 1.000000 1.033333
1.066667 1.100000 1.133333 1.166667 1.200000 1.233333 1.266667 1.300000</float_array>
        <technique_common>
          <accessor source="#mixamorig_Neck-Matrix-animation-input-array" count="40">
            <param name="TIME" type="float"/>
          </accessor>
        </technique_common>
      </source>
      <source id="mixamorig_Neck-Matrix-animation-output-transform">
        <float_array id="mixamorig_Neck-Matrix-animation-output-transform-array" count="640">

0.999574 0.013516 0.025873 0.024400 -0.018030 0.982935 0.183069 15.862300 -0.022957 -0.183457 0.982760 -1.675800 0.000000 0.000000 0.000000 1.000000
0.995972 0.028034 0.085174 0.024400 -0.035115 0.995947 0.082809 15.862300 -0.082507 -0.085466 0.992919 -1.675800 0.000000 0.000000 0.000000 1.000000
0.991126 0.029288 0.129658 0.024400 -0.030372 0.999518 0.006394 15.862300 -0.129408 -0.010276 0.991538 -1.675800 0.000000 0.000000 0.000000 1.000000
0.988964 0.041753 0.142153 0.024400 -0.037520 0.998773 -0.032332 15.862300 -0.143329 0.026642 0.989316 -1.675800 0.000000 0.000000 0.000000 1.000000
0.986503 0.013779 0.163165 0.024400 -0.014329 0.999895 0.002189 15.862300 -0.163118 -0.004498 0.986596 -1.675800 0.000000 0.000000 0.000000 1.000000
0.976269 -0.013990 0.216109 0.024400 -0.003986 0.996581 0.082523 15.862300 -0.216524 -0.081426 0.972876 -1.675800 0.000000 0.000000 0.000000 1.000000
0.970145 -0.019977 0.241700 0.024400 -0.023669 0.984045 0.176337 15.862300 -0.241367 -0.176793 0.954194 -1.675800 0.000000 0.000000 0.000000 1.000000
0.979809 -0.033352 0.197134 0.024400 -0.009889 0.976697 0.214395 15.862300 -0.199691 -0.212016 0.956647 -1.675800 0.000000 0.000000 0.000000 1.000000
0.992627 -0.041277 0.113967 0.024400 0.017999 0.980002 0.198171 15.862300 -0.119868 -0.194659 0.973519 -1.675800 0.000000 0.000000 0.000000 1.000000
0.997583 -0.062862 0.029605 0.024400 0.056497 0.981847 0.181065 15.862300 -0.040450 -0.178954 0.983025 -1.675800 0.000000 0.000000 0.000000 1.000000
0.997395 -0.061556 -0.037601 0.024400 0.067379 0.981170 0.181011 15.862300 0.025751 -0.183073 0.982762 -1.675800 0.000000 0.000000 0.000000 1.000000
0.995249 0.003759 -0.097292 0.024400 0.012025 0.986859 0.161134 15.862300 0.096620 -0.161539 0.982125 -1.675800 0.000000 0.000000 0.000000 1.000000
0.986172 0.000533 -0.165722 0.024400 0.017580 0.994016 0.107809 15.862300 0.164787 -0.109231 0.980262 -1.675800 0.000000 0.000000 0.000000 1.000000
0.962974 -0.146143 -0.226545 0.024400 0.155448 0.987560 0.023694 15.862300 0.220264 -0.058033 0.973712 -1.675800 0.000000 0.000000 0.000000 1.000000
0.949977 -0.158281 -0.269240 0.024400 0.146319 0.987161 -0.064069 15.862300 0.275924 0.021469 0.960940 -1.675800 0.000000 0.000000 0.000000 1.000000
0.963394 -0.042958 -0.264626 0.024400 0.018322 0.995321 -0.094871 15.862300 0.267463 0.086550 0.959673 -1.675800 0.000000 0.000000 0.000000 1.000000
0.978126 0.037434 -0.204616 0.024400 -0.060775 0.992182 -0.109005 15.862300 0.198936 0.119056 0.972754 -1.675800 0.000000 0.000000 0.000000 1.000000
0.984534 -0.010397 -0.174887 0.024400 -0.012879 0.991241 -0.131433 15.862300 0.174721 0.131652 0.975777 -1.675800 0.000000 0.000000 0.000000 1.000000
0.979770 -0.086216 -0.180603 0.024400 0.069249 0.992750 -0.098242 15.862300 0.187764 0.083748 0.978637 -1.675800 0.000000 0.000000 0.000000 1.000000
0.972189 -0.142239 -0.186057 0.024400 0.135235 0.989558 -0.049874 15.862300 0.191208 0.023326 0.981272 -1.675800 0.000000 0.000000 0.000000 1.000000
0.979502 -0.115497 -0.165032 0.024400 0.104602 0.991811 -0.073282 15.862300 0.172144 0.054518 0.983562 -1.675800 0.000000 0.000000 0.000000 1.000000
0.988894 -0.062145 -0.135008 0.024400 0.053207 0.996208 -0.068838 15.862300 0.138774 0.060890 0.988450 -1.675800 0.000000 0.000000 0.000000 1.000000
0.994677 -0.031443 -0.098123 0.024400 0.026521 0.998343 -0.051065 15.862300 0.099566 0.048191 0.993863 -1.675800 0.000000 0.000000 0.000000 1.000000
0.998549 -0.002278 -0.053807 0.024400 -0.001067 0.998072 -0.062055 15.862300 0.053845 0.062023 0.996621 -1.675800 0.000000 0.000000 0.000000 1.000000
0.999570 0.026488 -0.012596 0.024400 -0.027426 0.996311 -0.081315 15.862300 0.010395 0.081625 0.996609 -1.675800 0.000000 0.000000 0.000000 1.000000
0.997960 0.056351 0.030006 0.024400 -0.053628 0.994944 -0.084915 15.862300 -0.034639 0.083133 0.995936 -1.675800 0.000000 0.000000 0.000000 1.000000
0.992798 0.091560 0.077257 0.024400 -0.085848 0.993536 -0.074277 15.862300 -0.083559 0.067110 0.994241 -1.675800 0.000000 0.000000 0.000000 1.000000
0.985384 0.120546 0.120359 0.024400 -0.113044 0.991304 -0.067355 15.862300 -0.127432 0.052765 0.990443 -1.675800 0.000000 0.000000 0.000000 1.000000
0.981614 0.111922 0.154620 0.024400 -0.105214 0.993144 -0.050936 15.862300 -0.159261 0.033731 0.986660 -1.675800 0.000000 0.000000 0.000000 1.000000
0.979859 0.082219 0.181981 0.024400 -0.079905 0.996601 -0.020023 15.862300 -0.183009 0.005079 0.983098 -1.675800 0.000000 0.000000 0.000000 1.000000
0.977755 0.060580 0.200812 0.024400 -0.063130 0.997985 0.006315 15.862300 -0.200025 -0.018852 0.979609 -1.675800 0.000000 0.000000 0.000000 1.000000
0.976160 0.034746 0.214254 0.024400 -0.041685 0.998740 0.027953 15.862300 -0.213012 -0.036217 0.976378 -1.675800 0.000000 0.000000 0.000000 1.000000
0.974486 -0.011453 0.224157 0.024400 0.000317 0.998767 0.049651 15.862300 -0.224449 -0.048313 0.973287 -1.675800 0.000000 0.000000 0.000000 1.000000
0.972418 -0.062149 0.224812 0.024400 0.049912 0.996967 0.059717 15.862300 -0.227842 -0.046849 0.972570 -1.675800 0.000000 0.000000 0.000000 1.000000
0.975571 -0.079424 0.204825 0.024400 0.070971 0.996308 0.048301 15.862300 -0.207906 -0.032585 0.977606 -1.675800 0.000000 0.000000 0.000000 1.000000
0.980723 -0.080563 0.178021 0.024400 0.075830 0.996566 0.033243 15.862300 -0.180088 -0.019103 0.983465 -1.675800 0.000000 0.000000 0.000000 1.000000
