<?xml version="1.0" encoding="utf-8"?>
<COLLADA xmlns="http://www.collada.org/2005/11/COLLADASchema" version="1.4.1">
  <asset>
    <contributor>
      <author>Mixamo</author>
      <authoring_tool>COLLADA Mixamo exporter</authoring_tool>
      <comments/>
    </contributor>
    <created>2022-12-10T03:40:45Z</created>
    <modified>2022-12-10T03:40:45Z</modified>
    <revision/>
    <title/>
    <unit meter="0.010000"/>
    <up_axis>Y_UP</up_axis>
  </asset>
  <library_animations>
    <animation id="mixamorig_Hips-anim" name="mixamorig_Hips">
      <source id="mixamorig_Hips-Matrix-animation-input">
        <float_array id="mixamorig_Hips-Matrix-animation-input-array" count="51">

0.000000 0.033333 0.066667 0.100000 0.133333 0.166667 0.200000 0.233333 0.266667 0.300000 0.333333 0.366667 0.400000 0.433333 0.466667 0.500000
0.533333 0.566667 0.600000 0.633333 0.666667 0.700000 0.733333 0.766667 0.800000 0.833333 0.866667 0.900000 0.933333 0.966667 1.000000 1.033333
1.066667 1.100000 1.133333 1.166667 1.200000 1.233333 1.266667 1.300000 1.333333 1.366667 1.400000 1.433333 1.466667 1.500000 1.533333 1.566667
1.600000 1.633333 1.666667</float_array>
        <technique_common>
          <accessor source="#mixamorig_Hips-Matrix-animation-input-array" count="51">
            <param name="TIME" type="float"/>
          </accessor>
        </technique_common>
      </source>
      <source id="mixamorig_Hips-Matrix-animation-output-transform">
        <float_array id="mixamorig_Hips-Matrix-animation-output-transform-array" count="816">

0.582187 -0.121236 -0.803965 -0.024744 -0.014365 0.987132 -0.159259 80.561241 0.812928 0.104268 0.572954 0.029999 0.000000 0.000000 0.000000 1.000000
0.596251 -0.118701 -0.793974 0.211888 -0.016818 0.986944 -0.160181 80.195114 0.802622 0.108862 0.586470 0.826263 0.000000 0.000000 0.000000 1.000000
0.622108 -0.115031 -0.774435 0.499182 -0.025562 0.985636 -0.166935 79.840302 0.782514 0.123648 0.610232 1.742865 0.000000 0.000000 0.000000 1.000000
0.665311 -0.110207 -0.738387 0.857981 -0.025904 0.985041 -0.170361 79.621895 0.746117 0.132471 0.652504 3.173020 0.000000 0.000000 0.000000 1.000000
0.715102 -0.103441 -0.691324 1.267569 -0.021411 0.985285 -0.169573 79.492653 0.698692 0.136064 0.702365 4.872310 0.000000 0.000000 0.000000 1.000000
0.765084 -0.095880 -0.636752 1.699955 -0.014959 0.985939 -0.166433 79.410660 0.643757 0.136861 0.752892 6.682058 0.000000 0.000000 0.000000 1.000000
0.812991 -0.087890 -0.575605 2.147193 -0.007484 0.986884 -0.161260 79.360817 0.582228 0.135411 0.801670 8.561150 0.000000 0.000000 0.000000 1.000000
0.861289 -0.079243 -0.501899 2.627308 0.003271 0.988608 -0.150475 79.422394 0.508106 0.127961 0.851736 10.630399 0.000000 0.000000 0.000000 1.000000
0.921807 -0.069902 -0.381295 3.234692 0.027886 0.993017 -0.114632 79.983871 0.386645 0.095036 0.917319 13.549753 0.000000 0.000000 0.000000 1.000000
0.970228 -0.081761 -0.227977 3.616051 0.063976 0.994380 -0.084353 80.831947 0.233593 0.067257 0.970006 16.393183 0.000000 0.000000 0.000000 1.000000
0.994194 -0.081064 -0.070755 3.383049 0.075145 0.993742 -0.082644 81.571487 0.077012 0.076848 0.994064 18.711700 0.000000 0.000000 0.000000 1.000000
0.994081 -0.053521 0.094541 3.005344 0.063647 0.992160 -0.107553 82.220612 -0.088044 0.112933 0.989694 20.886852 0.000000 0.000000 0.000000 1.000000
0.967922 -0.023109 0.250187 2.655952 0.055636 0.990755 -0.123732 82.517242 -0.245014 0.133682 0.960259 23.692024 0.000000 0.000000 0.000000 1.000000
0.931791 0.012269 0.362788 2.072272 0.035462 0.991571 -0.124614 82.286674 -0.361259 0.128979 0.923502 26.791645 0.000000 0.000000 0.000000 1.000000
0.882866 0.043817 0.467576 1.188775 0.019348 0.991399 -0.129438 81.948402 -0.469226 0.123323 0.874425 29.921219 0.000000 0.000000 0.000000 1.000000
0.806036 0.074372 0.587175 -0.110826 0.015279 0.989129 -0.146257 81.535599 -0.591669 0.126860 0.796137 33.097897 0.000000 0.000000 0.000000 1.000000
0.699333 0.101036 0.707619 -1.439971 0.027836 0.985359 -0.168203 81.099266 -0.714253 0.137327 0.686282 35.964767 0.000000 0.000000 0.000000 1.000000
0.609299 0.124158 0.783160 -3.076224 0.049927 0.979699 -0.194160 80.784195 -0.791367 0.157402 0.590731 38.612373 0.000000 0.000000 0.000000 1.000000
0.599371 0.133992 0.789177 -5.033202 0.046981 0.978302 -0.201785 80.939537 -0.799091 0.158021 0.580071 40.772823 0.000000 0.000000 0.000000 1.000000
0.648097 0.139692 0.748636 -6.980312 0.005043 0.982224 -0.187645 81.666161 -0.761541 0.125388 0.635872 42.489128 0.000000 0.000000 0.000000 1.000000
0.766209 0.146133 0.625754 -8.664879 -0.079768 0.987897 -0.133032 83.400978 -0.637621 0.052015 0.768592 44.240753 0.000000 0.000000 0.000000 1.000000
0.868272 0.162879 0.468587 -10.108126 -0.155971 0.986294 -0.053824 85.271805 -0.470932 -0.026352 0.881776 45.875992 0.000000 0.000000 0.000000 1.000000
0.926058 0.172649 0.335572 -10.979196 -0.192223 0.981014 0.025743 86.688225 -0.324756 -0.088344 0.941663 46.837837 0.000000 0.000000 0.000000 1.000000
0.948591 0.173272 0.264863 -11.320505 -0.195687 0.978797 0.060521 87.468346 -0.248760 -0.109240 0.962385 47.121361 0.000000 0.000000 0.000000 1.000000
0.962356 0.172979 0.209642 -11.546705 -0.193218 0.977881 0.080094 88.106041 -0.191150 -0.117585 0.974492 47.262447 0.000000 0.000000 0.000000 1.000000
0.972377 0.172489 0.157261 -11.734505 -0.188832 0.977345 0.095603 88.713669 -0.137207 -0.122658 0.982919 47.345345 0.000000 0.000000 0.000000 1.000000
0.978109 0.168818 0.121672 -11.762217 -0.180553 0.979172 0.092864 89.176369 -0.103461 -0.112799 0.988217 47.183376 0.000000 0.000000 0.000000 1.000000
0.982296 0.162951 0.092420 -11.640451 -0.170355 0.982226 0.078815 89.567390 -0.077935 -0.093164 0.992596 46.761600 0.000000 0.000000 0.000000 1.000000
0.986145 0.156327 0.055505 -11.342779 -0.159603 0.985326 0.060503 89.995750 -0.045232 -0.068524 0.996624 45.983006 0.000000 0.000000 0.000000 1.000000
0.988789 0.148460 0.016014 -10.967083 -0.148987 0.988057 0.039331 90.428963 -0.009983 -0.041276 0.999098 45.039532 0.000000 0.000000 0.000000 1.000000
0.989416 0.140237 -0.037272 -10.477837 -0.139562 0.990008 0.020139 90.945709 0.039724 -0.014724 0.999102 43.828636 0.000000 0.000000 0.000000 1.000000
0.979129 0.131818 -0.154693 -9.452748 -0.131119 0.991257 0.014757 91.777161 0.155286 0.005835 0.987852 41.436512 0.000000 0.000000 0.000000 1.000000
0.947314 0.113012 -0.299706 -7.928553 -0.113014 0.993441 0.017386 92.267181 0.299705 0.017401 0.953873 38.230206 0.000000 0.000000 0.000000 1.000000
0.907250 0.088063 -0.411269 -6.489828 -0.090903 0.995779 0.012693 91.934982 0.410650 0.025870 0.911426 35.170361 0.000000 0.000000 0.000000 1.000000
0.868570 0.064279 -0.491379 -5.300657 -0.073439 0.997299 0.000647 91.001549 0.490094 0.035524 0.870945 32.191971 0.000000 0.000000 0.000000 1.000000
0.825050 0.039947 -0.563646 -4.152489 -0.057576 0.998249 -0.013529 89.977875 0.562119 0.043614 0.825906 29.203604 0.000000 0.000000 0.000000 1.000000
0.778062 0.015459 -0.627997 -3.044589 -0.043625 0.998613 -0.029468 88.872971 0.626671 0.050324 0.777658 26.177832 0.000000 0.000000 0.000000 1.000000
0.735464 -0.008212 -0.677514 -2.067545 -0.032952 0.998310 -0.047871 87.530846 0.676762 0.057533 0.733950 23.043005 0.000000 0.000000 0.000000 1.000000
0.710792 -0.029659 -0.702777 -1.388963 -0.027374 0.997187 -0.069771 85.704033 0.702869 0.068831 0.707981 19.642122 0.000000 0.000000 0.000000 1.000000
0.697834 -0.049541 -0.714544 -0.975502 -0.025615 0.995241 -0.094018 83.494858 0.715801 0.083911 0.693244 15.982759 0.000000 0.000000 0.000000 1.000000
0.675301 -0.070240 -0.734190 -0.677570 -0.025842 0.992590 -0.118730 81.313934 0.737089 0.099151 0.668482 12.173653 0.000000 0.000000 0.000000 1.000000
0.634624 -0.089667 -0.767602 -0.678697 -0.028370 0.989874 -0.139087 79.825943 0.772300 0.110045 0.625654 8.644841 0.000000 0.000000 0.000000 1.000000
0.612870 -0.101664 -0.783617 -0.611437 -0.024622 0.988750 -0.147534 79.265190 0.789800 0.109713 0.603472 6.593329 0.000000 0.000000 0.000000 1.000000
0.596792 -0.111227 -0.794650 -0.524884 -0.019141 0.988091 -0.152678 78.974754 0.802168 0.106328 0.587555 4.976680 0.000000 0.000000 0.000000 1.000000
0.583772 -0.119385 -0.803092 -0.428412 -0.012827 0.987651 -0.156145 78.826553 0.811816 0.101455 0.575032 3.591840 0.000000 0.000000 0.000000 1.000000
0.572152 -0.126484 -0.810335 -0.335104 -0.007350 0.987206 -0.159281 78.729881 0.820114 0.097089 0.563902 2.300522 0.000000 0.000000 0.000000 1.000000
0.565623 -0.130972 -0.814197 -0.239932 -0.002288 0.987055 -0.160367 78.830414 0.824661 0.092571 0.558001 1.342477 0.000000 0.000000 0.000000 1.000000
0.565055 -0.131494 -0.814507 -0.167861 -0.001368 0.987067 -0.160301 79.110565 0.825052 0.091693 0.557568 0.717613 0.000000 0.000000 0.000000 1.000000
0.568176 -0.129588 -0.812639 -0.111900 -0.003526 0.987130 -0.159878 79.502098 0.822899 0.093704 0.560407 0.307419 0.000000 0.000000 0.000000 1.000000
0.574779 -0.125682 -0.808600 -0.067065 -0.008585 0.987155 -0.159538 80.016441 0.818264 0.098641 0.566317 0.138822 0.000000 0.000000 0.000000 1.000000
0.582187 -0.121236 -0.803965 -0.024745 -0.014365 0.987132 -0.159259 80.561256 0.812928 0.104268 0.572954 0.030006 0.000000 0.000000 0.000000 1.000000</float_array>
        <technique_common>
          <accessor source="#mixamorig_Hips-Matrix-animation-output-transform-array" count="51" stride="16">
            <param type="float4x4"/>
          </accessor>
        </technique_common>
      </source>
      <source id="mixamorig_Hips-Interpolations">
        <Name_array id="mixamorig_Hips-Interpolations-array" count="51">
 LINEAR LINEAR LINEAR LINEAR LINEAR LINEAR LINEAR LINEAR LINEAR LINEAR LINEAR
LINEAR LINEAR LINEAR LINEAR LINEAR LINEAR LINEAR LINEAR LINEAR LINEAR LINEAR LINEAR
LINEAR LINEAR LINEAR LINEAR LINEAR LINEAR LINEAR LINEAR LINEAR LINEAR LINEAR LINEAR
LINEAR LINEAR LINEAR LINEAR LINEAR LINEAR LINEAR LINEAR LINEAR LINEAR LINEAR LINEAR
LINEAR LINEAR LINEAR LINEAR</Name_array>
        <technique_common>
          <accessor source="#mixamorig_Hips-Interpolations-array" count="51">
            <param type="name"/>
          </accessor>
        </technique_common>
      </source>
      <sampler id="mixamorig_Hips-Matrix-animation-transform">
        <input semantic="INPUT" source="#mixamorig_Hips-Matrix-animation-input"/>
        <input semantic="OUTPUT" source="#mixamorig_Hips-Matrix-animation-output-transform"/>
        <input semantic="INTERPOLATION" source="#mixamorig_Hips-Interpolations"/>
      </sampler>
      <channel source="#mixamorig_Hips-Matrix-animation-transform" target="mixamorig_Hips/matrix"/>
    </animation>
    <animation id="mixamorig_Spine-anim" name="mixamorig_Spine">
      <source id="mixamorig_Spine-Matrix-animation-input">
        <float_array id="mixamorig_Spine-Matrix-animation-input-array" count="51">

0.000000 0.033333 0.066667 0.100000 0.133333 0.166667 0.200000 0.233333 0.266667 0.300000 0.333333 0.366667 0.400000 0.433333 0.466667 0.500000
0.533333 0.566667 0.600000 0.633333 0.666667 0.700000 0.733333 0.766667 0.800000 0.833333 0.866667 0.900000 0.933333 0.966667 1.000000 1.033333
1.066667 1.100000 1.133333 1.166667 1.200000 1.233333 1.266667 1.300000 1.333333 1.366667 1.400000 1.433333 1.466667 1.500000 1.533333 1.566667
1.600000 1.633333 1.666667</float_array>
        <technique_common>
          <accessor source="#mixamorig_Spine-Matrix-animation-input-array" count="51">
            <param name="TIME" type="float"/>
          </accessor>
        </technique_common>
      </source>
      <source id="mixamorig_Spine-Matrix-animation-output-transform">
        <float_array id="mixamorig_Spine-Matrix-animation-output-transform-array" count="816">

0.996514 0.049266 0.067321 0.017300 -0.047750 0.998572 -0.023939 10.574800 -0.068404 0.020641 0.997444 -1.117200 0.000000 0.000000 0.000000 1.000000
0.998039 0.035123 0.051806 0.017300 -0.033734 0.999054 -0.027454 10.574800 -0.052721 0.025652 0.998280 -1.117200 0.000000 0.000000 0.000000 1.000000
0.999170 0.012845 0.038656 0.017300 -0.011781 0.999549 -0.027638 10.574800 -0.038994 0.027160 0.998870 -1.117200 0.000000 0.000000 0.000000 1.000000
0.999123 0.000327 0.041872 0.017300 0.000835 0.999615 -0.027744 10.574800 -0.041865 0.027754 0.998738 -1.117200 0.000000 0.000000 0.000000 1.000000
0.998650 -0.007331 0.051418 0.017300 0.008895 0.999502 -0.030262 10.574800 -0.051171 0.030678 0.998219 -1.117200 0.000000 0.000000 0.000000 1.000000
0.997940 -0.012970 0.062835 0.017300 0.015136 0.999303 -0.034125 10.574800 -0.062349 0.035006 0.997440 -1.117200 0.000000 0.000000 0.000000 1.000000
0.997104 -0.017572 0.073986 0.017300 0.020536 0.999009 -0.039491 10.574800 -0.073219 0.040896 0.996477 -1.117200 0.000000 0.000000 0.000000 1.000000
0.996578 -0.019702 0.080270 0.017300 0.023864 0.998402 -0.051225 10.574800 -0.079132 0.052965 0.995456 -1.117200 0.000000 0.000000 0.000000 1.000000
0.997944 -0.010851 0.063167 0.017300 0.016673 0.995584 -0.092381 10.574800 -0.061886 0.093244 0.993718 -1.117200 0.000000 0.000000 0.000000 1.000000
0.999286 0.017590 0.033433 0.017300 -0.012568 0.989366 -0.144905 10.574800 -0.035627 0.144382 0.988881 -1.117200 0.000000 0.000000 0.000000 1.000000
0.999481 0.031501 -0.006785 0.017300 -0.032199 0.984429 -0.172810 10.574800 0.001236 0.172939 0.984932 -1.117200 0.000000 0.000000 0.000000 1.000000
0.998770 0.015686 -0.047039 0.017300 -0.023601 0.984679 -0.172773 10.574800 0.043608 0.173670 0.983838 -1.117200 0.000000 0.000000 0.000000 1.000000
0.998993 0.000861 -0.044860 0.017300 -0.008167 0.986605 -0.162922 10.574800 0.044119 0.163124 0.985619 -1.117200 0.000000 0.000000 0.000000 1.000000
0.999782 -0.013671 0.015803 0.017300 0.016006 0.987213 -0.158599 10.574800 -0.013432 0.158818 0.987217 -1.117200 0.000000 0.000000 0.000000 1.000000
0.996389 -0.014553 0.083645 0.017300 0.027084 0.988210 -0.150688 10.574800 -0.080466 0.152409 0.985036 -1.117200 0.000000 0.000000 0.000000 1.000000
0.990249 -0.005482 0.139199 0.017300 0.024502 0.990503 -0.135292 10.574800 -0.137135 0.137384 0.980979 -1.117200 0.000000 0.000000 0.000000 1.000000
0.977950 0.012704 0.208452 0.017300 0.013011 0.992503 -0.121526 10.574800 -0.208433 0.121559 0.970453 -1.117200 0.000000 0.000000 0.000000 1.000000
0.950351 0.062317 0.304877 0.017300 -0.028190 0.992955 -0.115088 10.574800 -0.309901 0.100779 0.945413 -1.117200 0.000000 0.000000 0.000000 1.000000
0.918781 0.114915 0.377672 0.017300 -0.068581 0.988610 -0.133965 10.574800 -0.388765 0.097183 0.916197 -1.117200 0.000000 0.000000 0.000000 1.000000
0.917766 0.127751 0.376013 0.017300 -0.077201 0.986175 -0.146624 10.574800 -0.389546 0.105538 0.914940 -1.117200 0.000000 0.000000 0.000000 1.000000
0.924065 0.126515 0.360691 0.017300 -0.072890 0.984643 -0.158633 10.574800 -0.375221 0.120296 0.919096 -1.117200 0.000000 0.000000 0.000000 1.000000
0.932290 0.121304 0.340765 0.017300 -0.065398 0.983092 -0.171037 10.574800 -0.355751 0.137171 0.924460 -1.117200 0.000000 0.000000 0.000000 1.000000
0.945882 0.108782 0.305735 0.017300 -0.053670 0.981606 -0.183218 10.574800 -0.320042 0.156893 0.934322 -1.117200 0.000000 0.000000 0.000000 1.000000
0.960651 0.098429 0.259734 0.017300 -0.051451 0.981982 -0.181838 10.574800 -0.272952 0.161320 0.948406 -1.117200 0.000000 0.000000 0.000000 1.000000
0.973174 0.089965 0.211751 0.017300 -0.052757 0.983114 -0.175226 10.574800 -0.223939 0.159354 0.961487 -1.117200 0.000000 0.000000 0.000000 1.000000
0.983188 0.081875 0.163210 0.017300 -0.054158 0.984373 -0.167562 10.574800 -0.174378 0.155906 0.972258 -1.117200 0.000000 0.000000 0.000000 1.000000
0.990578 0.075629 0.114171 0.017300 -0.057619 0.986463 -0.153530 10.574800 -0.124237 0.145505 0.981526 -1.117200 0.000000 0.000000 0.000000 1.000000
0.995324 0.069732 0.066841 0.017300 -0.060124 0.988841 -0.136302 10.574800 -0.075600 0.131646 0.988410 -1.117200 0.000000 0.000000 0.000000 1.000000
0.997757 0.062100 0.025001 0.017300 -0.058666 0.991005 -0.120277 10.574800 -0.032246 0.118541 0.992425 -1.117200 0.000000 0.000000 0.000000 1.000000
0.998447 0.053801 -0.014477 0.017300 -0.055026 0.992966 -0.104833 10.574800 0.008735 0.105467 0.994384 -1.117200 0.000000 0.000000 0.000000 1.000000
0.997900 0.043077 -0.048377 0.017300 -0.047466 0.994481 -0.093564 10.574800 0.044079 0.095664 0.994437 -1.117200 0.000000 0.000000 0.000000 1.000000
0.998167 0.024036 -0.055541 0.017300 -0.029568 0.994444 -0.101027 10.574800 0.052804 0.102485 0.993332 -1.117200 0.000000 0.000000 0.000000 1.000000
0.999145 0.012831 -0.039307 0.017300 -0.017460 0.992646 -0.119789 10.574800 0.037481 0.120372 0.992021 -1.117200 0.000000 0.000000 0.000000 1.000000
0.999677 0.011163 -0.022847 0.017300 -0.013987 0.991751 -0.127418 10.574800 0.021236 0.127696 0.991586 -1.117200 0.000000 0.000000 0.000000 1.000000
0.999881 0.009762 -0.011976 0.017300 -0.011167 0.992280 -0.123517 10.574800 0.010678 0.123636 0.992270 -1.117200 0.000000 0.000000 0.000000 1.000000
0.999962 0.008551 -0.001933 0.017300 -0.008720 0.992961 -0.118118 10.574800 0.000909 0.118131 0.992998 -1.117200 0.000000 0.000000 0.000000 1.000000
0.999945 0.007566 0.007231 0.017300 -0.006706 0.993648 -0.112335 10.574800 -0.008035 0.112280 0.993644 -1.117200 0.000000 0.000000 0.000000 1.000000
0.999880 0.007586 0.013493 0.017300 -0.006107 0.994296 -0.106479 10.574800 -0.014223 0.106384 0.994223 -1.117200 0.000000 0.000000 0.000000 1.000000
0.999854 0.010425 0.013551 0.017300 -0.008988 0.994736 -0.102081 10.574800 -0.014544 0.101944 0.994684 -1.117200 0.000000 0.000000 0.000000 1.000000
0.999814 0.016214 0.010428 0.017300 -0.015109 0.995024 -0.098486 10.574800 -0.011973 0.098310 0.995084 -1.117200 0.000000 0.000000 0.000000 1.000000
0.999659 0.024023 0.010241 0.017300 -0.022964 0.995372 -0.093315 10.574800 -0.012435 0.093048 0.995584 -1.117200 0.000000 0.000000 0.000000 1.000000
0.999241 0.035081 0.016942 0.017300 -0.033518 0.995809 -0.085092 10.574800 -0.019856 0.084460 0.996229 -1.117200 0.000000 0.000000 0.000000 1.000000
0.998881 0.040587 0.024278 0.017300 -0.038572 0.996177 -0.078385 10.574800 -0.027366 0.077360 0.996628 -1.117200 0.000000 0.000000 0.000000 1.000000
0.998507 0.044484 0.031712 0.017300 -0.042105 0.996508 -0.072106 10.574800 -0.034809 0.070663 0.996893 -1.117200 0.000000 0.000000 0.000000 1.000000
0.998102 0.047518 0.039160 0.017300 -0.044865 0.996808 -0.066044 10.574800 -0.042173 0.064162 0.997048 -1.117200 0.000000 0.000000 0.000000 1.000000
0.997670 0.050208 0.046201 0.017300 -0.047405 0.997078 -0.059900 10.574800 -0.049073 0.057571 0.997135 -1.117200 0.000000 0.000000 0.000000 1.000000
0.997276 0.051686 0.052631 0.017300 -0.048855 0.997360 -0.053724 10.574800 -0.055269 0.051006 0.997168 -1.117200 0.000000 0.000000 0.000000 1.000000
0.997012 0.051989 0.057127 0.017300 -0.049337 0.997681 -0.046883 10.574800 -0.059432 0.043924 0.997266 -1.117200 0.000000 0.000000 0.000000 1.000000
0.996827 0.051592 0.060623 0.017300 -0.049247 0.998003 -0.039555 10.574800 -0.062542 0.036444 0.997377 -1.117200 0.000000 0.000000 0.000000 1.000000
0.996672 0.050512 0.063987 0.017300 -0.048553 0.998314 -0.031803 10.574800 -0.065486 0.028590 0.997444 -1.117200 0.000000 0.000000 0.000000 1.000000
0.996514 0.049266 0.067321 0.017300 -0.047750 0.998572 -0.023939 10.574800 -0.068404 0.020641 0.997444 -1.117200 0.000000 0.000000 0.000000 1.000000</float_array>
        <technique_common>
          <accessor source="#mixamorig_Spine-Matrix-animation-output-transform-array" count="51" stride="16">
            <param type="float4x4"/>
          </accessor>
        </technique_common>
      </source>
      <source id="mixamorig_Spine-Interpolations">
        <Name_array id="mixamorig_Spine-Interpolations-array" count="51">
 LINEAR LINEAR LINEAR LINEAR LINEAR LINEAR LINEAR LINEAR LINEAR LINEAR LINEAR
LINEAR LINEAR LINEAR LINEAR LINEAR LINEAR LINEAR LINEAR LINEAR LINEAR LINEAR LINEAR
LINEAR LINEAR LINEAR LINEAR LINEAR LINEAR LINEAR LINEAR LINEAR LINEAR LINEAR LINEAR
LINEAR LINEAR LINEAR LINEAR LINEAR LINEAR LINEAR LINEAR LINEAR LINEAR LINEAR LINEAR
LINEAR LINEAR LINEAR LINEAR</Name_array>
        <technique_common>
          <accessor source="#mixamorig_Spine-Interpolations-array" count="51">
            <param type="name"/>
          </accessor>
        </technique_common>
      </source>
      <sampler id="mixamorig_Spine-Matrix-animation-transform">
        <input semantic="INPUT" source="#mixamorig_Spine-Matrix-animation-input"/>
        <input semantic="OUTPUT" source="#mixamorig_Spine-Matrix-animation-output-transform"/>
        <input semantic="INTERPOLATION" source="#mixamorig_Spine-Interpolations"/>
      </sampler>
      <channel source="#mixamorig_Spine-Matrix-animation-transform" target="mixamorig_Spine/matrix"/>
    </animation>
    <animation id="mixamorig_Spine1-anim" name="mixamorig_Spine1">
      <source id="mixamorig_Spine1-Matrix-animation-input">
        <float_array id="mixamorig_Spine1-Matrix-animation-input-array" count="51">

0.000000 0.033333 0.066667 0.100000 0.133333 0.166667 0.200000 0.233333 0.266667 0.300000 0.333333 0.366667 0.400000 0.433333 0.466667 0.500000
0.533333 0.566667 0.600000 0.633333 0.666667 0.700000 0.733333 0.766667 0.800000 0.833333 0.866667 0.900000 0.933333 0.966667 1.000000 1.033333
1.066667 1.100000 1.133333 1.166667 1.200000 1.233333 1.266667 1.300000 1.333333 1.366667 1.400000 1.433333 1.466667 1.500000 1.533333 1.566667
1.600000 1.633333 1.666667</float_array>
        <technique_common>
          <accessor source="#mixamorig_Spine1-Matrix-animation-input-array" count="51">
            <param name="TIME" type="float"/>
          </accessor>
        </technique_common>
      </source>
      <source id="mixamorig_Spine1-Matrix-animation-output-transform">
        <float_array id="mixamorig_Spine1-Matrix-animation-output-transform-array" count="816">

0.998869 -0.042936 0.020427 -0.000000 0.043367 0.998836 -0.021132 12.406000 -0.019496 0.021994 0.999568 0.000000 0.000000 0.000000 0.000000 1.000000
0.999242 -0.035574 0.015786 0.000000 0.035816 0.999241 -0.015309 12.406000 -0.015229 0.015863 0.999758 -0.000000 0.000000 0.000000 0.000000 1.000000
0.999537 -0.028285 0.011227 0.000000 0.028369 0.999570 -0.007430 12.406000 -0.011012 0.007745 0.999909 -0.000000 0.000000 0.000000 0.000000 1.000000
0.999624 -0.025095 0.011078 0.000000 0.025092 0.999685 0.000438 12.406000 -0.011085 -0.000160 0.999939 0.000000 0.000000 0.000000 0.000000 1.000000
0.999624 -0.024335 0.012674 0.000000 0.024244 0.999680 0.007274 12.406000 -0.012847 -0.006964 0.999893 0.000000 0.000000 0.000000 0.000000 1.000000
0.999591 -0.024478 0.014806 0.000000 0.024277 0.999613 0.013564 12.406000 -0.015132 -0.013199 0.999798 -0.000000 0.000000 0.000000 0.000000 1.000000
0.999552 -0.024702 0.016905 0.000000 0.024374 0.999516 0.019341 12.406000 -0.017375 -0.018920 0.999670 0.000000 0.000000 0.000000 0.000000 1.000000
0.999540 -0.024516 0.017848 0.000000 0.024098 0.999439 0.023242 12.406000 -0.018408 -0.022801 0.999571 0.000000 0.000000 0.000000 0.000000 1.000000
0.999674 -0.021837 0.013200 -0.000000 0.021590 0.999594 0.018617 12.406000 -0.013601 -0.018326 0.999740 0.000000 0.000000 0.000000 0.000000 1.000000
0.999886 -0.013370 0.007074 0.000000 0.013296 0.999857 0.010470 12.406000 -0.007213 -0.010374 0.999920 -0.000000 0.000000 0.000000 0.000000 1.000000
0.999975 -0.006751 -0.002255 0.000000 0.006762 0.999966 0.004727 12.406000 0.002223 -0.004742 0.999986 -0.000000 0.000000 0.000000 0.000000 1.000000
0.999909 -0.003310 -0.013065 0.000000 0.003343 0.999991 0.002517 12.406000 0.013057 -0.002560 0.999911 0.000000 0.000000 0.000000 0.000000 1.000000
0.999900 -0.005194 -0.013159 0.000000 0.005180 0.999986 -0.001122 12.406000 0.013165 0.001054 0.999913 0.000000 0.000000 0.000000 0.000000 1.000000
0.999908 -0.013430 0.001633 -0.000000 0.013441 0.999888 -0.006627 12.406000 -0.001544 0.006648 0.999977 0.000000 0.000000 0.000000 0.000000 1.000000
0.999647 -0.017604 0.019888 0.000000 0.017844 0.999770 -0.011928 12.406000 -0.019674 0.012279 0.999731 -0.000000 0.000000 0.000000 0.000000 1.000000
0.999162 -0.020305 0.035550 0.000000 0.021008 0.999589 -0.019522 12.406000 -0.035139 0.020252 0.999177 0.000000 0.000000 0.000000 0.000000 1.000000
0.998204 -0.023129 0.055266 0.000000 0.024377 0.999461 -0.022010 12.406000 -0.054727 0.023318 0.998229 -0.000000 0.000000 0.000000 0.000000 1.000000
0.996195 -0.023849 0.083821 0.000000 0.025837 0.999408 -0.022710 12.406000 -0.083230 0.024789 0.996222 0.000000 0.000000 0.000000 0.000000 1.000000
0.994084 -0.020697 0.106620 0.000000 0.023930 0.999289 -0.029140 12.406000 -0.105941 0.031519 0.993873 0.000000 0.000000 0.000000 0.000000 1.000000
0.994186 -0.014572 0.106688 -0.000000 0.018853 0.999053 -0.039222 12.406000 -0.106016 0.041005 0.993519 0.000000 0.000000 0.000000 0.000000 1.000000
0.994694 -0.008009 0.102561 0.000000 0.013169 0.998676 -0.049732 12.406000 -0.102027 0.050819 0.993483 0.000000 0.000000 0.000000 0.000000 1.000000
0.995262 -0.001635 0.097214 -0.000000 0.007381 0.998244 -0.058780 12.406000 -0.096948 0.059219 0.993526 0.000000 0.000000 0.000000 0.000000 1.000000
0.996120 0.003710 0.087930 0.000000 0.001643 0.998154 -0.060718 12.406000 -0.087993 0.060627 0.994274 0.000000 0.000000 0.000000 0.000000 1.000000
0.997098 0.008386 0.075662 -0.000000 -0.004175 0.998442 -0.055639 12.406000 -0.076011 0.055162 0.995580 0.000000 0.000000 0.000000 0.000000 1.000000
0.997933 0.012980 0.062937 -0.000000 -0.009897 0.998747 -0.049049 12.406000 -0.063495 0.048325 0.996811 0.000000 0.000000 0.000000 0.000000 1.000000
0.998587 0.017474 0.050178 0.000000 -0.015370 0.998999 -0.042012 12.406000 -0.050862 0.041181 0.997856 0.000000 0.000000 0.000000 0.000000 1.000000
0.999074 0.021566 0.037224 -0.000000 -0.020326 0.999236 -0.033376 12.406000 -0.037916 0.032588 0.998749 0.000000 0.000000 0.000000 0.000000 1.000000
0.999385 0.024993 0.024616 0.000000 -0.024404 0.999415 -0.023955 12.406000 -0.025200 0.023340 0.999410 0.000000 0.000000 0.000000 0.000000 1.000000
0.999543 0.027180 0.013244 0.000000 -0.026983 0.999527 -0.014784 12.406000 -0.013639 0.014420 0.999803 -0.000000 0.000000 0.000000 0.000000 1.000000
0.999582 0.028814 0.002399 0.000000 -0.028800 0.999569 -0.005657 12.406000 -0.002561 0.005586 0.999981 0.000000 0.000000 0.000000 0.000000 1.000000
0.999543 0.029362 -0.007150 0.000000 -0.029344 0.999566 0.002611 12.406000 0.007223 -0.002400 0.999971 0.000000 0.000000 0.000000 0.000000 1.000000
0.999622 0.025505 -0.010249 0.000000 -0.025439 0.999655 0.006538 12.406000 0.010412 -0.006275 0.999926 0.000000 0.000000 0.000000 0.000000 1.000000
0.999758 0.020970 -0.006705 0.000000 -0.020918 0.999752 0.007698 12.406000 0.006865 -0.007556 0.999948 0.000000 0.000000 0.000000 0.000000 1.000000
0.999823 0.018616 -0.002655 0.000000 -0.018592 0.999788 0.008845 12.406000 0.002819 -0.008794 0.999957 0.000000 0.000000 0.000000 0.000000 1.000000
0.999858 0.016853 -0.000288 0.000000 -0.016849 0.999813 0.009449 12.406000 0.000448 -0.009443 0.999955 0.000000 0.000000 0.000000 0.000000 1.000000
0.999883 0.015165 0.001836 -0.000000 -0.015182 0.999835 0.009974 12.406000 -0.001684 -0.010001 0.999949 0.000000 0.000000 0.000000 0.000000 1.000000
0.999902 0.013493 0.003746 0.000000 -0.013532 0.999854 0.010395 12.406000 -0.003606 -0.010444 0.999939 0.000000 0.000000 0.000000 0.000000 1.000000
0.999918 0.011820 0.004996 0.000000 -0.011872 0.999875 0.010438 12.406000 -0.004872 -0.010496 0.999933 0.000000 0.000000 0.000000 0.000000 1.000000
0.999937 0.010075 0.004903 -0.000000 -0.010122 0.999902 0.009670 12.406000 -0.004805 -0.009719 0.999941 -0.000000 0.000000 0.000000 0.000000 1.000000
0.999957 0.008351 0.004096 0.000000 -0.008385 0.999928 0.008545 12.406000 -0.004025 -0.008579 0.999955 -0.000000 0.000000 0.000000 0.000000 1.000000
0.999969 0.006933 0.003718 0.000000 -0.006964 0.999942 0.008246 12.406000 -0.003660 -0.008272 0.999959 0.000000 0.000000 0.000000 0.000000 1.000000
0.999975 0.005541 0.004430 0.000000 -0.005581 0.999942 0.009186 12.406000 -0.004379 -0.009211 0.999948 0.000000 0.000000 0.000000 0.000000 1.000000
0.999979 0.002271 0.005988 0.000000 -0.002316 0.999969 0.007491 12.406000 -0.005971 -0.007504 0.999954 0.000000 0.000000 0.000000 0.000000 1.000000
0.999968 -0.001575 0.007781 -0.000000 0.001536 0.999986 0.005036 12.406000 -0.007789 -0.005024 0.999957 0.000000 0.000000 0.000000 0.000000 1.000000
0.999937 -0.005739 0.009693 0.000000 0.005718 0.999981 0.002191 12.406000 -0.009706 -0.002135 0.999951 0.000000 0.000000 0.000000 0.000000 1.000000
0.999881 -0.010142 0.011589 0.000000 0.010152 0.999948 -0.000776 12.406000 -0.011581 0.000893 0.999933 -0.000000 0.000000 0.000000 0.000000 1.000000
0.999793 -0.015170 0.013560 0.000000 0.015230 0.999875 -0.004263 12.406000 -0.013493 0.004468 0.999899 0.000000 0.000000 0.000000 0.000000 1.000000
0.999657 -0.021181 0.015399 0.000000 0.021309 0.999739 -0.008181 12.406000 -0.015222 0.008506 0.999848 0.000000 0.000000 0.000000 0.000000 1.000000
0.999464 -0.027877 0.017135 -0.000000 0.028090 0.999529 -0.012333 12.406000 -0.016783 0.012808 0.999777 0.000000 0.000000 0.000000 0.000000 1.000000
0.999200 -0.035315 0.018792 0.000000 0.035630 0.999225 -0.016714 12.406000 -0.018187 0.017370 0.999684 -0.000000 0.000000 0.000000 0.000000 1.000000
0.998869 -0.042936 0.020427 0.000000 0.043367 0.998836 -0.021132 12.406000 -0.019496 0.021994 0.999568 -0.000000 0.000000 0.000000 0.000000 1.000000</float_array>
        <technique_common>
          <accessor source="#mixamorig_Spine1-Matrix-animation-output-transform-array" count="51" stride="16">
            <param type="float4x4"/>
          </accessor>
        </technique_common>
      </source>
      <source id="mixamorig_Spine1-Interpolations">
        <Name_array id="mixamorig_Spine1-Interpolations-array" count="51">
 LINEAR LINEAR LINEAR LINEAR LINEAR LINEAR LINEAR LINEAR LINEAR LINEAR LINEAR
LINEAR LINEAR LINEAR LINEAR LINEAR LINEAR LINEAR LINEAR LINEAR LINEAR LINEAR LINEAR
LINEAR LINEAR LINEAR LINEAR LINEAR LINEAR LINEAR LINEAR LINEAR LINEAR LINEAR LINEAR
LINEAR LINEAR LINEAR LINEAR LINEAR LINEAR LINEAR LINEAR LINEAR LINEAR LINEAR LINEAR
LINEAR LINEAR LINEAR LINEAR</Name_array>
        <technique_common>
          <accessor source="#mixamorig_Spine1-Interpolations-array" count="51">
            <param type="name"/>
          </accessor>
        </technique_common>
      </source>
      <sampler id="mixamorig_Spine1-Matrix-animation-transform">
        <input semantic="INPUT" source="#mixamorig_Spine1-Matrix-animation-input"/>
        <input semantic="OUTPUT" source="#mixamorig_Spine1-Matrix-animation-output-transform"/>
        <input semantic="INTERPOLATION" source="#mixamorig_Spine1-Interpolations"/>
      </sampler>
      <channel source="#mixamorig_Spine1-Matrix-animation-transform" target="mixamorig_Spine1/matrix"/>
    </animation>
    <animation id="mixamorig_Spine2-anim" name="mixamorig_Spine2">
      <source id="mixamorig_Spine2-Matrix-animation-input">
        <float_array id="mixamorig_Spine2-Matrix-animation-input-array" count="51">

0.000000 0.033333 0.066667 0.100000 0.133333 0.166667 0.200000 0.233333 0.266667 0.300000 0.333333 0.366667 0.400000 0.433333 0.466667 0.500000
0.533333 0.566667 0.600000 0.633333 0.666667 0.700000 0.733333 0.766667 0.800000 0.833333 0.866667 0.900000 0.933333 0.966667 1.000000 1.033333
1.066667 1.100000 1.133333 1.166667 1.200000 1.233333 1.266667 1.300000 1.333333 1.366667 1.400000 1.433333 1.466667 1.500000 1.533333 1.566667
1.600000 1.633333 1.666667</float_array>
        <technique_common>
          <accessor source="#mixamorig_Spine2-Matrix-animation-input-array" count="51">
            <param name="TIME" type="float"/>
          </accessor>
        </technique_common>
      </source>
      <source id="mixamorig_Spine2-Matrix-animation-output-transform">
        <float_array id="mixamorig_Spine2-Matrix-animation-output-transform-array" count="816">

0.999542 -0.019835 0.022868 0.000000 0.022207 0.993834 -0.108633 14.178300 -0.020573 0.109091 0.993819 0.000000 0.000000 0.000000 0.000000 1.000000
0.999709 -0.016272 0.017797 0.000000 0.018060 0.994264 -0.105417 14.178300 -0.015980 0.105708 0.994269 0.000000 0.000000 0.000000 0.000000 1.000000
0.999830 -0.013262 0.012807 0.000000 0.014484 0.994828 -0.100541 14.178300 -0.011407 0.100709 0.994851 -0.000000 0.000000 0.000000 0.000000 1.000000
0.999830 -0.013469 0.012557 0.000000 0.014606 0.995332 -0.095398 14.178300 -0.011214 0.095565 0.995360 0.000000 0.000000 0.000000 0.000000 1.000000
0.999777 -0.015605 0.014238 0.000000 0.016838 0.995705 -0.091034 14.178300 -0.012756 0.091254 0.995746 0.000000 0.000000 0.000000 0.000000 1.000000
0.999695 -0.018386 0.016517 -0.000000 0.019757 0.996005 -0.087083 14.178300 -0.014850 0.087383 0.996064 -0.000000 0.000000 0.000000 0.000000 1.000000
0.999598 -0.021246 0.018770 0.000000 0.022744 0.996245 -0.083534 14.178300 -0.016925 0.083928 0.996328 0.000000 0.000000 0.000000 0.000000 1.000000
0.999530 -0.023395 0.019807 0.000000 0.024937 0.996358 -0.081543 14.178300 -0.017828 0.081999 0.996473 0.000000 0.000000 0.000000 0.000000 1.000000
0.999647 -0.021981 0.014950 -0.000000 0.023197 0.995965 -0.086698 14.178300 -0.012984 0.087014 0.996122 -0.000000 0.000000 0.000000 0.000000 1.000000
0.999867 -0.014132 0.008158 0.000000 0.014841 0.995395 -0.094701 14.178300 -0.006782 0.094809 0.995472 0.000000 0.000000 0.000000 0.000000 1.000000
0.999962 -0.008564 -0.001659 0.000000 0.008355 0.994917 -0.100353 14.178300 0.002510 0.100335 0.994951 0.000000 0.000000 0.000000 0.000000 1.000000
0.999899 -0.006391 -0.012703 0.000000 0.005055 0.994719 -0.102509 14.178300 0.013291 0.102434 0.994651 0.000000 0.000000 0.000000 0.000000 1.000000
0.999885 -0.008313 -0.012661 -0.000000 0.006924 0.994331 -0.106106 14.178300 0.013471 0.106006 0.994274 0.000000 0.000000 0.000000 0.000000 1.000000
0.999887 -0.014785 0.002678 0.000000 0.014992 0.993633 -0.111662 14.178300 -0.001010 0.111690 0.993743 0.000000 0.000000 0.000000 0.000000 1.000000
0.999636 -0.016677 0.021187 0.000000 0.019048 0.992931 -0.117158 14.178300 -0.019084 0.117519 0.992887 -0.000000 0.000000 0.000000 0.000000 1.000000
0.999166 -0.017302 0.036974 0.000000 0.021800 0.991926 -0.124934 14.178300 -0.034514 0.125636 0.991476 0.000000 0.000000 0.000000 0.000000 1.000000
0.998233 -0.017598 0.056762 0.000000 0.024742 0.991501 -0.127721 14.178300 -0.054032 0.128899 0.990185 0.000000 0.000000 0.000000 0.000000 1.000000
0.996262 -0.014797 0.085106 0.000000 0.025712 0.991360 -0.128624 14.178300 -0.082467 0.130331 0.988035 0.000000 0.000000 0.000000 0.000000 1.000000
0.994194 -0.008512 0.107267 0.000000 0.023040 0.990587 -0.134930 14.178300 -0.105108 0.136618 0.985032 0.000000 0.000000 0.000000 0.000000 1.000000
0.994310 -0.001775 0.106508 0.000000 0.017263 0.989330 -0.144665 14.178300 -0.105114 0.145680 0.983732 -0.000000 0.000000 0.000000 0.000000 1.000000
0.994813 0.004876 0.101607 -0.000000 0.010966 0.987890 -0.154767 14.178300 -0.101131 0.155078 0.982712 0.000000 0.000000 0.000000 0.000000 1.000000
0.995358 0.011119 0.095593 -0.000000 0.004675 0.986545 -0.163424 14.178300 -0.096124 0.163113 0.981914 -0.000000 0.000000 0.000000 0.000000 1.000000
0.996169 0.015555 0.086053 0.000000 -0.001132 0.986264 -0.165175 14.178300 -0.087440 0.164445 0.982503 0.000000 0.000000 0.000000 0.000000 1.000000
0.997102 0.018620 0.073766 0.000000 -0.006588 0.987078 -0.160104 14.178300 -0.075794 0.159154 0.984340 -0.000000 0.000000 0.000000 0.000000 1.000000
0.997904 0.021470 0.061042 -0.000000 -0.011865 0.988068 -0.153563 14.178300 -0.063611 0.152517 0.986252 0.000000 0.000000 0.000000 0.000000 1.000000
0.998540 0.024196 0.048291 0.000000 -0.016877 0.989053 -0.146592 14.178300 -0.051309 0.145563 0.988018 0.000000 0.000000 0.000000 0.000000 1.000000
0.999025 0.026409 0.035372 -0.000000 -0.021287 0.990194 -0.138070 14.178300 -0.038672 0.137182 0.989791 0.000000 0.000000 0.000000 0.000000 1.000000
0.999349 0.027951 0.022824 -0.000000 -0.024786 0.991362 -0.128790 14.178300 -0.026226 0.128140 0.991409 0.000000 0.000000 0.000000 0.000000 1.000000
0.999530 0.028396 0.011540 -0.000000 -0.026812 0.992441 -0.119760 14.178300 -0.014854 0.119394 0.992736 0.000000 0.000000 0.000000 0.000000 1.000000
0.999598 0.028348 0.000797 0.000000 -0.028085 0.993448 -0.110777 14.178300 -0.003932 0.110710 0.993845 0.000000 0.000000 0.000000 0.000000 1.000000
0.999587 0.027398 -0.008633 -0.000000 -0.028140 0.994321 -0.102635 14.178300 0.005772 0.102836 0.994682 0.000000 0.000000 0.000000 0.000000 1.000000
0.999670 0.022967 -0.011548 0.000000 -0.023996 0.994825 -0.098729 14.178300 0.009220 0.098973 0.995047 0.000000 0.000000 0.000000 0.000000 1.000000
0.999793 0.018765 -0.007844 -0.000000 -0.019441 0.995045 -0.097508 14.178300 0.005975 0.097640 0.995204 0.000000 0.000000 0.000000 0.000000 1.000000
0.999852 0.016829 -0.003624 -0.000000 -0.017100 0.995204 -0.096316 14.178300 0.001985 0.096363 0.995344 0.000000 0.000000 0.000000 0.000000 1.000000
0.999882 0.015331 -0.000963 0.000000 -0.015353 0.995292 -0.095694 14.178300 -0.000508 0.095698 0.995410 0.000000 0.000000 0.000000 0.000000 1.000000
0.999903 0.013885 0.001476 0.000000 -0.013681 0.995368 -0.095156 14.178300 -0.002791 0.095127 0.995461 -0.000000 0.000000 0.000000 0.000000 1.000000
0.999916 0.012438 0.003739 -0.000000 -0.012028 0.995431 -0.094724 14.178300 -0.004900 0.094671 0.995497 -0.000000 0.000000 0.000000 0.000000 1.000000
0.999925 0.010932 0.005472 0.000000 -0.010365 0.995454 -0.094676 14.178300 -0.006482 0.094612 0.995493 0.000000 0.000000 0.000000 0.000000 1.000000
0.999938 0.009241 0.006162 -0.000000 -0.008611 0.995397 -0.095449 14.178300 -0.007016 0.095390 0.995415 -0.000000 0.000000 0.000000 0.000000 1.000000
0.999952 0.007518 0.006322 -0.000000 -0.006872 0.995301 -0.096584 14.178300 -0.007018 0.096536 0.995305 0.000000 0.000000 0.000000 0.000000 1.000000
0.999958 0.006142 0.006787 0.000000 -0.005456 0.995281 -0.096885 14.178300 -0.007350 0.096844 0.995272 -0.000000 0.000000 0.000000 0.000000 1.000000
0.999955 0.005408 0.007756 0.000000 -0.004643 0.995418 -0.095505 14.178300 -0.008237 0.095465 0.995399 0.000000 0.000000 0.000000 0.000000 1.000000
0.999951 0.003941 0.009056 -0.000000 -0.003055 0.995390 -0.095860 14.178300 -0.009392 0.095827 0.995354 0.000000 0.000000 0.000000 0.000000 1.000000
0.999943 0.002233 0.010458 -0.000000 -0.001211 0.995311 -0.096717 14.178300 -0.010625 0.096699 0.995257 -0.000000 0.000000 0.000000 0.000000 1.000000
0.999929 0.000384 0.011915 0.000000 0.000784 0.995202 -0.097837 14.178300 -0.011895 0.097839 0.995131 -0.000000 0.000000 0.000000 0.000000 1.000000
0.999909 -0.001642 0.013413 -0.000000 0.002963 0.995079 -0.099040 14.178300 -0.013185 0.099070 0.994993 0.000000 0.000000 0.000000 0.000000 1.000000
0.999879 -0.004052 0.015020 0.000000 0.005543 0.994913 -0.100588 14.178300 -0.014536 0.100659 0.994815 -0.000000 0.000000 0.000000 0.000000 1.000000
0.999833 -0.007234 0.016793 0.000000 0.008917 0.994702 -0.102415 14.178300 -0.015963 0.102548 0.994600 -0.000000 0.000000 0.000000 0.000000 1.000000
0.999765 -0.010975 0.018695 -0.000000 0.012869 0.994453 -0.104390 14.178300 -0.017446 0.104606 0.994361 0.000000 0.000000 0.000000 0.000000 1.000000
0.999667 -0.015329 0.020762 0.000000 0.017456 0.994159 -0.106502 14.178300 -0.019008 0.106829 0.994096 0.000000 0.000000 0.000000 0.000000 1.000000
0.999542 -0.019835 0.022868 0.000000 0.022207 0.993834 -0.108633 14.178300 -0.020572 0.109091 0.993819 -0.000000 0.000000 0.000000 0.000000 1.000000</float_array>
        <technique_common>
          <accessor source="#mixamorig_Spine2-Matrix-animation-output-transform-array" count="51" stride="16">
            <param type="float4x4"/>
          </accessor>
        </technique_common>
      </source>
      <source id="mixamorig_Spine2-Interpolations">
        <Name_array id="mixamorig_Spine2-Interpolations-array" count="51">
 LINEAR LINEAR LINEAR LINEAR LINEAR LINEAR LINEAR LINEAR LINEAR LINEAR LINEAR
LINEAR LINEAR LINEAR LINEAR LINEAR LINEAR LINEAR LINEAR LINEAR LINEAR LINEAR LINEAR
