<?xml version="1.0" encoding="utf-8"?>
<COLLADA xmlns="http://www.collada.org/2005/11/COLLADASchema" version="1.4.1">
  <asset>
    <contributor>
      <author>Mixamo</author>
      <authoring_tool>COLLADA Mixamo exporter</authoring_tool>
      <comments/>
    </contributor>
    <created>2022-12-10T03:37:55Z</created>
    <modified>2022-12-10T03:37:55Z</modified>
    <revision/>
    <title/>
    <unit meter="0.010000"/>
    <up_axis>Y_UP</up_axis>
  </asset>
  <library_animations>
    <animation id="mixamorig_Hips-anim" name="mixamorig_Hips">
      <source id="mixamorig_Hips-Matrix-animation-input">
        <float_array id="mixamorig_Hips-Matrix-animation-input-array" count="42">

0.000000 0.033333 0.066667 0.100000 0.133333 0.166667 0.200000 0.233333 0.266667 0.300000 0.333333 0.366667 0.400000 0.433333 0.466667 0.500000
0.533333 0.566667 0.600000 0.633333 0.666667 0.700000 0.733333 0.766667 0.800000 0.833333 0.866667 0.900000 0.933333 0.966667 1.000000 1.033333
1.066667 1.100000 1.133333 1.166667 1.200000 1.233333 1.266667 1.300000 1.333333 1.366667</float_array>
        <technique_common>
          <accessor source="#mixamorig_Hips-Matrix-animation-input-array" count="42">
            <param name="TIME" type="float"/>
          </accessor>
        </technique_common>
      </source>
      <source id="mixamorig_Hips-Matrix-animation-output-transform">
        <float_array id="mixamorig_Hips-Matrix-animation-output-transform-array" count="672">

0.772667 -0.195740 -0.603880 0.016704 0.126356 0.979662 -0.155871 41.088875 0.622109 0.044133 0.781686 0.053638 0.000000 0.000000 0.000000 1.000000
0.775818 -0.185994 -0.602920 -0.030700 0.115136 0.981253 -0.154551 41.067307 0.620363 0.050486 0.782689 -0.332423 0.000000 0.000000 0.000000 1.000000
0.778873 -0.176236 -0.601912 0.326408 0.103860 0.982701 -0.153335 41.071632 0.618523 0.056914 0.783703 -0.460888 0.000000 0.000000 0.000000 1.000000
0.782011 -0.166648 -0.600572 0.948005 0.092348 0.983936 -0.152778 41.290615 0.616385 0.064012 0.784839 0.093712 0.000000 0.000000 0.000000 1.000000
0.786606 -0.159079 -0.596612 1.778963 0.076267 0.983875 -0.161782 41.666988 0.612727 0.081757 0.786054 1.035363 0.000000 0.000000 0.000000 1.000000
0.793356 -0.154101 -0.588930 2.704787 0.055779 0.981761 -0.181751 42.111687 0.606197 0.111343 0.787482 2.053479 0.000000 0.000000 0.000000 1.000000
0.804893 -0.155924 -0.572568 3.785587 0.038193 0.976474 -0.212227 42.755722 0.592189 0.148952 0.791912 3.068667 0.000000 0.000000 0.000000 1.000000
0.819215 -0.172490 -0.546932 5.134128 0.023462 0.962978 -0.268558 43.596893 0.573007 0.207175 0.792932 4.306376 0.000000 0.000000 0.000000 1.000000
0.831902 -0.192666 -0.520403 6.735274 0.013874 0.944721 -0.327581 44.771660 0.554749 0.265295 0.788589 6.142666 0.000000 0.000000 0.000000 1.000000
0.838584 -0.224519 -0.496355 8.363949 0.035034 0.931463 -0.362145 46.470306 0.543645 0.286300 0.788976 8.663399 0.000000 0.000000 0.000000 1.000000
0.841471 -0.260005 -0.473629 9.758291 0.074976 0.924309 -0.374207 48.293957 0.535075 0.279373 0.797274 11.439116 0.000000 0.000000 0.000000 1.000000
0.852450 -0.273236 -0.445725 11.226135 0.117069 0.930672 -0.346620 50.045464 0.509532 0.243296 0.825339 14.583542 0.000000 0.000000 0.000000 1.000000
0.869442 -0.264940 -0.416985 12.399873 0.140690 0.941874 -0.305091 51.861397 0.473578 0.206593 0.856179 17.717573 0.000000 0.000000 0.000000 1.000000
0.889459 -0.247383 -0.384271 13.602950 0.148241 0.951538 -0.269445 53.437447 0.432304 0.182696 0.883026 21.045492 0.000000 0.000000 0.000000 1.000000
0.910029 -0.236279 -0.340618 14.725856 0.153105 0.955140 -0.253509 54.804897 0.385236 0.178550 0.905380 24.147100 0.000000 0.000000 0.000000 1.000000
0.929369 -0.228795 -0.289699 15.525581 0.154331 0.953710 -0.258108 55.203972 0.335343 0.195169 0.921659 27.392826 0.000000 0.000000 0.000000 1.000000
0.948535 -0.202059 -0.243831 15.945819 0.125593 0.946869 -0.296083 53.747330 0.290703 0.250222 0.923516 31.010084 0.000000 0.000000 0.000000 1.000000
0.965802 -0.162501 -0.202040 16.315235 0.085076 0.934703 -0.345098 51.653900 0.244926 0.316107 0.916563 34.738235 0.000000 0.000000 0.000000 1.000000
0.979233 -0.116334 -0.166040 16.595295 0.041666 0.916981 -0.396749 49.308743 0.198411 0.381591 0.902785 38.274204 0.000000 0.000000 0.000000 1.000000
0.988091 -0.070937 -0.136543 16.742201 0.003239 0.896784 -0.442457 47.115654 0.153836 0.436746 0.886334 41.326393 0.000000 0.000000 0.000000 1.000000
0.992993 -0.034114 -0.113142 16.710516 -0.023803 0.880063 -0.474260 45.496162 0.115751 0.473630 0.873084 43.615509 0.000000 0.000000 0.000000 1.000000
0.995632 -0.008653 -0.092967 16.386314 -0.038466 0.869259 -0.492858 44.567238 0.085077 0.494281 0.865129 45.017174 0.000000 0.000000 0.000000 1.000000
0.997002 0.008950 -0.076850 15.804923 -0.046705 0.861506 -0.505595 44.067764 0.061682 0.507669 0.859342 45.706135 0.000000 0.000000 0.000000 1.000000
0.997361 0.020526 -0.069639 15.147030 -0.053561 0.855569 -0.514911 43.852261 0.049012 0.517282 0.854411 45.861809 0.000000 0.000000 0.000000 1.000000
0.996350 0.026947 -0.080993 14.614120 -0.065380 0.850947 -0.521167 43.840897 0.054877 0.524560 0.849603 45.507156 0.000000 0.000000 0.000000 1.000000
0.992784 0.020397 -0.118167 14.240654 -0.079445 0.850011 -0.520740 44.171410 0.089822 0.526370 0.845498 44.359558 0.000000 0.000000 0.000000 1.000000
0.985382 -0.003492 -0.170324 13.910402 -0.086222 0.852061 -0.516292 44.781059 0.146930 0.523431 0.839305 42.655083 0.000000 0.000000 0.000000 1.000000
0.970882 -0.037080 -0.236670 13.596555 -0.090226 0.858596 -0.504650 45.584946 0.221916 0.511310 0.830250 40.535297 0.000000 0.000000 0.000000 1.000000
0.942747 -0.084248 -0.322691 13.106956 -0.084239 0.876041 -0.474821 46.749882 0.322694 0.474820 0.818789 37.325623 0.000000 0.000000 0.000000 1.000000
0.910839 -0.129985 -0.391760 12.283628 -0.070194 0.886515 -0.457344 47.909088 0.406749 0.444067 0.798348 33.782074 0.000000 0.000000 0.000000 1.000000
0.874880 -0.173950 -0.452026 11.322459 -0.052204 0.893976 -0.445063 49.027046 0.481519 0.412974 0.773041 30.084444 0.000000 0.000000 0.000000 1.000000
0.836710 -0.214354 -0.503953 10.255398 -0.029923 0.900948 -0.432895 49.977993 0.546828 0.377287 0.747418 26.258369 0.000000 0.000000 0.000000 1.000000
0.798214 -0.248778 -0.548603 9.120082 -0.002159 0.909546 -0.415598 50.634140 0.602371 0.332920 0.725475 22.335024 0.000000 0.000000 0.000000 1.000000
0.767434 -0.271364 -0.580867 7.821750 0.037856 0.923607 -0.381467 50.485073 0.640010 0.270761 0.719080 18.228592 0.000000 0.000000 0.000000 1.000000
0.743625 -0.283062 -0.605721 6.470416 0.083868 0.938294 -0.335516 49.672863 0.663316 0.198698 0.721478 14.179070 0.000000 0.000000 0.000000 1.000000
0.725626 -0.280976 -0.628107 5.230940 0.123606 0.951207 -0.282714 48.666119 0.676896 0.127507 0.724951 10.610844 0.000000 0.000000 0.000000 1.000000
0.718837 -0.267362 -0.641709 4.043562 0.146731 0.960642 -0.235876 47.321724 0.679517 0.075398 0.729776 7.735482 0.000000 0.000000 0.000000 1.000000
0.721792 -0.253199 -0.644132 2.912746 0.149553 0.965750 -0.212037 45.755116 0.675759 0.056715 0.734938 5.409492 0.000000 0.000000 0.000000 1.000000
0.731171 -0.239562 -0.638748 1.972901 0.143521 0.969377 -0.199276 44.319756 0.666926 0.054031 0.743163 3.628228 0.000000 0.000000 0.000000 1.000000
0.744538 -0.225095 -0.628486 1.121758 0.137969 0.972998 -0.185038 42.835556 0.653167 0.051056 0.755490 2.095938 0.000000 0.000000 0.000000 1.000000
0.758920 -0.210378 -0.616264 0.399915 0.132336 0.976454 -0.170369 41.575977 0.637595 0.047743 0.768891 0.804847 0.000000 0.000000 0.000000 1.000000
0.772667 -0.195740 -0.603880 0.016705 0.126356 0.979662 -0.155871 41.088867 0.622109 0.044133 0.781686 0.053637 0.000000 0.000000 0.000000 1.000000</float_array>
        <technique_common>
          <accessor source="#mixamorig_Hips-Matrix-animation-output-transform-array" count="42" stride="16">
            <param type="float4x4"/>
          </accessor>
        </technique_common>
      </source>
      <source id="mixamorig_Hips-Interpolations">
        <Name_array id="mixamorig_Hips-Interpolations-array" count="42">
 LINEAR LINEAR LINEAR LINEAR LINEAR LINEAR LINEAR LINEAR LINEAR LINEAR LINEAR
LINEAR LINEAR LINEAR LINEAR LINEAR LINEAR LINEAR LINEAR LINEAR LINEAR LINEAR LINEAR
LINEAR LINEAR LINEAR LINEAR LINEAR LINEAR LINEAR LINEAR LINEAR LINEAR LINEAR LINEAR
LINEAR LINEAR LINEAR LINEAR LINEAR LINEAR LINEAR</Name_array>
        <technique_common>
          <accessor source="#mixamorig_Hips-Interpolations-array" count="42">
            <param type="name"/>
          </accessor>
        </technique_common>
      </source>
      <sampler id="mixamorig_Hips-Matrix-animation-transform">
        <input semantic="INPUT" source="#mixamorig_Hips-Matrix-animation-input"/>
        <input semantic="OUTPUT" source="#mixamorig_Hips-Matrix-animation-output-transform"/>
        <input semantic="INTERPOLATION" source="#mixamorig_Hips-Interpolations"/>
      </sampler>
      <channel source="#mixamorig_Hips-Matrix-animation-transform" target="mixamorig_Hips/matrix"/>
    </animation>
    <animation id="mixamorig_Spine-anim" name="mixamorig_Spine">
      <source id="mixamorig_Spine-Matrix-animation-input">
        <float_array id="mixamorig_Spine-Matrix-animation-input-array" count="42">

0.000000 0.033333 0.066667 0.100000 0.133333 0.166667 0.200000 0.233333 0.266667 0.300000 0.333333 0.366667 0.400000 0.433333 0.466667 0.500000
0.533333 0.566667 0.600000 0.633333 0.666667 0.700000 0.733333 0.766667 0.800000 0.833333 0.866667 0.900000 0.933333 0.966667 1.000000 1.033333
1.066667 1.100000 1.133333 1.166667 1.200000 1.233333 1.266667 1.300000 1.333333 1.366667</float_array>
        <technique_common>
          <accessor source="#mixamorig_Spine-Matrix-animation-input-array" count="42">
            <param name="TIME" type="float"/>
          </accessor>
        </technique_common>
      </source>
      <source id="mixamorig_Spine-Matrix-animation-output-transform">
        <float_array id="mixamorig_Spine-Matrix-animation-output-transform-array" count="672">

0.954729 0.261023 0.142686 0.017300 -0.186242 0.898500 -0.397506 10.574800 -0.231962 0.352937 0.906438 -1.117200 0.000000 0.000000 0.000000 1.000000
0.956489 0.255429 0.141011 0.017300 -0.181596 0.899454 -0.397498 10.574800 -0.228365 0.354595 0.906704 -1.117200 0.000000 0.000000 0.000000 1.000000
0.958540 0.249674 0.137346 0.017300 -0.176882 0.899212 -0.400164 10.574800 -0.223414 0.359279 0.906093 -1.117200 0.000000 0.000000 0.000000 1.000000
0.962427 0.238982 0.128923 0.017300 -0.170530 0.901429 -0.397925 10.574800 -0.211312 0.360989 0.908314 -1.117200 0.000000 0.000000 0.000000 1.000000
0.968806 0.220971 0.112195 0.017300 -0.162148 0.907570 -0.387329 10.574800 -0.187413 0.357055 0.915089 -1.117200 0.000000 0.000000 0.000000 1.000000
0.976564 0.197158 0.086325 0.017300 -0.152507 0.916894 -0.368846 10.574800 -0.151872 0.347036 0.925473 -1.117200 0.000000 0.000000 0.000000 1.000000
0.984365 0.167145 0.055569 0.017300 -0.138802 0.930313 -0.339487 10.574800 -0.108440 0.326466 0.938968 -1.117200 0.000000 0.000000 0.000000 1.000000
0.991478 0.127228 0.028013 0.017300 -0.113423 0.948805 -0.294796 10.574800 -0.064085 0.289107 0.955149 -1.117200 0.000000 0.000000 0.000000 1.000000
0.996543 0.082192 0.012114 0.017300 -0.076824 0.967169 -0.242246 10.574800 -0.031627 0.240478 0.970139 -1.117200 0.000000 0.000000 0.000000 1.000000
0.998678 0.049661 0.013298 0.017300 -0.045968 0.978395 -0.201571 10.574800 -0.023021 0.200693 0.979384 -1.117200 0.000000 0.000000 0.000000 1.000000
0.998629 0.041171 0.032329 0.017300 -0.034317 0.981259 -0.189611 10.574800 -0.039530 0.188241 0.981327 -1.117200 0.000000 0.000000 0.000000 1.000000
0.996442 0.047539 0.069597 0.017300 -0.032226 0.977900 -0.206576 10.574800 -0.077880 0.203598 0.975952 -1.117200 0.000000 0.000000 0.000000 1.000000
0.990176 0.051148 0.130136 0.017300 -0.019444 0.972019 -0.234095 10.574800 -0.138468 0.229265 0.963465 -1.117200 0.000000 0.000000 0.000000 1.000000
0.975320 0.045944 0.215962 0.017300 0.009568 0.968398 -0.249228 10.574800 -0.220588 0.245143 0.944058 -1.117200 0.000000 0.000000 0.000000 1.000000
0.948478 0.041086 0.314168 0.017300 0.036796 0.970565 -0.238013 10.574800 -0.314700 0.237310 0.919047 -1.117200 0.000000 0.000000 0.000000 1.000000
0.914708 0.047194 0.401351 0.017300 0.036120 0.979635 -0.197513 10.574800 -0.402499 0.195163 0.894375 -1.117200 0.000000 0.000000 0.000000 1.000000
0.884925 0.065117 0.461159 0.017300 -0.004082 0.991224 -0.132131 10.574800 -0.465716 0.115044 0.877424 -1.117200 0.000000 0.000000 0.000000 1.000000
0.864094 0.088364 0.495514 0.017300 -0.072836 0.996059 -0.050612 10.574800 -0.498033 0.007642 0.867124 -1.117200 0.000000 0.000000 0.000000 1.000000
0.849544 0.111483 0.515603 0.017300 -0.149384 0.988246 0.032458 10.574800 -0.505924 -0.104597 0.856213 -1.117200 0.000000 0.000000 0.000000 1.000000
0.839016 0.134131 0.527316 0.017300 -0.216668 0.971348 0.097664 10.574800 -0.499107 -0.196194 0.844038 -1.117200 0.000000 0.000000 0.000000 1.000000
0.834944 0.160468 0.526421 0.017300 -0.264208 0.955982 0.127644 10.574800 -0.482766 -0.245660 0.840588 -1.117200 0.000000 0.000000 0.000000 1.000000
0.841011 0.194890 0.504696 0.017300 -0.289933 0.949953 0.116310 10.574800 -0.456770 -0.244146 0.855426 -1.117200 0.000000 0.000000 0.000000 1.000000
0.854705 0.234001 0.463382 0.017300 -0.301352 0.950491 0.075858 10.574800 -0.422689 -0.204478 0.882906 -1.117200 0.000000 0.000000 0.000000 1.000000
0.867277 0.263576 0.422324 0.017300 -0.305377 0.951653 0.033182 10.574800 -0.393160 -0.157746 0.905837 -1.117200 0.000000 0.000000 0.000000 1.000000
0.871528 0.269226 0.409825 0.017300 -0.299200 0.954143 0.009469 10.574800 -0.388482 -0.130872 0.912115 -1.117200 0.000000 0.000000 0.000000 1.000000
0.863820 0.252060 0.436212 0.017300 -0.281582 0.959532 0.003155 10.574800 -0.417764 -0.125555 0.899838 -1.117200 0.000000 0.000000 0.000000 1.000000
0.846840 0.228496 0.480262 0.017300 -0.260286 0.965532 -0.000416 10.574800 -0.463803 -0.124653 0.877125 -1.117200 0.000000 0.000000 0.000000 1.000000
0.833631 0.213423 0.509421 0.017300 -0.242745 0.970047 -0.009169 10.574800 -0.496120 -0.116016 0.860468 -1.117200 0.000000 0.000000 0.000000 1.000000
0.834180 0.208794 0.510439 0.017300 -0.231921 0.972553 -0.018806 10.574800 -0.500355 -0.102694 0.859708 -1.117200 0.000000 0.000000 0.000000 1.000000
0.844034 0.208810 0.493969 0.017300 -0.227597 0.973493 -0.022623 10.574800 -0.485599 -0.093331 0.869185 -1.117200 0.000000 0.000000 0.000000 1.000000
0.855245 0.209969 0.473782 0.017300 -0.226856 0.973680 -0.022004 10.574800 -0.465932 -0.088662 0.880367 -1.117200 0.000000 0.000000 0.000000 1.000000
0.866623 0.215370 0.450088 0.017300 -0.226969 0.973476 -0.028798 10.574800 -0.444352 -0.077199 0.892520 -1.117200 0.000000 0.000000 0.000000 1.000000
0.880837 0.231989 0.412683 0.017300 -0.227894 0.971842 -0.059898 10.574800 -0.414958 -0.041288 0.908903 -1.117200 0.000000 0.000000 0.000000 1.000000
0.897145 0.262427 0.355334 0.017300 -0.232923 0.964525 -0.124254 10.574800 -0.375336 0.028708 0.926444 -1.117200 0.000000 0.000000 0.000000 1.000000
0.910357 0.298191 0.286937 0.017300 -0.243712 0.946702 -0.210616 10.574800 -0.334448 0.121806 0.934510 -1.117200 0.000000 0.000000 0.000000 1.000000
0.918305 0.324613 0.226589 0.017300 -0.253366 0.921725 -0.293646 10.574800 -0.304175 0.212246 0.928671 -1.117200 0.000000 0.000000 0.000000 1.000000
0.924087 0.333030 0.187496 0.017300 -0.253211 0.900970 -0.352330 10.574800 -0.286265 0.278107 0.916902 -1.117200 0.000000 0.000000 0.000000 1.000000
0.930203 0.325840 0.168967 0.017300 -0.243338 0.892101 -0.380714 10.574800 -0.274788 0.313025 0.909124 -1.117200 0.000000 0.000000 0.000000 1.000000
0.936583 0.310854 0.161807 0.017300 -0.229440 0.892919 -0.387366 10.574800 -0.264895 0.325676 0.907616 -1.117200 0.000000 0.000000 0.000000 1.000000
0.942767 0.294067 0.157214 0.017300 -0.215275 0.896804 -0.386521 10.574800 -0.254653 0.330555 0.908782 -1.117200 0.000000 0.000000 0.000000 1.000000
0.948772 0.277469 0.151140 0.017300 -0.201114 0.899266 -0.388426 10.574800 -0.243691 0.338131 0.909001 -1.117200 0.000000 0.000000 0.000000 1.000000
0.954729 0.261023 0.142686 0.017300 -0.186242 0.898500 -0.397507 10.574800 -0.231962 0.352937 0.906438 -1.117200 0.000000 0.000000 0.000000 1.000000</float_array>
        <technique_common>
          <accessor source="#mixamorig_Spine-Matrix-animation-output-transform-array" count="42" stride="16">
            <param type="float4x4"/>
          </accessor>
        </technique_common>
      </source>
      <source id="mixamorig_Spine-Interpolations">
        <Name_array id="mixamorig_Spine-Interpolations-array" count="42">
 LINEAR LINEAR LINEAR LINEAR LINEAR LINEAR LINEAR LINEAR LINEAR LINEAR LINEAR
LINEAR LINEAR LINEAR LINEAR LINEAR LINEAR LINEAR LINEAR LINEAR LINEAR LINEAR LINEAR
LINEAR LINEAR LINEAR LINEAR LINEAR LINEAR LINEAR LINEAR LINEAR LINEAR LINEAR LINEAR
LINEAR LINEAR LINEAR LINEAR LINEAR LINEAR LINEAR</Name_array>
        <technique_common>
          <accessor source="#mixamorig_Spine-Interpolations-array" count="42">
            <param type="name"/>
          </accessor>
        </technique_common>
      </source>
      <sampler id="mixamorig_Spine-Matrix-animation-transform">
        <input semantic="INPUT" source="#mixamorig_Spine-Matrix-animation-input"/>
        <input semantic="OUTPUT" source="#mixamorig_Spine-Matrix-animation-output-transform"/>
        <input semantic="INTERPOLATION" source="#mixamorig_Spine-Interpolations"/>
      </sampler>
      <channel source="#mixamorig_Spine-Matrix-animation-transform" target="mixamorig_Spine/matrix"/>
    </animation>
    <animation id="mixamorig_Spine1-anim" name="mixamorig_Spine1">
      <source id="mixamorig_Spine1-Matrix-animation-input">
        <float_array id="mixamorig_Spine1-Matrix-animation-input-array" count="42">

0.000000 0.033333 0.066667 0.100000 0.133333 0.166667 0.200000 0.233333 0.266667 0.300000 0.333333 0.366667 0.400000 0.433333 0.466667 0.500000
0.533333 0.566667 0.600000 0.633333 0.666667 0.700000 0.733333 0.766667 0.800000 0.833333 0.866667 0.900000 0.933333 0.966667 1.000000 1.033333
1.066667 1.100000 1.133333 1.166667 1.200000 1.233333 1.266667 1.300000 1.333333 1.366667</float_array>
        <technique_common>
          <accessor source="#mixamorig_Spine1-Matrix-animation-input-array" count="42">
            <param name="TIME" type="float"/>
          </accessor>
        </technique_common>
      </source>
      <source id="mixamorig_Spine1-Matrix-animation-output-transform">
        <float_array id="mixamorig_Spine1-Matrix-animation-output-transform-array" count="672">

0.999342 0.029695 -0.020815 0.000000 -0.030416 0.998916 -0.035225 12.406000 0.019746 0.035835 0.999163 0.000000 0.000000 0.000000 0.000000 1.000000
0.999357 0.027646 -0.022811 0.000000 -0.028297 0.999187 -0.028720 12.406000 0.021999 0.029347 0.999327 0.000000 0.000000 0.000000 0.000000 1.000000
0.999357 0.025593 -0.025111 -0.000000 -0.026264 0.999296 -0.026781 12.406000 0.024408 0.027423 0.999326 -0.000000 0.000000 0.000000 0.000000 1.000000
0.999311 0.023018 -0.029110 0.000000 -0.023807 0.999350 -0.027080 12.406000 0.028468 0.027754 0.999209 0.000000 0.000000 0.000000 0.000000 1.000000
0.999148 0.019530 -0.036347 -0.000000 -0.020530 0.999415 -0.027353 12.406000 0.035792 0.028076 0.998965 0.000000 0.000000 0.000000 0.000000 1.000000
0.998778 0.014917 -0.047116 -0.000000 -0.016154 0.999532 -0.025983 12.406000 0.046707 0.026712 0.998551 0.000000 0.000000 0.000000 0.000000 1.000000
0.998174 0.008824 -0.059762 -0.000000 -0.010175 0.999698 -0.022347 12.406000 0.059547 0.022914 0.997962 -0.000000 0.000000 0.000000 0.000000 1.000000
0.997465 0.001105 -0.071149 0.000000 -0.002327 0.999851 -0.017099 12.406000 0.071120 0.017221 0.997319 0.000000 0.000000 0.000000 0.000000 1.000000
0.996922 -0.007149 -0.078080 -0.000000 0.006211 0.999906 -0.012245 12.406000 0.078160 0.011722 0.996872 -0.000000 0.000000 0.000000 0.000000 1.000000
0.996760 -0.014144 -0.079180 0.000000 0.013396 0.999861 -0.009968 12.406000 0.079310 0.008875 0.996811 0.000000 0.000000 0.000000 0.000000 1.000000
0.996960 -0.019431 -0.075457 -0.000000 0.018613 0.999760 -0.011531 12.406000 0.075663 0.010091 0.997082 -0.000000 0.000000 0.000000 0.000000 1.000000
0.997398 -0.024512 -0.067790 0.000000 0.023413 0.999582 -0.016951 12.406000 0.068177 0.015319 0.997556 -0.000000 0.000000 0.000000 0.000000 1.000000
0.998049 -0.030926 -0.054245 0.000000 0.029620 0.999255 -0.024725 12.406000 0.054970 0.023070 0.998221 -0.000000 0.000000 0.000000 0.000000 1.000000
0.998765 -0.037743 -0.032313 0.000000 0.036712 0.998816 -0.031912 12.406000 0.033479 0.030686 0.998968 -0.000000 0.000000 0.000000 0.000000 1.000000
0.999119 -0.041809 -0.003703 0.000000 0.041653 0.998514 -0.035138 12.406000 0.005167 0.034953 0.999376 0.000000 0.000000 0.000000 0.000000 1.000000
0.998864 -0.040538 0.025033 0.000000 0.041331 0.998632 -0.032036 12.406000 -0.023700 0.033035 0.999173 0.000000 0.000000 0.000000 0.000000 1.000000
0.998297 -0.033801 0.047545 0.000000 0.034888 0.999144 -0.022222 12.406000 -0.046753 0.023843 0.998622 -0.000000 0.000000 0.000000 0.000000 1.000000
0.997749 -0.023545 0.062789 0.000000 0.024079 0.999680 -0.007760 12.406000 -0.062586 0.009254 0.997997 0.000000 0.000000 0.000000 0.000000 1.000000
0.997235 -0.011619 0.073404 0.000000 0.011099 0.999910 0.007480 12.406000 -0.073484 -0.006644 0.997274 -0.000000 0.000000 0.000000 0.000000 1.000000
0.996724 0.001008 0.080876 -0.000000 -0.002549 0.999817 0.018955 12.406000 -0.080842 -0.019099 0.996544 -0.000000 0.000000 0.000000 0.000000 1.000000
0.996421 0.012802 0.083553 0.000000 -0.014716 0.999642 0.022340 12.406000 -0.083237 -0.023490 0.996253 -0.000000 0.000000 0.000000 0.000000 1.000000
0.996679 0.021125 0.078643 0.000000 -0.022357 0.999640 0.014817 12.406000 -0.078302 -0.016526 0.996793 -0.000000 0.000000 0.000000 0.000000 1.000000
0.997493 0.024249 0.066482 0.000000 -0.024022 0.999703 -0.004202 12.406000 -0.066564 0.002595 0.997779 0.000000 0.000000 0.000000 0.000000 1.000000
0.998339 0.023002 0.052816 0.000000 -0.021183 0.999171 -0.034762 12.406000 -0.053572 0.033585 0.997999 0.000000 0.000000 0.000000 0.000000 1.000000
0.998758 0.019707 0.045767 0.000000 -0.016120 0.996865 -0.077458 12.406000 -0.047150 0.076624 0.995945 0.000000 0.000000 0.000000 0.000000 1.000000
0.998658 0.016240 0.049173 -0.000000 -0.009748 0.991532 -0.129498 12.406000 -0.050860 0.128845 0.990360 0.000000 0.000000 0.000000 0.000000 1.000000
0.998182 0.013480 0.058739 -0.000000 -0.002699 0.983687 -0.179869 12.406000 -0.060205 0.179384 0.981935 0.000000 0.000000 0.000000 0.000000 1.000000
0.997752 0.011283 0.066060 -0.000000 0.003074 0.976984 -0.213292 12.406000 -0.066946 0.213016 0.974752 -0.000000 0.000000 0.000000 0.000000 1.000000
0.997729 0.008211 0.066848 0.000000 0.006862 0.974983 -0.222172 12.406000 -0.067000 0.222126 0.972713 0.000000 0.000000 0.000000 0.000000 1.000000
0.997981 0.002713 0.063462 -0.000000 0.010834 0.977179 -0.212143 12.406000 -0.062589 0.212402 0.975176 -0.000000 0.000000 0.000000 0.000000 1.000000
0.998220 -0.005073 0.059415 0.000000 0.016527 0.980880 -0.193908 12.406000 -0.057295 0.194545 0.979219 -0.000000 0.000000 0.000000 0.000000 1.000000
0.998415 -0.013676 0.054601 0.000000 0.022969 0.984586 -0.173385 12.406000 -0.051388 0.174364 0.983339 -0.000000 0.000000 0.000000 0.000000 1.000000
0.998703 -0.021485 0.046162 0.000000 0.028245 0.988104 -0.151169 12.406000 -0.042365 0.152277 0.987429 -0.000000 0.000000 0.000000 0.000000 1.000000
0.999116 -0.026704 0.032472 0.000000 0.030648 0.991332 -0.127755 12.406000 -0.028779 0.128637 0.991274 -0.000000 0.000000 0.000000 0.000000 1.000000
0.999509 -0.026998 0.015913 -0.000000 0.028546 0.993875 -0.106764 12.406000 -0.012933 0.107166 0.994157 -0.000000 0.000000 0.000000 0.000000 1.000000
0.999779 -0.020982 0.001359 0.000000 0.021018 0.995512 -0.092269 12.406000 0.000583 0.092278 0.995733 0.000000 0.000000 0.000000 0.000000 1.000000
0.999913 -0.010551 -0.007948 0.000000 0.009850 0.996452 -0.083579 12.406000 0.008801 0.083493 0.996469 0.000000 0.000000 0.000000 0.000000 1.000000
0.999923 0.000221 -0.012411 -0.000000 -0.001159 0.997137 -0.075606 12.406000 0.012359 0.075615 0.997061 0.000000 0.000000 0.000000 0.000000 1.000000
0.999854 0.008999 -0.014543 0.000000 -0.009923 0.997851 -0.064769 12.406000 0.013928 0.064904 0.997794 0.000000 0.000000 0.000000 0.000000 1.000000
0.999734 0.016247 -0.016384 0.000000 -0.017082 0.998493 -0.052150 12.406000 0.015512 0.052416 0.998505 0.000000 0.000000 0.000000 0.000000 1.000000
0.999563 0.023051 -0.018528 0.000000 -0.023800 0.998864 -0.041273 12.406000 0.017556 0.041696 0.998976 0.000000 0.000000 0.000000 0.000000 1.000000
0.999342 0.029695 -0.020815 0.000000 -0.030416 0.998916 -0.035225 12.406000 0.019746 0.035835 0.999163 -0.000000 0.000000 0.000000 0.000000 1.000000</float_array>
        <technique_common>
          <accessor source="#mixamorig_Spine1-Matrix-animation-output-transform-array" count="42" stride="16">
            <param type="float4x4"/>
          </accessor>
        </technique_common>
      </source>
      <source id="mixamorig_Spine1-Interpolations">
        <Name_array id="mixamorig_Spine1-Interpolations-array" count="42">
 LINEAR LINEAR LINEAR LINEAR LINEAR LINEAR LINEAR LINEAR LINEAR LINEAR LINEAR
LINEAR LINEAR LINEAR LINEAR LINEAR LINEAR LINEAR LINEAR LINEAR LINEAR LINEAR LINEAR
LINEAR LINEAR LINEAR LINEAR LINEAR LINEAR LINEAR LINEAR LINEAR LINEAR LINEAR LINEAR
LINEAR LINEAR LINEAR LINEAR LINEAR LINEAR LINEAR</Name_array>
        <technique_common>
          <accessor source="#mixamorig_Spine1-Interpolations-array" count="42">
            <param type="name"/>
          </accessor>
        </technique_common>
      </source>
      <sampler id="mixamorig_Spine1-Matrix-animation-transform">
        <input semantic="INPUT" source="#mixamorig_Spine1-Matrix-animation-input"/>
        <input semantic="OUTPUT" source="#mixamorig_Spine1-Matrix-animation-output-transform"/>
        <input semantic="INTERPOLATION" source="#mixamorig_Spine1-Interpolations"/>
      </sampler>
      <channel source="#mixamorig_Spine1-Matrix-animation-transform" target="mixamorig_Spine1/matrix"/>
    </animation>
    <animation id="mixamorig_Spine2-anim" name="mixamorig_Spine2">
      <source id="mixamorig_Spine2-Matrix-animation-input">
        <float_array id="mixamorig_Spine2-Matrix-animation-input-array" count="42">

0.000000 0.033333 0.066667 0.100000 0.133333 0.166667 0.200000 0.233333 0.266667 0.300000 0.333333 0.366667 0.400000 0.433333 0.466667 0.500000
0.533333 0.566667 0.600000 0.633333 0.666667 0.700000 0.733333 0.766667 0.800000 0.833333 0.866667 0.900000 0.933333 0.966667 1.000000 1.033333
1.066667 1.100000 1.133333 1.166667 1.200000 1.233333 1.266667 1.300000 1.333333 1.366667</float_array>
        <technique_common>
          <accessor source="#mixamorig_Spine2-Matrix-animation-input-array" count="42">
            <param name="TIME" type="float"/>
          </accessor>
        </technique_common>
      </source>
      <source id="mixamorig_Spine2-Matrix-animation-output-transform">
        <float_array id="mixamorig_Spine2-Matrix-animation-output-transform-array" count="672">

0.999431 0.025120 -0.022517 0.000000 -0.028039 0.989698 -0.140395 14.178300 0.018759 0.140947 0.989839 0.000000 0.000000 0.000000 0.000000 1.000000
0.999442 0.022513 -0.024666 0.000000 -0.025621 0.990654 -0.133972 14.178300 0.021419 0.134529 0.990678 -0.000000 0.000000 0.000000 0.000000 1.000000
0.999435 0.019979 -0.027024 0.000000 -0.023380 0.990965 -0.132065 14.178300 0.024142 0.132623 0.990873 0.000000 0.000000 0.000000 0.000000 1.000000
0.999379 0.016678 -0.031051 0.000000 -0.020651 0.990986 -0.132365 14.178300 0.028564 0.132924 0.990714 -0.000000 0.000000 0.000000 0.000000 1.000000
0.999193 0.011872 -0.038367 0.000000 -0.016867 0.991025 -0.132609 14.178300 0.036448 0.133149 0.990426 -0.000000 0.000000 0.000000 0.000000 1.000000
0.998770 0.005301 -0.049293 -0.000000 -0.011734 0.991295 -0.131137 14.178300 0.048168 0.131554 0.990138 0.000000 0.000000 0.000000 0.000000 1.000000
0.998069 -0.002967 -0.062048 -0.000000 -0.004961 0.991860 -0.127238 14.178300 0.061921 0.127300 0.989930 0.000000 0.000000 0.000000 0.000000 1.000000
0.997233 -0.012404 -0.073291 -0.000000 0.003415 0.992583 -0.121517 14.178300 0.074255 0.120931 0.989880 -0.000000 0.000000 0.000000 0.000000 1.000000
0.996583 -0.021437 -0.079771 0.000000 0.012070 0.993164 -0.116103 14.178300 0.081715 0.114744 0.990029 0.000000 0.000000 0.000000 0.000000 1.000000
0.996366 -0.028325 -0.080326 0.000000 0.019095 0.993363 -0.113425 14.178300 0.083005 0.111479 0.990294 0.000000 0.000000 0.000000 0.000000 1.000000
0.996543 -0.033048 -0.076227 0.000000 0.024148 0.993088 -0.114865 14.178300 0.079497 0.112627 0.990452 0.000000 0.000000 0.000000 0.000000 1.000000
0.996962 -0.037248 -0.068399 0.000000 0.028815 0.992309 -0.120385 14.178300 0.072357 0.118048 0.990368 0.000000 0.000000 0.000000 0.000000 1.000000
0.997627 -0.041831 -0.054681 0.000000 0.034516 0.991113 -0.128469 14.178300 0.059569 0.126277 0.990205 0.000000 0.000000 0.000000 0.000000 1.000000
0.998458 -0.045115 -0.032345 0.000000 0.040312 0.989852 -0.136266 14.178300 0.038164 0.134752 0.990144 0.000000 0.000000 0.000000 0.000000 1.000000
0.999015 -0.044257 -0.003183 0.000000 0.043373 0.989151 -0.140354 14.178300 0.009361 0.140078 0.990096 0.000000 0.000000 0.000000 0.000000 1.000000
0.998934 -0.038182 0.025948 0.000000 0.041410 0.989562 -0.138033 14.178300 -0.020407 0.138960 0.990088 -0.000000 0.000000 0.000000 0.000000 1.000000
0.998425 -0.028219 0.048487 0.000000 0.034256 0.991109 -0.128568 14.178300 -0.044428 0.130026 0.990515 0.000000 0.000000 0.000000 0.000000 1.000000
0.997851 -0.016460 0.063428 -0.000000 0.023630 0.993199 -0.114009 14.178300 -0.061120 0.115263 0.991453 0.000000 0.000000 0.000000 0.000000 1.000000
0.997286 -0.003968 0.073521 0.000000 0.011218 0.995077 -0.098464 14.178300 -0.072768 0.099022 0.992421 0.000000 0.000000 0.000000 0.000000 1.000000
0.996731 0.008933 0.080299 0.000000 -0.001948 0.996237 -0.086651 14.178300 -0.080771 0.086211 0.992997 0.000000 0.000000 0.000000 0.000000 1.000000
0.996396 0.020786 0.082239 0.000000 -0.013945 0.996460 -0.082901 14.178300 -0.083671 0.081455 0.993159 0.000000 0.000000 0.000000 0.000000 1.000000
0.996630 0.028685 0.076846 0.000000 -0.021725 0.995711 -0.089929 14.178300 -0.079096 0.087956 0.992979 -0.000000 0.000000 0.000000 0.000000 1.000000
0.997432 0.030789 0.064668 -0.000000 -0.023657 0.993837 -0.108299 14.178300 -0.067603 0.106491 0.992013 0.000000 0.000000 0.000000 0.000000 1.000000
0.998283 0.028312 0.051271 0.000000 -0.020983 0.990177 -0.138237 14.178300 -0.054681 0.136924 0.989071 0.000000 0.000000 0.000000 0.000000 1.000000
0.998724 0.024299 0.044277 0.000000 -0.015922 0.983434 -0.180566 14.178300 -0.047931 0.179631 0.982566 -0.000000 0.000000 0.000000 0.000000 1.000000
0.998663 0.021084 0.047189 0.000000 -0.009550 0.972567 -0.232428 14.178300 -0.050795 0.231666 0.971468 -0.000000 0.000000 0.000000 0.000000 1.000000
0.998250 0.019207 0.055924 0.000000 -0.002627 0.959246 -0.282561 14.178300 -0.059072 0.281920 0.957618 0.000000 0.000000 0.000000 0.000000 1.000000
0.997877 0.017655 0.062683 0.000000 0.003053 0.948806 -0.315846 14.178300 -0.065050 0.315367 0.946738 -0.000000 0.000000 0.000000 0.000000 1.000000
0.997867 0.014455 0.063660 -0.000000 0.007056 0.945581 -0.325310 14.178300 -0.064898 0.325065 0.943462 0.000000 0.000000 0.000000 0.000000 1.000000
0.998090 0.008242 0.061220 0.000000 0.011610 0.948368 -0.316961 14.178300 -0.060672 0.317066 0.946461 0.000000 0.000000 0.000000 0.000000 1.000000
0.998285 -0.000420 0.058539 0.000000 0.018060 0.953407 -0.301146 14.178300 -0.055685 0.301686 0.951780 -0.000000 0.000000 0.000000 0.000000 1.000000
0.998427 -0.009887 0.055190 0.000000 0.025125 0.958863 -0.282757 14.178300 -0.050124 0.283698 0.957603 -0.000000 0.000000 0.000000 0.000000 1.000000
0.998667 -0.018611 0.048144 0.000000 0.030569 0.964819 -0.261133 14.178300 -0.041590 0.262256 0.964102 0.000000 0.000000 0.000000 0.000000 1.000000
0.999056 -0.024885 0.035603 0.000000 0.032608 0.971147 -0.236240 14.178300 -0.028697 0.237178 0.971042 0.000000 0.000000 0.000000 0.000000 1.000000
0.999459 -0.026355 0.019656 0.000000 0.029938 0.976649 -0.212746 14.178300 -0.013590 0.213219 0.976910 0.000000 0.000000 0.000000 0.000000 1.000000
0.999757 -0.021500 0.004928 0.000000 0.022049 0.980255 -0.196507 14.178300 -0.000605 0.196568 0.980490 0.000000 0.000000 0.000000 0.000000 1.000000
0.999914 -0.012055 -0.005221 0.000000 0.010862 0.982206 -0.187490 14.178300 0.007389 0.187417 0.982253 0.000000 0.000000 0.000000 0.000000 1.000000
0.999940 -0.002045 -0.010765 0.000000 0.000075 0.983682 -0.179915 14.178300 0.010957 0.179903 0.983623 0.000000 0.000000 0.000000 0.000000 1.000000
0.999885 0.006105 -0.013904 -0.000000 -0.008374 0.985503 -0.169450 14.178300 0.012668 0.169547 0.985441 0.000000 0.000000 0.000000 0.000000 1.000000
0.999780 0.012752 -0.016636 -0.000000 -0.015208 0.987478 -0.157022 14.178300 0.014426 0.157241 0.987455 0.000000 0.000000 0.000000 0.000000 1.000000
0.999628 0.018975 -0.019579 0.000000 -0.021639 0.989006 -0.146284 14.178300 0.016588 0.146653 0.989049 -0.000000 0.000000 0.000000 0.000000 1.000000
0.999431 0.025120 -0.022517 -0.000000 -0.028039 0.989698 -0.140395 14.178300 0.018758 0.140947 0.989839 0.000000 0.000000 0.000000 0.000000 1.000000</float_array>
        <technique_common>
          <accessor source="#mixamorig_Spine2-Matrix-animation-output-transform-array" count="42" stride="16">
            <param type="float4x4"/>
          </accessor>
        </technique_common>
      </source>
      <source id="mixamorig_Spine2-Interpolations">
        <Name_array id="mixamorig_Spine2-Interpolations-array" count="42">
 LINEAR LINEAR LINEAR LINEAR LINEAR LINEAR LINEAR LINEAR LINEAR LINEAR LINEAR
LINEAR LINEAR LINEAR LINEAR LINEAR LINEAR LINEAR LINEAR LINEAR LINEAR LINEAR LINEAR
LINEAR LINEAR LINEAR LINEAR LINEAR LINEAR LINEAR LINEAR LINEAR LINEAR LINEAR LINEAR
LINEAR LINEAR LINEAR LINEAR LINEAR LINEAR LINEAR</Name_array>
        <technique_common>
          <accessor source="#mixamorig_Spine2-Interpolations-array" count="42">
            <param type="name"/>
          </accessor>
        </technique_common>
      </source>
      <sampler id="mixamorig_Spine2-Matrix-animation-transform">
        <input semantic="INPUT" source="#mixamorig_Spine2-Matrix-animation-input"/>
        <input semantic="OUTPUT" source="#mixamorig_Spine2-Matrix-animation-output-transform"/>
        <input semantic="INTERPOLATION" source="#mixamorig_Spine2-Interpolations"/>
      </sampler>
      <channel source="#mixamorig_Spine2-Matrix-animation-transform" target="mixamorig_Spine2/matrix"/>
    </animation>
    <animation id="mixamorig_Neck-anim" name="mixamorig_Neck">
      <source id="mixamorig_Neck-Matrix-animation-input">
        <float_array id="mixamorig_Neck-Matrix-animation-input-array" count="42">

0.000000 0.033333 0.066667 0.100000 0.133333 0.166667 0.200000 0.233333 0.266667 0.300000 0.333333 0.366667 0.400000 0.433333 0.466667 0.500000
0.533333 0.566667 0.600000 0.633333 0.666667 0.700000 0.733333 0.766667 0.800000 0.833333 0.866667 0.900000 0.933333 0.966667 1.000000 1.033333
1.066667 1.100000 1.133333 1.166667 1.200000 1.233333 1.266667 1.300000 1.333333 1.366667</float_array>
        <technique_common>
          <accessor source="#mixamorig_Neck-Matrix-animation-input-array" count="42">
            <param name="TIME" type="float"/>
          </accessor>
        </technique_common>
      </source>
      <source id="mixamorig_Neck-Matrix-animation-output-transform">
        <float_array id="mixamorig_Neck-Matrix-animation-output-transform-array" count="672">

0.990287 0.001421 0.139030 0.024400 -0.005388 0.999589 0.028164 15.862300 -0.138933 -0.028640 0.989888 -1.675800 0.000000 0.000000 0.000000 1.000000
0.990792 0.008016 0.135152 0.024400 -0.011380 0.999644 0.024137 15.862300 -0.134911 -0.025453 0.990531 -1.675800 0.000000 0.000000 0.000000 1.000000
0.990906 0.004453 0.134486 0.024400 -0.010628 0.998920 0.045237 15.862300 -0.134139 -0.046255 0.989882 -1.675800 0.000000 0.000000 0.000000 1.000000
0.990655 -0.002276 0.136371 0.024400 -0.007301 0.997542 0.069685 15.862300 -0.136195 -0.070029 0.988204 -1.675800 0.000000 0.000000 0.000000 1.000000
0.989528 -0.008973 0.144061 0.024400 -0.003417 0.996330 0.085529 15.862300 -0.144299 -0.085125 0.985866 -1.675800 0.000000 0.000000 0.000000 1.000000
0.986726 -0.015052 0.161692 0.024400 -0.000020 0.995684 0.092810 15.862300 -0.162391 -0.091581 0.982467 -1.675800 0.000000 0.000000 0.000000 1.000000
0.981906 -0.018582 0.188457 0.024400 0.000402 0.995376 0.096050 15.862300 -0.189370 -0.094236 0.977373 -1.675800 0.000000 0.000000 0.000000 1.000000
0.976045 -0.016103 0.216972 0.024400 -0.005168 0.995260 0.097112 15.862300 -0.217507 -0.095907 0.971335 -1.675800 0.000000 0.000000 0.000000 1.000000
0.971588 -0.007351 0.236565 0.024400 -0.015050 0.995576 0.092750 15.862300 -0.236200 -0.093675 0.967179 -1.675800 0.000000 0.000000 0.000000 1.000000
0.971152 0.002488 0.238447 0.024400 -0.021446 0.996805 0.076943 15.862300 -0.237494 -0.079837 0.968103 -1.675800 0.000000 0.000000 0.000000 1.000000
0.975085 0.007080 0.221717 0.024400 -0.018551 0.998592 0.049698 15.862300 -0.221053 -0.052572 0.973844 -1.675800 0.000000 0.000000 0.000000 1.000000
0.980923 0.005012 0.194331 0.024400 -0.009780 0.999674 0.023589 15.862300 -0.194149 -0.025039 0.980652 -1.675800 0.000000 0.000000 0.000000 1.000000
0.986395 -0.001196 0.164389 0.024400 -0.001495 0.999867 0.016248 15.862300 -0.164387 -0.016273 0.986262 -1.675800 0.000000 0.000000 0.000000 1.000000
0.991141 -0.011988 0.132272 0.024400 0.007877 0.999471 0.031563 15.862300 -0.132580 -0.030241 0.990711 -1.675800 0.000000 0.000000 0.000000 1.000000
0.994769 -0.031598 0.097136 0.024400 0.026836 0.998391 0.049946 15.862300 -0.098558 -0.047078 0.994017 -1.675800 0.000000 0.000000 0.000000 1.000000
0.995674 -0.063158 0.068145 0.024400 0.060593 0.997397 0.039084 15.862300 -0.070436 -0.034785 0.996910 -1.675800 0.000000 0.000000 0.000000 1.000000
0.992591 -0.106381 0.058705 0.024400 0.107761 0.993958 -0.020858 15.862300 -0.056132 0.027030 0.998057 -1.675800 0.000000 0.000000 0.000000 1.000000
0.985302 -0.156041 0.069500 0.024400 0.163488 0.979350 -0.118936 15.862300 -0.049506 0.128551 0.990467 -1.675800 0.000000 0.000000 0.000000 1.000000
0.975571 -0.201281 0.088017 0.024400 0.216239 0.950507 -0.223108 15.862300 -0.038753 0.236690 0.970812 -1.675800 0.000000 0.000000 0.000000 1.000000
0.967866 -0.229810 0.102096 0.024400 0.250265 0.919942 -0.301784 15.862300 -0.024569 0.317638 0.947894 -1.675800 0.000000 0.000000 0.000000 1.000000
0.965888 -0.235691 0.107286 0.024400 0.258275 0.906886 -0.332945 15.862300 -0.018824 0.349296 0.936823 -1.675800 0.000000 0.000000 0.000000 1.000000
0.969086 -0.223322 0.104878 0.024400 0.245112 0.919934 -0.306008 15.862300 -0.028143 0.322255 0.946235 -1.675800 0.000000 0.000000 0.000000 1.000000
0.974167 -0.203562 0.097777 0.024400 0.220985 0.948470 -0.227091 15.862300 -0.046511 0.242832 0.968953 -1.675800 0.000000 0.000000 0.000000 1.000000
0.979154 -0.182778 0.088601 0.024400 0.192575 0.974069 -0.118761 15.862300 -0.064596 0.133347 0.988962 -1.675800 0.000000 0.000000 0.000000 1.000000
0.984948 -0.153002 0.080428 0.024400 0.153845 0.988085 -0.004351 15.862300 -0.078804 0.016659 0.996751 -1.675800 0.000000 0.000000 0.000000 1.000000
0.992017 -0.099454 0.077526 0.024400 0.090974 0.990179 0.106159 15.862300 -0.087322 -0.098259 0.991322 -1.675800 0.000000 0.000000 0.000000 1.000000
0.996272 -0.023969 0.082874 0.024400 0.006352 0.978402 0.206613 15.862300 -0.086036 -0.205317 0.974907 -1.675800 0.000000 0.000000 0.000000 1.000000
