<?xml version="1.0" encoding="utf-8"?>
<COLLADA xmlns="http://www.collada.org/2005/11/COLLADASchema" version="1.4.1">
  <asset>
    <contributor>
      <author>Mixamo</author>
      <authoring_tool>COLLADA Mixamo exporter</authoring_tool>
      <comments/>
    </contributor>
    <created>2022-12-10T03:26:36Z</created>
    <modified>2022-12-10T03:26:36Z</modified>
    <revision/>
    <title/>
    <unit meter="0.010000"/>
    <up_axis>Y_UP</up_axis>
  </asset>
  <library_animations>
    <animation id="mixamorig_Hips-anim" name="mixamorig_Hips">
      <source id="mixamorig_Hips-Matrix-animation-input">
        <float_array id="mixamorig_Hips-Matrix-animation-input-array" count="18">

0.000000 0.033333 0.066667 0.100000 0.133333 0.166667 0.200000 0.233333 0.266667 0.300000 0.333333 0.366667 0.400000 0.433333 0.466667 0.500000
0.533333 0.566667</float_array>
        <technique_common>
          <accessor source="#mixamorig_Hips-Matrix-animation-input-array" count="18">
            <param name="TIME" type="float"/>
          </accessor>
        </technique_common>
      </source>
      <source id="mixamorig_Hips-Matrix-animation-output-transform">
        <float_array id="mixamorig_Hips-Matrix-animation-output-transform-array" count="288">

0.662150 -0.109956 -0.741260 -0.021554 -0.014365 0.987132 -0.159259 80.561256 0.749234 0.116102 0.652050 0.032370 0.000000 0.000000 0.000000 1.000000
0.660774 -0.138178 -0.737757 -0.171349 0.004373 0.983601 -0.180306 81.369743 0.750572 0.115915 0.650542 -2.571688 0.000000 0.000000 0.000000 1.000000
0.657848 -0.168336 -0.734098 0.079715 0.023659 0.978840 -0.203256 81.527237 0.752779 0.116344 0.647910 -5.451396 0.000000 0.000000 0.000000 1.000000
0.655244 -0.196528 -0.729406 0.650747 0.042293 0.973596 -0.224328 80.646034 0.754233 0.116141 0.646254 -8.342085 0.000000 0.000000 0.000000 1.000000
0.655045 -0.218947 -0.723172 1.395590 0.059231 0.969031 -0.239732 78.793999 0.753264 0.114201 0.647727 -10.975976 0.000000 0.000000 0.000000 1.000000
0.659412 -0.232463 -0.714938 2.068789 0.073895 0.966429 -0.246080 75.952545 0.748141 0.109438 0.654453 -13.501581 0.000000 0.000000 0.000000 1.000000
0.669272 -0.238575 -0.703674 2.366097 0.088132 0.965853 -0.243641 72.154640 0.737773 0.101046 0.667444 -16.081457 0.000000 0.000000 0.000000 1.000000
0.683137 -0.239216 -0.690000 2.334191 0.101803 0.966798 -0.234389 68.259666 0.723160 0.089875 0.684808 -18.165964 0.000000 0.000000 0.000000 1.000000
0.697941 -0.236942 -0.675823 1.904444 0.113827 0.968389 -0.221962 64.500412 0.707052 0.077989 0.702848 -19.770872 0.000000 0.000000 0.000000 1.000000
0.712662 -0.233404 -0.661540 1.261046 0.124505 0.970139 -0.208157 60.839397 0.690371 0.065981 0.720441 -21.113815 0.000000 0.000000 0.000000 1.000000
0.726696 -0.229579 -0.647462 0.554334 0.134073 0.971777 -0.194097 57.232353 0.673749 0.054242 0.736967 -22.349428 0.000000 0.000000 0.000000 1.000000
0.737988 -0.224705 -0.636303 -0.309067 0.140017 0.973399 -0.181355 53.891632 0.660128 0.044744 0.749819 -23.165113 0.000000 0.000000 0.000000 1.000000
0.744850 -0.220288 -0.629819 -1.097823 0.142228 0.974653 -0.172694 50.897129 0.651897 0.039053 0.757301 -23.720245 0.000000 0.000000 0.000000 1.000000
0.747348 -0.216806 -0.628066 -1.773216 0.141257 0.975501 -0.168655 48.362736 0.649244 0.037325 0.759664 -24.109118 0.000000 0.000000 0.000000 1.000000
0.748732 -0.212465 -0.627901 -2.245511 0.138393 0.976470 -0.165387 46.303528 0.648265 0.036933 0.760518 -24.290207 0.000000 0.000000 0.000000 1.000000
0.749732 -0.207420 -0.628393 -2.498415 0.134491 0.977548 -0.162209 44.532402 0.647930 0.037100 0.760796 -24.345236 0.000000 0.000000 0.000000 1.000000
0.750653 -0.202261 -0.628975 -2.653552 0.130424 0.978619 -0.159041 42.809826 0.647695 0.037351 0.760984 -24.392296 0.000000 0.000000 0.000000 1.000000
0.751552 -0.197099 -0.629540 -2.796093 0.126356 0.979662 -0.155872 41.088875 0.647459 0.037600 0.761172 -24.441162 0.000000 0.000000 0.000000 1.000000</float_array>
        <technique_common>
          <accessor source="#mixamorig_Hips-Matrix-animation-output-transform-array" count="18" stride="16">
            <param type="float4x4"/>
          </accessor>
        </technique_common>
      </source>
      <source id="mixamorig_Hips-Interpolations">
        <Name_array id="mixamorig_Hips-Interpolations-array" count="18">
 LINEAR LINEAR LINEAR LINEAR LINEAR LINEAR LINEAR LINEAR LINEAR LINEAR LINEAR
LINEAR LINEAR LINEAR LINEAR LINEAR LINEAR LINEAR</Name_array>
        <technique_common>
          <accessor source="#mixamorig_Hips-Interpolations-array" count="18">
            <param type="name"/>
          </accessor>
        </technique_common>
      </source>
      <sampler id="mixamorig_Hips-Matrix-animation-transform">
        <input semantic="INPUT" source="#mixamorig_Hips-Matrix-animation-input"/>
        <input semantic="OUTPUT" source="#mixamorig_Hips-Matrix-animation-output-transform"/>
        <input semantic="INTERPOLATION" source="#mixamorig_Hips-Interpolations"/>
      </sampler>
      <channel source="#mixamorig_Hips-Matrix-animation-transform" target="mixamorig_Hips/matrix"/>
    </animation>
    <animation id="mixamorig_Spine-anim" name="mixamorig_Spine">
      <source id="mixamorig_Spine-Matrix-animation-input">
        <float_array id="mixamorig_Spine-Matrix-animation-input-array" count="18">

0.000000 0.033333 0.066667 0.100000 0.133333 0.166667 0.200000 0.233333 0.266667 0.300000 0.333333 0.366667 0.400000 0.433333 0.466667 0.500000
0.533333 0.566667</float_array>
        <technique_common>
          <accessor source="#mixamorig_Spine-Matrix-animation-input-array" count="18">
            <param name="TIME" type="float"/>
          </accessor>
        </technique_common>
      </source>
      <source id="mixamorig_Spine-Matrix-animation-output-transform">
        <float_array id="mixamorig_Spine-Matrix-animation-output-transform-array" count="288">

0.996514 0.049266 0.067320 0.017300 -0.047750 0.998572 -0.023939 10.574800 -0.068403 0.020641 0.997444 -1.117200 0.000000 0.000000 0.000000 1.000000
0.995499 0.059100 0.074083 0.017300 -0.057293 0.998011 -0.026288 10.574800 -0.075489 0.021925 0.996906 -1.117200 0.000000 0.000000 0.000000 1.000000
0.994361 0.068425 0.081022 0.017300 -0.066402 0.997416 -0.027417 10.574800 -0.082688 0.021882 0.996335 -1.117200 0.000000 0.000000 0.000000 1.000000
0.992917 0.079808 0.088016 0.017300 -0.077027 0.996430 -0.034564 10.574800 -0.090461 0.027539 0.995519 -1.117200 0.000000 0.000000 0.000000 1.000000
0.990865 0.095790 0.094928 0.017300 -0.090930 0.994377 -0.054271 10.574800 -0.099593 0.045143 0.994004 -1.117200 0.000000 0.000000 0.000000 1.000000
0.987924 0.116976 0.101599 0.017300 -0.108475 0.990413 -0.085526 10.574800 -0.110630 0.073472 0.991142 -1.117200 0.000000 0.000000 0.000000 1.000000
0.984374 0.139393 0.107595 0.017300 -0.125793 0.984244 -0.124261 10.574800 -0.123221 0.108785 0.986399 -1.117200 0.000000 0.000000 0.000000 1.000000
0.980921 0.158505 0.112564 0.017300 -0.138812 0.976427 -0.165292 10.574800 -0.136110 0.146513 0.979800 -1.117200 0.000000 0.000000 0.000000 1.000000
0.977359 0.176215 0.117125 0.017300 -0.149553 0.966897 -0.206748 10.574800 -0.149680 0.184551 0.971358 -1.117200 0.000000 0.000000 0.000000 1.000000
0.973506 0.193676 0.121559 0.017300 -0.159111 0.955551 -0.248204 10.574800 -0.164227 0.222286 0.961051 -1.117200 0.000000 0.000000 0.000000 1.000000
0.969391 0.210788 0.125892 0.017300 -0.167475 0.942646 -0.288738 10.574800 -0.179534 0.258817 0.949095 -1.117200 0.000000 0.000000 0.000000 1.000000
0.965100 0.227273 0.130110 0.017300 -0.174540 0.928617 -0.327422 10.574800 -0.195236 0.293286 0.935877 -1.117200 0.000000 0.000000 0.000000 1.000000
0.961213 0.240987 0.134146 0.017300 -0.179625 0.916059 -0.358567 10.574800 -0.209295 0.320563 0.923815 -1.117200 0.000000 0.000000 0.000000 1.000000
0.958617 0.249200 0.137671 0.017300 -0.182491 0.909008 -0.374702 10.574800 -0.218520 0.334072 0.916867 -1.117200 0.000000 0.000000 0.000000 1.000000
0.956879 0.254672 0.139733 0.017300 -0.184491 0.904350 -0.384857 10.574800 -0.224379 0.342482 0.912338 -1.117200 0.000000 0.000000 0.000000 1.000000
0.955837 0.257990 0.140771 0.017300 -0.185725 0.901453 -0.391009 10.574800 -0.227776 0.347596 0.909558 -1.117200 0.000000 0.000000 0.000000 1.000000
0.955217 0.259869 0.141519 0.017300 -0.186293 0.899721 -0.394712 10.574800 -0.229901 0.350672 0.907841 -1.117200 0.000000 0.000000 0.000000 1.000000
0.954729 0.261023 0.142686 0.017300 -0.186242 0.898500 -0.397507 10.574800 -0.231962 0.352937 0.906438 -1.117200 0.000000 0.000000 0.000000 1.000000</float_array>
        <technique_common>
          <accessor source="#mixamorig_Spine-Matrix-animation-output-transform-array" count="18" stride="16">
            <param type="float4x4"/>
          </accessor>
        </technique_common>
      </source>
      <source id="mixamorig_Spine-Interpolations">
        <Name_array id="mixamorig_Spine-Interpolations-array" count="18">
 LINEAR LINEAR LINEAR LINEAR LINEAR LINEAR LINEAR LINEAR LINEAR LINEAR LINEAR
LINEAR LINEAR LINEAR LINEAR LINEAR LINEAR LINEAR</Name_array>
        <technique_common>
          <accessor source="#mixamorig_Spine-Interpolations-array" count="18">
            <param type="name"/>
          </accessor>
        </technique_common>
      </source>
      <sampler id="mixamorig_Spine-Matrix-animation-transform">
        <input semantic="INPUT" source="#mixamorig_Spine-Matrix-animation-input"/>
        <input semantic="OUTPUT" source="#mixamorig_Spine-Matrix-animation-output-transform"/>
        <input semantic="INTERPOLATION" source="#mixamorig_Spine-Interpolations"/>
      </sampler>
      <channel source="#mixamorig_Spine-Matrix-animation-transform" target="mixamorig_Spine/matrix"/>
    </animation>
    <animation id="mixamorig_Spine1-anim" name="mixamorig_Spine1">
      <source id="mixamorig_Spine1-Matrix-animation-input">
        <float_array id="mixamorig_Spine1-Matrix-animation-input-array" count="18">

0.000000 0.033333 0.066667 0.100000 0.133333 0.166667 0.200000 0.233333 0.266667 0.300000 0.333333 0.366667 0.400000 0.433333 0.466667 0.500000
0.533333 0.566667</float_array>
        <technique_common>
          <accessor source="#mixamorig_Spine1-Matrix-animation-input-array" count="18">
            <param name="TIME" type="float"/>
          </accessor>
        </technique_common>
      </source>
      <source id="mixamorig_Spine1-Matrix-animation-output-transform">
        <float_array id="mixamorig_Spine1-Matrix-animation-output-transform-array" count="288">

0.998873 -0.042846 0.020413 0.000000 0.043276 0.998840 -0.021134 12.406000 -0.019483 0.021994 0.999568 0.000000 0.000000 0.000000 0.000000 1.000000
0.998909 -0.040674 0.022925 0.000000 0.041039 0.999035 -0.015658 12.406000 -0.022266 0.016582 0.999615 0.000000 0.000000 0.000000 0.000000 1.000000
0.998961 -0.038376 0.024591 0.000000 0.038694 0.999171 -0.012615 12.406000 -0.024087 0.013554 0.999618 0.000000 0.000000 0.000000 0.000000 1.000000
0.999124 -0.035392 0.022320 -0.000000 0.035695 0.999274 -0.013323 12.406000 -0.021832 0.014108 0.999662 0.000000 0.000000 0.000000 0.000000 1.000000
0.999386 -0.031112 0.016135 0.000000 0.031365 0.999385 -0.015660 12.406000 -0.015638 0.016156 0.999747 0.000000 0.000000 0.000000 0.000000 1.000000
0.999600 -0.026587 0.009613 0.000000 0.026739 0.999513 -0.016088 12.406000 -0.009181 0.016339 0.999824 0.000000 0.000000 0.000000 0.000000 1.000000
0.999755 -0.021767 0.003941 0.000000 0.021828 0.999630 -0.016245 12.406000 -0.003586 0.016327 0.999860 0.000000 0.000000 0.000000 0.000000 1.000000
0.999866 -0.016391 0.000423 0.000000 0.016396 0.999708 -0.017774 12.406000 -0.000131 0.017779 0.999842 0.000000 0.000000 0.000000 0.000000 1.000000
0.999939 -0.010805 -0.002282 0.000000 0.010758 0.999745 -0.019834 12.406000 0.002496 0.019808 0.999801 0.000000 0.000000 0.000000 0.000000 1.000000
0.999975 -0.005176 -0.004849 -0.000000 0.005068 0.999746 -0.021954 12.406000 0.004961 0.021929 0.999747 0.000000 0.000000 0.000000 0.000000 1.000000
0.999973 0.000446 -0.007334 0.000000 -0.000622 0.999709 -0.024117 12.406000 0.007321 0.024121 0.999682 0.000000 0.000000 0.000000 0.000000 1.000000
0.999935 0.006027 -0.009705 -0.000000 -0.006282 0.999633 -0.026370 12.406000 0.009542 0.026430 0.999605 0.000000 0.000000 0.000000 0.000000 1.000000
0.999868 0.011395 -0.011571 0.000000 -0.011729 0.999507 -0.029141 12.406000 0.011233 0.029272 0.999508 0.000000 0.000000 0.000000 0.000000 1.000000
0.999788 0.016002 -0.012947 0.000000 -0.016390 0.999403 -0.030415 12.406000 0.012453 0.030621 0.999453 0.000000 0.000000 0.000000 0.000000 1.000000
0.999695 0.019806 -0.014752 0.000000 -0.020247 0.999335 -0.030330 12.406000 0.014141 0.030620 0.999431 0.000000 0.000000 0.000000 0.000000 1.000000
0.999592 0.023145 -0.016755 0.000000 -0.023644 0.999263 -0.030234 12.406000 0.016043 0.030618 0.999402 0.000000 0.000000 0.000000 0.000000 1.000000
0.999476 0.026336 -0.018821 0.000000 -0.026895 0.999184 -0.030126 12.406000 0.018013 0.030617 0.999369 0.000000 0.000000 0.000000 0.000000 1.000000
0.999342 0.029695 -0.020815 0.000000 -0.030312 0.999090 -0.030004 12.406000 0.019905 0.030615 0.999333 0.000000 0.000000 0.000000 0.000000 1.000000</float_array>
        <technique_common>
          <accessor source="#mixamorig_Spine1-Matrix-animation-output-transform-array" count="18" stride="16">
            <param type="float4x4"/>
          </accessor>
        </technique_common>
      </source>
      <source id="mixamorig_Spine1-Interpolations">
        <Name_array id="mixamorig_Spine1-Interpolations-array" count="18">
 LINEAR LINEAR LINEAR LINEAR LINEAR LINEAR LINEAR LINEAR LINEAR LINEAR LINEAR
LINEAR LINEAR LINEAR LINEAR LINEAR LINEAR LINEAR</Name_array>
        <technique_common>
          <accessor source="#mixamorig_Spine1-Interpolations-array" count="18">
            <param type="name"/>
          </accessor>
        </technique_common>
      </source>
      <sampler id="mixamorig_Spine1-Matrix-animation-transform">
        <input semantic="INPUT" source="#mixamorig_Spine1-Matrix-animation-input"/>
        <input semantic="OUTPUT" source="#mixamorig_Spine1-Matrix-animation-output-transform"/>
        <input semantic="INTERPOLATION" source="#mixamorig_Spine1-Interpolations"/>
      </sampler>
      <channel source="#mixamorig_Spine1-Matrix-animation-transform" target="mixamorig_Spine1/matrix"/>
    </animation>
    <animation id="mixamorig_Spine2-anim" name="mixamorig_Spine2">
      <source id="mixamorig_Spine2-Matrix-animation-input">
        <float_array id="mixamorig_Spine2-Matrix-animation-input-array" count="18">

0.000000 0.033333 0.066667 0.100000 0.133333 0.166667 0.200000 0.233333 0.266667 0.300000 0.333333 0.366667 0.400000 0.433333 0.466667 0.500000
0.533333 0.566667</float_array>
        <technique_common>
          <accessor source="#mixamorig_Spine2-Matrix-animation-input-array" count="18">
            <param name="TIME" type="float"/>
          </accessor>
        </technique_common>
      </source>
      <source id="mixamorig_Spine2-Matrix-animation-output-transform">
        <float_array id="mixamorig_Spine2-Matrix-animation-output-transform-array" count="288">

0.999544 -0.019730 0.022852 -0.000000 0.022101 0.993836 -0.108636 14.178300 -0.020568 0.109091 0.993819 0.000000 0.000000 0.000000 0.000000 1.000000
0.999506 -0.018770 0.025207 0.000000 0.021301 0.994327 -0.104211 14.178300 -0.023108 0.104697 0.994236 0.000000 0.000000 0.000000 0.000000 1.000000
0.999485 -0.017703 0.026751 0.000000 0.020351 0.994555 -0.102206 14.178300 -0.024796 0.102698 0.994404 0.000000 0.000000 0.000000 0.000000 1.000000
0.999572 -0.016245 0.024338 0.000000 0.018692 0.994407 -0.103945 14.178300 -0.022513 0.104355 0.994285 0.000000 0.000000 0.000000 0.000000 1.000000
0.999743 -0.013876 0.017927 0.000000 0.015722 0.994102 -0.107303 14.178300 -0.016332 0.107558 0.994065 0.000000 0.000000 0.000000 0.000000 1.000000
0.999873 -0.011377 0.011136 0.000000 0.012521 0.993991 -0.108741 14.178300 -0.009832 0.108866 0.994008 0.000000 0.000000 0.000000 0.000000 1.000000
0.999950 -0.008521 0.005175 0.000000 0.009038 0.993890 -0.110006 14.178300 -0.004206 0.110047 0.993917 0.000000 0.000000 0.000000 0.000000 1.000000
0.999987 -0.004874 0.001355 0.000000 0.004996 0.993619 -0.112678 14.178300 -0.000797 0.112683 0.993631 -0.000000 0.000000 0.000000 0.000000 1.000000
0.999998 -0.000927 -0.001654 0.000000 0.000729 0.993260 -0.115909 14.178300 0.001750 0.115908 0.993258 -0.000000 0.000000 0.000000 0.000000 1.000000
0.999985 0.003077 -0.004527 0.000000 -0.003595 0.992862 -0.119218 14.178300 0.004127 0.119232 0.992858 0.000000 0.000000 0.000000 0.000000 1.000000
0.999948 0.007082 -0.007317 0.000000 -0.007926 0.992431 -0.122545 14.178300 0.006393 0.122597 0.992436 0.000000 0.000000 0.000000 0.000000 1.000000
0.999889 0.011059 -0.009990 0.000000 -0.012229 0.991969 -0.125890 14.178300 0.008518 0.125998 0.991994 0.000000 0.000000 0.000000 0.000000 1.000000
0.999816 0.014868 -0.012148 0.000000 -0.016316 0.991461 -0.129377 14.178300 0.010121 0.129551 0.991521 0.000000 0.000000 0.000000 0.000000 1.000000
0.999744 0.017945 -0.013782 0.000000 -0.019616 0.990974 -0.132611 14.178300 0.011278 0.132848 0.991072 0.000000 0.000000 0.000000 0.000000 1.000000
0.999672 0.020149 -0.015817 0.000000 -0.022102 0.990604 -0.134963 14.178300 0.012949 0.135268 0.990724 0.000000 0.000000 0.000000 0.000000 1.000000
0.999599 0.021852 -0.018034 0.000000 -0.024117 0.990301 -0.136826 14.178300 0.014870 0.137206 0.990431 0.000000 0.000000 0.000000 0.000000 1.000000
0.999520 0.023396 -0.020309 0.000000 -0.025988 0.990017 -0.138529 14.178300 0.016865 0.138990 0.990150 0.000000 0.000000 0.000000 0.000000 1.000000
0.999431 0.025120 -0.022517 0.000000 -0.028039 0.989698 -0.140395 14.178300 0.018759 0.140947 0.989839 0.000000 0.000000 0.000000 0.000000 1.000000</float_array>
        <technique_common>
          <accessor source="#mixamorig_Spine2-Matrix-animation-output-transform-array" count="18" stride="16">
            <param type="float4x4"/>
          </accessor>
        </technique_common>
      </source>
      <source id="mixamorig_Spine2-Interpolations">
        <Name_array id="mixamorig_Spine2-Interpolations-array" count="18">
 LINEAR LINEAR LINEAR LINEAR LINEAR LINEAR LINEAR LINEAR LINEAR LINEAR LINEAR
LINEAR LINEAR LINEAR LINEAR LINEAR LINEAR LINEAR</Name_array>
        <technique_common>
          <accessor source="#mixamorig_Spine2-Interpolations-array" count="18">
            <param type="name"/>
          </accessor>
        </technique_common>
      </source>
      <sampler id="mixamorig_Spine2-Matrix-animation-transform">
        <input semantic="INPUT" source="#mixamorig_Spine2-Matrix-animation-input"/>
        <input semantic="OUTPUT" source="#mixamorig_Spine2-Matrix-animation-output-transform"/>
        <input semantic="INTERPOLATION" source="#mixamorig_Spine2-Interpolations"/>
      </sampler>
      <channel source="#mixamorig_Spine2-Matrix-animation-transform" target="mixamorig_Spine2/matrix"/>
    </animation>
    <animation id="mixamorig_Neck-anim" name="mixamorig_Neck">
      <source id="mixamorig_Neck-Matrix-animation-input">
        <float_array id="mixamorig_Neck-Matrix-animation-input-array" count="18">

0.000000 0.033333 0.066667 0.100000 0.133333 0.166667 0.200000 0.233333 0.266667 0.300000 0.333333 0.366667 0.400000 0.433333 0.466667 0.500000
0.533333 0.566667</float_array>
        <technique_common>
          <accessor source="#mixamorig_Neck-Matrix-animation-input-array" count="18">
            <param name="TIME" type="float"/>
          </accessor>
        </technique_common>
      </source>
      <source id="mixamorig_Neck-Matrix-animation-output-transform">
        <float_array id="mixamorig_Neck-Matrix-animation-output-transform-array" count="288">

0.985070 0.027001 0.170026 0.024400 -0.032878 0.998952 0.031849 15.862300 -0.168988 -0.036964 0.984925 -1.675800 0.000000 0.000000 0.000000 1.000000
0.980902 0.064375 0.183540 0.024400 -0.069026 0.997433 0.019061 15.862300 -0.181842 -0.031367 0.982827 -1.675800 0.000000 0.000000 0.000000 1.000000
0.975848 0.097905 0.195285 0.024400 -0.101477 0.994803 0.008345 15.862300 -0.193453 -0.027960 0.980711 -1.675800 0.000000 0.000000 0.000000 1.000000
0.974782 0.105016 0.196907 0.024400 -0.110624 0.993705 0.017669 15.862300 -0.193812 -0.039006 0.980263 -1.675800 0.000000 0.000000 0.000000 1.000000
0.978200 0.084941 0.189500 0.024400 -0.095916 0.994158 0.049502 15.862300 -0.184189 -0.066599 0.980632 -1.675800 0.000000 0.000000 0.000000 1.000000
0.981271 0.053205 0.185140 0.024400 -0.070322 0.993710 0.087146 15.862300 -0.179339 -0.098533 0.978840 -1.675800 0.000000 0.000000 0.000000 1.000000
0.982027 0.027531 0.186724 0.024400 -0.049350 0.992342 0.113233 15.862300 -0.182177 -0.120413 0.975865 -1.675800 0.000000 0.000000 0.000000 1.000000
0.981936 0.015492 0.188577 0.024400 -0.038954 0.991844 0.121356 15.862300 -0.185159 -0.126510 0.974531 -1.675800 0.000000 0.000000 0.000000 1.000000
0.982743 0.009608 0.184729 0.024400 -0.032527 0.992065 0.121443 15.862300 -0.182096 -0.125356 0.975257 -1.675800 0.000000 0.000000 0.000000 1.000000
0.984152 0.006361 0.177215 0.024400 -0.027678 0.992619 0.118076 15.862300 -0.175156 -0.121110 0.977063 -1.675800 0.000000 0.000000 0.000000 1.000000
0.985721 0.004033 0.168340 0.024400 -0.023455 0.993256 0.113547 15.862300 -0.166747 -0.115875 0.979167 -1.675800 0.000000 0.000000 0.000000 1.000000
0.987695 0.003796 0.156349 0.024400 -0.020731 0.994061 0.106828 15.862300 -0.155015 -0.108755 0.981908 -1.675800 0.000000 0.000000 0.000000 1.000000
0.989111 0.003437 0.147130 0.024400 -0.018508 0.994695 0.101185 15.862300 -0.146002 -0.102807 0.983928 -1.675800 0.000000 0.000000 0.000000 1.000000
0.989532 0.003603 0.144269 0.024400 -0.017444 0.995345 0.094787 15.862300 -0.143256 -0.096311 0.984988 -1.675800 0.000000 0.000000 0.000000 1.000000
0.989758 0.003312 0.142719 0.024400 -0.015174 0.996508 0.082109 15.862300 -0.141949 -0.083434 0.986352 -1.675800 0.000000 0.000000 0.000000 1.000000
0.989942 0.002723 0.141450 0.024400 -0.012003 0.997826 0.064798 15.862300 -0.140967 -0.065844 0.987822 -1.675800 0.000000 0.000000 0.000000 1.000000
0.990116 0.002077 0.140236 0.024400 -0.008691 0.998877 0.046571 15.862300 -0.139982 -0.047330 0.989022 -1.675800 0.000000 0.000000 0.000000 1.000000
0.990287 0.001421 0.139031 0.024400 -0.005388 0.999589 0.028164 15.862300 -0.138933 -0.028640 0.989888 -1.675800 0.000000 0.000000 0.000000 1.000000</float_array>
        <technique_common>
          <accessor source="#mixamorig_Neck-Matrix-animation-output-transform-array" count="18" stride="16">
            <param type="float4x4"/>
          </accessor>
        </technique_common>
      </source>
      <source id="mixamorig_Neck-Interpolations">
        <Name_array id="mixamorig_Neck-Interpolations-array" count="18">
 LINEAR LINEAR LINEAR LINEAR LINEAR LINEAR LINEAR LINEAR LINEAR LINEAR LINEAR
LINEAR LINEAR LINEAR LINEAR LINEAR LINEAR LINEAR</Name_array>
        <technique_common>
          <accessor source="#mixamorig_Neck-Interpolations-array" count="18">
            <param type="name"/>
          </accessor>
        </technique_common>
      </source>
      <sampler id="mixamorig_Neck-Matrix-animation-transform">
        <input semantic="INPUT" source="#mixamorig_Neck-Matrix-animation-input"/>
        <input semantic="OUTPUT" source="#mixamorig_Neck-Matrix-animation-output-transform"/>
        <input semantic="INTERPOLATION" source="#mixamorig_Neck-Interpolations"/>
      </sampler>
      <channel source="#mixamorig_Neck-Matrix-animation-transform" target="mixamorig_Neck/matrix"/>
    </animation>
    <animation id="mixamorig_Head-anim" name="mixamorig_Head">
      <source id="mixamorig_Head-Matrix-animation-input">
        <float_array id="mixamorig_Head-Matrix-animation-input-array" count="18">

0.000000 0.033333 0.066667 0.100000 0.133333 0.166667 0.200000 0.233333 0.266667 0.300000 0.333333 0.366667 0.400000 0.433333 0.466667 0.500000
0.533333 0.566667</float_array>
        <technique_common>
          <accessor source="#mixamorig_Head-Matrix-animation-input-array" count="18">
            <param name="TIME" type="float"/>
          </accessor>
        </technique_common>
      </source>
      <source id="mixamorig_Head-Matrix-animation-output-transform">
        <float_array id="mixamorig_Head-Matrix-animation-output-transform-array" count="288">

0.912383 0.079624 0.401518 0.000000 -0.112642 0.991866 0.059267 5.564000 -0.393533 -0.099302 0.913931 0.988100 0.000000 0.000000 0.000000 1.000000
0.907432 0.090564 0.410323 0.000000 -0.121056 0.991441 0.048892 5.564000 -0.402383 -0.094039 0.910629 0.988100 0.000000 0.000000 0.000000 1.000000
0.903171 0.101004 0.417229 -0.000000 -0.130154 0.990607 0.041933 5.564000 -0.409074 -0.092177 0.907833 0.988100 0.000000 0.000000 0.000000 1.000000
0.904983 0.108295 0.411433 0.000000 -0.145618 0.987497 0.060376 5.564000 -0.399751 -0.114551 0.909438 0.988100 0.000000 0.000000 0.000000 1.000000
0.912367 0.113547 0.393312 -0.000000 -0.167774 0.980084 0.106241 5.564000 -0.373416 -0.162918 0.913246 0.988100 0.000000 0.000000 0.000000 1.000000
0.917268 0.117490 0.380547 0.000000 -0.190580 0.968485 0.160362 5.564000 -0.349713 -0.219620 0.910751 0.988100 0.000000 0.000000 0.000000 1.000000
0.920525 0.118857 0.372164 0.000000 -0.206279 0.956857 0.204629 5.564000 -0.331786 -0.265135 0.905329 0.988100 0.000000 0.000000 0.000000 1.000000
0.924042 0.116181 0.364210 0.000000 -0.211130 0.949323 0.232832 5.564000 -0.318702 -0.292042 0.901743 0.988100 0.000000 0.000000 0.000000 1.000000
0.928614 0.110603 0.354178 0.000000 -0.209564 0.944055 0.254642 5.564000 -0.306199 -0.310687 0.899842 0.988100 0.000000 0.000000 0.000000 1.000000
0.933567 0.103581 0.343108 0.000000 -0.204880 0.939721 0.273769 5.564000 -0.294068 -0.325878 0.898514 0.988100 0.000000 0.000000 0.000000 1.000000
0.938708 0.096092 0.331050 -0.000000 -0.198776 0.935505 0.292094 5.564000 -0.281631 -0.339996 0.897266 0.988100 0.000000 0.000000 0.000000 1.000000
0.944960 0.087746 0.315200 -0.000000 -0.189789 0.931732 0.309606 5.564000 -0.266515 -0.352387 0.897103 0.988100 0.000000 0.000000 0.000000 1.000000
0.950566 0.080467 0.299916 -0.000000 -0.182038 0.926873 0.328280 5.564000 -0.251568 -0.366648 0.895702 0.988100 0.000000 0.000000 0.000000 1.000000
0.954703 0.074511 0.288080 -0.000000 -0.176324 0.921519 0.345995 5.564000 -0.239691 -0.381118 0.892915 0.988100 0.000000 0.000000 0.000000 1.000000
0.958168 0.067765 0.278067 0.000000 -0.168103 0.919569 0.355155 5.564000 -0.231634 -0.387042 0.892493 0.988100 0.000000 0.000000 0.000000 1.000000
0.961321 0.060338 0.268740 0.000000 -0.157875 0.920228 0.358129 5.564000 -0.225693 -0.386704 0.894160 0.988100 0.000000 0.000000 0.000000 1.000000
0.964298 0.052778 0.259505 0.000000 -0.147247 0.921347 0.359774 5.564000 -0.220106 -0.385141 0.896225 0.988100 0.000000 0.000000 0.000000 1.000000
0.967126 0.045192 0.250249 0.000000 -0.136529 0.922500 0.361045 5.564000 -0.214539 -0.383342 0.898344 0.988100 0.000000 0.000000 0.000000 1.000000</float_array>
        <technique_common>
          <accessor source="#mixamorig_Head-Matrix-animation-output-transform-array" count="18" stride="16">
            <param type="float4x4"/>
          </accessor>
        </technique_common>
      </source>
      <source id="mixamorig_Head-Interpolations">
        <Name_array id="mixamorig_Head-Interpolations-array" count="18">
 LINEAR LINEAR LINEAR LINEAR LINEAR LINEAR LINEAR LINEAR LINEAR LINEAR LINEAR
LINEAR LINEAR LINEAR LINEAR LINEAR LINEAR LINEAR</Name_array>
        <technique_common>
          <accessor source="#mixamorig_Head-Interpolations-array" count="18">
            <param type="name"/>
          </accessor>
        </technique_common>
      </source>
      <sampler id="mixamorig_Head-Matrix-animation-transform">
        <input semantic="INPUT" source="#mixamorig_Head-Matrix-animation-input"/>
        <input semantic="OUTPUT" source="#mixamorig_Head-Matrix-animation-output-transform"/>
        <input semantic="INTERPOLATION" source="#mixamorig_Head-Interpolations"/>
      </sampler>
      <channel source="#mixamorig_Head-Matrix-animation-transform" target="mixamorig_Head/matrix"/>
    </animation>
    <animation id="mixamorig_LeftShoulder-anim" name="mixamorig_LeftShoulder">
      <source id="mixamorig_LeftShoulder-Matrix-animation-input">
        <float_array id="mixamorig_LeftShoulder-Matrix-animation-input-array" count="18">

0.000000 0.033333 0.066667 0.100000 0.133333 0.166667 0.200000 0.233333 0.266667 0.300000 0.333333 0.366667 0.400000 0.433333 0.466667 0.500000
0.533333 0.566667</float_array>
        <technique_common>
          <accessor source="#mixamorig_LeftShoulder-Matrix-animation-input-array" count="18">
            <param name="TIME" type="float"/>
          </accessor>
        </technique_common>
      </source>
      <source id="mixamorig_LeftShoulder-Matrix-animation-output-transform">
        <float_array id="mixamorig_LeftShoulder-Matrix-animation-output-transform-array" count="288">

0.174230 0.964502 -0.198445 5.935000 -0.041764 -0.194108 -0.980091 13.670200 -0.983819 0.179049 0.006462 -1.662600 0.000000 0.000000 0.000000 1.000000
0.140978 0.972382 -0.186008 5.935000 -0.034870 -0.182891 -0.982515 13.670200 -0.989398 0.144999 0.008123 -1.662600 0.000000 0.000000 0.000000 1.000000
0.118513 0.978566 -0.168414 5.935000 -0.029395 -0.166078 -0.985674 13.670200 -0.992517 0.121766 0.009083 -1.662600 0.000000 0.000000 0.000000 1.000000
0.124746 0.982647 -0.137271 5.935000 -0.025247 -0.135163 -0.990502 13.670200 -0.991867 0.127027 0.007948 -1.662600 0.000000 0.000000 0.000000 1.000000
0.147279 0.984220 -0.098078 5.935000 -0.020045 -0.096169 -0.995163 13.670200 -0.988892 0.148532 0.005565 -1.662600 0.000000 0.000000 0.000000 1.000000
0.174788 0.982980 -0.056557 5.935000 -0.013021 -0.055129 -0.998394 13.670200 -0.984520 0.175244 0.003163 -1.662600 0.000000 0.000000 0.000000 1.000000
0.196361 0.980354 -0.018665 5.935000 -0.005569 -0.017920 -0.999824 13.670200 -0.980516 0.196430 0.001941 -1.662600 0.000000 0.000000 0.000000 1.000000
0.207973 0.978035 0.013973 5.935000 0.000654 0.014147 -0.999900 13.670200 -0.978134 0.207961 0.002303 -1.662600 0.000000 0.000000 0.000000 1.000000
0.215559 0.975439 0.045302 5.935000 0.006331 0.044996 -0.998967 13.670200 -0.976470 0.215624 0.003523 -1.662600 0.000000 0.000000 0.000000 1.000000
0.220664 0.972450 0.075157 5.935000 0.011383 0.074484 -0.997157 13.670200 -0.975283 0.220892 0.005367 -1.662600 0.000000 0.000000 0.000000 1.000000
0.224255 0.969078 0.102947 5.935000 0.015707 0.102030 -0.994657 13.670200 -0.974404 0.224674 0.007660 -1.662600 0.000000 0.000000 0.000000 1.000000
0.227280 0.965368 0.128091 5.935000 0.019315 0.127039 -0.991710 13.670200 -0.973638 0.227870 0.010228 -1.662600 0.000000 0.000000 0.000000 1.000000
0.230663 0.961399 0.150023 5.935000 0.022314 0.148914 -0.988598 13.670200 -0.972778 0.231381 0.012896 -1.662600 0.000000 0.000000 0.000000 1.000000
0.235236 0.957302 0.168038 5.935000 0.024812 0.166918 -0.985659 13.670200 -0.971621 0.236032 0.015512 -1.662600 0.000000 0.000000 0.000000 1.000000
0.240700 0.953829 0.179647 5.935000 0.025892 0.178713 -0.983561 13.670200 -0.970254 0.241394 0.018320 -1.662600 0.000000 0.000000 0.000000 1.000000
0.246380 0.951237 0.185594 5.935000 0.025403 0.185093 -0.982393 13.670200 -0.968840 0.246756 0.021439 -1.662600 0.000000 0.000000 0.000000 1.000000
0.252150 0.948990 0.189310 5.935000 0.024312 0.189357 -0.981607 13.670200 -0.967383 0.252115 0.024674 -1.662600 0.000000 0.000000 0.000000 1.000000
0.257879 0.946456 0.194217 5.935000 0.023666 0.194768 -0.980564 13.670200 -0.965887 0.257463 0.027828 -1.662600 0.000000 0.000000 0.000000 1.000000</float_array>
        <technique_common>
          <accessor source="#mixamorig_LeftShoulder-Matrix-animation-output-transform-array" count="18" stride="16">
            <param type="float4x4"/>
          </accessor>
        </technique_common>
      </source>
      <source id="mixamorig_LeftShoulder-Interpolations">
        <Name_array id="mixamorig_LeftShoulder-Interpolations-array" count="18">
 LINEAR LINEAR LINEAR LINEAR LINEAR LINEAR LINEAR LINEAR LINEAR LINEAR LINEAR
LINEAR LINEAR LINEAR LINEAR LINEAR LINEAR LINEAR</Name_array>
        <technique_common>
          <accessor source="#mixamorig_LeftShoulder-Interpolations-array" count="18">
            <param type="name"/>
          </accessor>
        </technique_common>
      </source>
      <sampler id="mixamorig_LeftShoulder-Matrix-animation-transform">
        <input semantic="INPUT" source="#mixamorig_LeftShoulder-Matrix-animation-input"/>
        <input semantic="OUTPUT" source="#mixamorig_LeftShoulder-Matrix-animation-output-transform"/>
        <input semantic="INTERPOLATION" source="#mixamorig_LeftShoulder-Interpolations"/>
      </sampler>
      <channel source="#mixamorig_LeftShoulder-Matrix-animation-transform" target="mixamorig_LeftShoulder/matrix"/>
    </animation>
    <animation id="mixamorig_LeftArm-anim" name="mixamorig_LeftArm">
      <source id="mixamorig_LeftArm-Matrix-animation-input">
        <float_array id="mixamorig_LeftArm-Matrix-animation-input-array" count="18">

0.000000 0.033333 0.066667 0.100000 0.133333 0.166667 0.200000 0.233333 0.266667 0.300000 0.333333 0.366667 0.400000 0.433333 0.466667 0.500000
0.533333 0.566667</float_array>
        <technique_common>
          <accessor source="#mixamorig_LeftArm-Matrix-animation-input-array" count="18">
            <param name="TIME" type="float"/>
          </accessor>
        </technique_common>
      </source>
      <source id="mixamorig_LeftArm-Matrix-animation-output-transform">
        <float_array id="mixamorig_LeftArm-Matrix-animation-output-transform-array" count="288">

0.963288 -0.234405 0.130883 0.000000 0.264779 0.748941 -0.607437 12.607900 0.044362 0.619792 0.783512 0.000000 0.000000 0.000000 0.000000 1.000000
0.958030 -0.273885 0.084645 0.000000 0.267297 0.746771 -0.609003 12.607900 0.103587 0.606069 0.788638 0.000000 0.000000 0.000000 0.000000 1.000000
0.952489 -0.302449 0.035916 0.000000 0.260504 0.747888 -0.610574 12.607900 0.157806 0.590921 0.791144 -0.000000 0.000000 0.000000 0.000000 1.000000
0.954379 -0.297659 -0.023643 0.000000 0.223940 0.765887 -0.602717 12.607900 0.197512 0.569926 0.797605 -0.000000 0.000000 0.000000 0.000000 1.000000
0.958498 -0.270692 -0.089485 0.000000 0.169579 0.793623 -0.584299 12.607900 0.229182 0.544875 0.806589 0.000000 0.000000 0.000000 0.000000 1.000000
0.959154 -0.240078 -0.149617 -0.000000 0.117376 0.818981 -0.561687 12.607900 0.257382 0.521183 0.813709 0.000000 0.000000 0.000000 0.000000 1.000000
0.953996 -0.228095 -0.194584 0.000000 0.087650 0.832834 -0.546540 12.607900 0.286720 0.504342 0.814513 0.000000 0.000000 0.000000 0.000000 1.000000
0.943055 -0.247703 -0.222016 0.000000 0.089630 0.831979 -0.547519 12.607900 0.320335 0.496441 0.806804 0.000000 0.000000 0.000000 0.000000 1.000000
0.927595 -0.288357 -0.237524 0.000000 0.111217 0.820111 -0.561292 12.607900 0.356649 0.494235 0.792801 0.000000 0.000000 0.000000 0.000000 1.000000
0.908332 -0.340769 -0.242508 -0.000000 0.143296 0.798275 -0.584998 12.607900 0.392937 0.496622 0.773930 0.000000 0.000000 0.000000 0.000000 1.000000
0.886673 -0.396286 -0.238261 0.000000 0.178199 0.768325 -0.614753 12.607900 0.426680 0.502627 0.751871 0.000000 0.000000 0.000000 0.000000 1.000000
0.865094 -0.447100 -0.227408 0.000000 0.209645 0.734132 -0.645832 12.607900 0.455699 0.511030 0.728826 -0.000000 0.000000 0.000000 0.000000 1.000000
0.846784 -0.486871 -0.214273 -0.000000 0.232934 0.701534 -0.673492 12.607900 0.478224 0.520391 0.707457 0.000000 0.000000 0.000000 0.000000 1.000000
0.835074 -0.510832 -0.204209 0.000000 0.244749 0.677409 -0.693696 12.607900 0.492695 0.529308 0.690713 0.000000 0.000000 0.000000 0.000000 1.000000
0.832649 -0.517701 -0.196673 0.000000 0.246303 0.664259 -0.705758 12.607900 0.496014 0.539208 0.680606 0.000000 0.000000 0.000000 0.000000 1.000000
0.837152 -0.513267 -0.189031 0.000000 0.242482 0.658038 -0.712873 12.607900 0.490284 0.550947 0.675336 0.000000 0.000000 0.000000 0.000000 1.000000
0.844152 -0.504465 -0.181449 0.000000 0.236679 0.654368 -0.718182 12.607900 0.481032 0.563309 0.671782 0.000000 0.000000 0.000000 0.000000 1.000000
0.849578 -0.497972 -0.173900 -0.000000 0.232128 0.649030 -0.724483 12.607900 0.473639 0.575138 0.666995 0.000000 0.000000 0.000000 0.000000 1.000000</float_array>
        <technique_common>
          <accessor source="#mixamorig_LeftArm-Matrix-animation-output-transform-array" count="18" stride="16">
            <param type="float4x4"/>
          </accessor>
        </technique_common>
      </source>
      <source id="mixamorig_LeftArm-Interpolations">
        <Name_array id="mixamorig_LeftArm-Interpolations-array" count="18">
 LINEAR LINEAR LINEAR LINEAR LINEAR LINEAR LINEAR LINEAR LINEAR LINEAR LINEAR
LINEAR LINEAR LINEAR LINEAR LINEAR LINEAR LINEAR</Name_array>
        <technique_common>
          <accessor source="#mixamorig_LeftArm-Interpolations-array" count="18">
            <param type="name"/>
          </accessor>
        </technique_common>
      </source>
      <sampler id="mixamorig_LeftArm-Matrix-animation-transform">
        <input semantic="INPUT" source="#mixamorig_LeftArm-Matrix-animation-input"/>
        <input semantic="OUTPUT" source="#mixamorig_LeftArm-Matrix-animation-output-transform"/>
        <input semantic="INTERPOLATION" source="#mixamorig_LeftArm-Interpolations"/>
      </sampler>
      <channel source="#mixamorig_LeftArm-Matrix-animation-transform" target="mixamorig_LeftArm/matrix"/>
    </animation>
    <animation id="mixamorig_LeftForeArm-anim" name="mixamorig_LeftForeArm">
      <source id="mixamorig_LeftForeArm-Matrix-animation-input">
        <float_array id="mixamorig_LeftForeArm-Matrix-animation-input-array" count="18">

0.000000 0.033333 0.066667 0.100000 0.133333 0.166667 0.200000 0.233333 0.266667 0.300000 0.333333 0.366667 0.400000 0.433333 0.466667 0.500000
0.533333 0.566667</float_array>
        <technique_common>
          <accessor source="#mixamorig_LeftForeArm-Matrix-animation-input-array" count="18">
            <param name="TIME" type="float"/>
          </accessor>
        </technique_common>
      </source>
      <source id="mixamorig_LeftForeArm-Matrix-animation-output-transform">
        <float_array id="mixamorig_LeftForeArm-Matrix-animation-output-transform-array" count="288">

-0.061235 -0.998000 -0.015691 0.000000 0.849642 -0.043869 -0.525533 25.574301 0.523793 -0.045513 0.850629 0.000000 0.000000 0.000000 0.000000 1.000000
0.011715 -0.999361 -0.033764 0.000000 0.814002 0.029143 -0.580131 25.574301 0.580744 -0.020688 0.813823 0.000000 0.000000 0.000000 0.000000 1.000000
0.078360 -0.995079 -0.060635 0.000000 0.780533 0.099075 -0.617213 25.574301 0.620184 0.001037 0.784456 0.000000 0.000000 0.000000 0.000000 1.000000
0.139436 -0.986164 -0.089657 -0.000000 0.769411 0.164893 -0.617104 25.574301 0.623349 0.017064 0.781757 0.000000 0.000000 0.000000 0.000000 1.000000
0.199998 -0.972961 -0.115528 0.000000 0.769131 0.228948 -0.596675 25.574301 0.606991 0.030478 0.794124 0.000000 0.000000 0.000000 0.000000 1.000000
0.255000 -0.957446 -0.135175 0.000000 0.774088 0.285911 -0.564838 25.574301 0.579450 0.039396 0.814055 0.000000 0.000000 0.000000 0.000000 1.000000
0.298176 -0.942821 -0.148930 -0.000000 0.780851 0.330676 -0.530025 25.574301 0.548966 0.041749 0.834802 0.000000 0.000000 0.000000 0.000000 1.000000
0.327850 -0.930973 -0.160633 0.000000 0.790247 0.363423 -0.493390 25.574301 0.517711 0.034819 0.854847 0.000000 0.000000 0.000000 0.000000 1.000000
0.350057 -0.920783 -0.172103 0.000000 0.804286 0.389631 -0.448677 25.574301 0.480191 0.018643 0.876966 0.000000 0.000000 0.000000 0.000000 1.000000
