<?xml version="1.0" encoding="utf-8"?>
<COLLADA xmlns="http://www.collada.org/2005/11/COLLADASchema" version="1.4.1">
  <asset>
    <contributor>
      <author>Mixamo</author>
      <authoring_tool>COLLADA Mixamo exporter</authoring_tool>
      <comments/>
    </contributor>
    <created>2022-12-10T03:23:24Z</created>
    <modified>2022-12-10T03:23:24Z</modified>
    <revision/>
    <title/>
    <unit meter="0.010000"/>
    <up_axis>Y_UP</up_axis>
  </asset>
  <library_animations>
    <animation id="mixamorig_Hips-anim" name="mixamorig_Hips">
      <source id="mixamorig_Hips-Matrix-animation-input">
        <float_array id="mixamorig_Hips-Matrix-animation-input-array" count="29">

0.000000 0.033333 0.066667 0.100000 0.133333 0.166667 0.200000 0.233333 0.266667 0.300000 0.333333 0.366667 0.400000 0.433333 0.466667 0.500000
0.533333 0.566667 0.600000 0.633333 0.666667 0.700000 0.733333 0.766667 0.800000 0.833333 0.866667 0.900000 0.933333</float_array>
        <technique_common>
          <accessor source="#mixamorig_Hips-Matrix-animation-input-array" count="29">
            <param name="TIME" type="float"/>
          </accessor>
        </technique_common>
      </source>
      <source id="mixamorig_Hips-Matrix-animation-output-transform">
        <float_array id="mixamorig_Hips-Matrix-animation-output-transform-array" count="464">

0.582187 -0.121236 -0.803965 -0.024757 -0.014364 0.987132 -0.159259 80.561317 0.812928 0.104267 0.572954 0.029944 0.000000 0.000000 0.000000 1.000000
0.536343 -0.128277 -0.834195 1.713635 -0.020153 0.986154 -0.164601 81.181046 0.843759 0.105094 0.526332 3.040777 0.000000 0.000000 0.000000 1.000000
0.489312 -0.135224 -0.861561 3.443563 -0.026156 0.985186 -0.169482 81.797005 0.871716 0.105465 0.478527 6.065590 0.000000 0.000000 0.000000 1.000000
0.447471 -0.141504 -0.883032 5.183803 -0.030862 0.984371 -0.173383 82.310226 0.893766 0.104836 0.436111 8.953030 0.000000 0.000000 0.000000 1.000000
0.407439 -0.147022 -0.901320 6.932698 -0.033106 0.983929 -0.175463 82.777328 0.912632 0.101330 0.396024 11.468232 0.000000 0.000000 0.000000 1.000000
0.362565 -0.152881 -0.919333 8.643722 -0.036511 0.983366 -0.177928 83.344177 0.931243 0.098077 0.350952 13.620681 0.000000 0.000000 0.000000 1.000000
0.311560 -0.159370 -0.936766 10.453727 -0.037573 0.982998 -0.179731 83.754684 0.949483 0.091194 0.300275 15.228335 0.000000 0.000000 0.000000 1.000000
0.255150 -0.165626 -0.952610 12.566545 -0.036780 0.982844 -0.180734 83.658661 0.966202 0.081151 0.244681 16.064341 0.000000 0.000000 0.000000 1.000000
0.195838 -0.171196 -0.965577 14.995939 -0.035411 0.982767 -0.181426 83.194588 0.979997 0.069722 0.186401 16.050524 0.000000 0.000000 0.000000 1.000000
0.134447 -0.175756 -0.975210 17.569252 -0.034185 0.982736 -0.181825 82.586327 0.990331 0.057783 0.126118 15.437898 0.000000 0.000000 0.000000 1.000000
0.070561 -0.179007 -0.981314 20.118158 -0.033454 0.982788 -0.181681 81.991592 0.996946 0.045649 0.063358 14.505175 0.000000 0.000000 0.000000 1.000000
0.004392 -0.181024 -0.983469 22.488281 -0.032866 0.982921 -0.181069 81.455124 0.999450 0.033118 -0.001632 13.570249 0.000000 0.000000 0.000000 1.000000
-0.062646 -0.181981 -0.981304 24.550102 -0.032272 0.983091 -0.180252 81.095222 0.997514 0.020377 -0.067459 12.517735 0.000000 0.000000 0.000000 1.000000
-0.130032 -0.181877 -0.974686 26.309877 -0.031631 0.983292 -0.179264 80.979088 0.991005 0.007520 -0.133612 11.421556 0.000000 0.000000 0.000000 1.000000
-0.197289 -0.180681 -0.963552 27.463848 -0.030985 0.983528 -0.178082 81.251175 0.979856 -0.005278 -0.199637 10.386870 0.000000 0.000000 0.000000 1.000000
-0.263802 -0.178501 -0.947917 28.286230 -0.030331 0.983777 -0.176813 81.657127 0.964100 -0.017892 -0.264936 9.309235 0.000000 0.000000 0.000000 1.000000
-0.329213 -0.175274 -0.927846 28.420446 -0.029666 0.984056 -0.175366 82.187027 0.943790 -0.030207 -0.329164 7.983281 0.000000 0.000000 0.000000 1.000000
-0.392971 -0.171017 -0.903508 27.796965 -0.028807 0.984361 -0.173791 82.727455 0.919099 -0.042267 -0.391752 6.462132 0.000000 0.000000 0.000000 1.000000
-0.454623 -0.165872 -0.875102 26.400433 -0.027897 0.984676 -0.172148 83.176666 0.890247 -0.053850 -0.452284 5.013151 0.000000 0.000000 0.000000 1.000000
-0.513685 -0.159897 -0.842948 24.593437 -0.026873 0.984997 -0.170466 83.406494 0.857558 -0.064913 -0.510275 3.845700 0.000000 0.000000 0.000000 1.000000
-0.569969 -0.153156 -0.807266 22.726427 -0.025688 0.985316 -0.168798 83.449913 0.821265 -0.075472 -0.565533 2.848817 0.000000 0.000000 0.000000 1.000000
-0.623058 -0.145780 -0.768470 19.982313 -0.024423 0.985625 -0.167173 83.255493 0.781794 -0.085390 -0.617662 2.020992 0.000000 0.000000 0.000000 1.000000
-0.672859 -0.137869 -0.726811 16.568771 -0.023134 0.985921 -0.165603 82.857376 0.739409 -0.094614 -0.666575 1.345045 0.000000 0.000000 0.000000 1.000000
-0.727706 -0.127843 -0.673870 12.958698 -0.021520 0.986248 -0.163867 82.318291 0.685552 -0.104745 -0.720450 0.753427 0.000000 0.000000 0.000000 1.000000
-0.782356 -0.116162 -0.611903 9.410101 -0.019641 0.986567 -0.162174 81.744217 0.622522 -0.114859 -0.774128 0.307188 0.000000 0.000000 0.000000 1.000000
-0.818560 -0.107258 -0.564319 6.559435 -0.018186 0.986759 -0.161171 81.385033 0.574134 -0.121665 -0.809672 0.128723 0.000000 0.000000 0.000000 1.000000
-0.847606 -0.099260 -0.521260 4.255795 -0.016910 0.986902 -0.160433 81.095947 0.530357 -0.127170 -0.838182 0.052854 0.000000 0.000000 0.000000 1.000000
-0.873012 -0.091416 -0.479055 2.135232 -0.015655 0.987022 -0.159821 80.831741 0.487448 -0.132026 -0.863113 0.013762 0.000000 0.000000 0.000000 1.000000
-0.896477 -0.083259 -0.435198 -0.025601 -0.014365 0.987132 -0.159259 80.561256 0.442858 -0.136520 -0.886137 -0.029278 0.000000 0.000000 0.000000 1.000000</float_array>
        <technique_common>
          <accessor source="#mixamorig_Hips-Matrix-animation-output-transform-array" count="29" stride="16">
            <param type="float4x4"/>
          </accessor>
        </technique_common>
      </source>
      <source id="mixamorig_Hips-Interpolations">
        <Name_array id="mixamorig_Hips-Interpolations-array" count="29">
 LINEAR LINEAR LINEAR LINEAR LINEAR LINEAR LINEAR LINEAR LINEAR LINEAR LINEAR
LINEAR LINEAR LINEAR LINEAR LINEAR LINEAR LINEAR LINEAR LINEAR LINEAR LINEAR LINEAR
LINEAR LINEAR LINEAR LINEAR LINEAR LINEAR</Name_array>
        <technique_common>
          <accessor source="#mixamorig_Hips-Interpolations-array" count="29">
            <param type="name"/>
          </accessor>
        </technique_common>
      </source>
      <sampler id="mixamorig_Hips-Matrix-animation-transform">
        <input semantic="INPUT" source="#mixamorig_Hips-Matrix-animation-input"/>
        <input semantic="OUTPUT" source="#mixamorig_Hips-Matrix-animation-output-transform"/>
        <input semantic="INTERPOLATION" source="#mixamorig_Hips-Interpolations"/>
      </sampler>
      <channel source="#mixamorig_Hips-Matrix-animation-transform" target="mixamorig_Hips/matrix"/>
    </animation>
    <animation id="mixamorig_Spine-anim" name="mixamorig_Spine">
      <source id="mixamorig_Spine-Matrix-animation-input">
        <float_array id="mixamorig_Spine-Matrix-animation-input-array" count="29">

0.000000 0.033333 0.066667 0.100000 0.133333 0.166667 0.200000 0.233333 0.266667 0.300000 0.333333 0.366667 0.400000 0.433333 0.466667 0.500000
0.533333 0.566667 0.600000 0.633333 0.666667 0.700000 0.733333 0.766667 0.800000 0.833333 0.866667 0.900000 0.933333</float_array>
        <technique_common>
          <accessor source="#mixamorig_Spine-Matrix-animation-input-array" count="29">
            <param name="TIME" type="float"/>
          </accessor>
        </technique_common>
      </source>
      <source id="mixamorig_Spine-Matrix-animation-output-transform">
        <float_array id="mixamorig_Spine-Matrix-animation-output-transform-array" count="464">

0.996514 0.049267 0.067320 0.017300 -0.047751 0.998572 -0.023939 10.574800 -0.068403 0.020641 0.997444 -1.117200 0.000000 0.000000 0.000000 1.000000
0.997071 0.034531 0.068240 0.017300 -0.033265 0.999254 -0.019603 10.574800 -0.068866 0.017275 0.997476 -1.117200 0.000000 0.000000 0.000000 1.000000
0.997444 0.019661 0.068691 0.017300 -0.018652 0.999709 -0.015302 10.574800 -0.068972 0.013981 0.997521 -1.117200 0.000000 0.000000 0.000000 1.000000
0.997999 0.006862 0.062852 0.017300 -0.005874 0.999856 -0.015894 10.574800 -0.062952 0.015493 0.997896 -1.117200 0.000000 0.000000 0.000000 1.000000
0.998170 -0.000477 0.060468 0.017300 0.001684 0.999800 -0.019915 10.574800 -0.060447 0.019981 0.997971 -1.117200 0.000000 0.000000 0.000000 1.000000
0.997943 -0.004293 0.063960 0.017300 0.005318 0.999860 -0.015861 10.574800 -0.063883 0.016169 0.997826 -1.117200 0.000000 0.000000 0.000000 1.000000
0.997625 -0.004665 0.068721 0.017300 0.005594 0.999896 -0.013319 10.574800 -0.068651 0.013672 0.997547 -1.117200 0.000000 0.000000 0.000000 1.000000
0.997255 -0.002656 0.073991 0.017300 0.003647 0.999905 -0.013258 10.574800 -0.073948 0.013492 0.997171 -1.117200 0.000000 0.000000 0.000000 1.000000
0.996908 0.001469 0.078561 0.017300 -0.000318 0.999893 -0.014653 10.574800 -0.078574 0.014583 0.996802 -1.117200 0.000000 0.000000 0.000000 1.000000
0.996693 0.008607 0.080801 0.017300 -0.007249 0.999828 -0.017080 10.574800 -0.080934 0.016438 0.996584 -1.117200 0.000000 0.000000 0.000000 1.000000
0.996647 0.019733 0.079404 0.017300 -0.018225 0.999640 -0.019672 10.574800 -0.079763 0.018159 0.996648 -1.117200 0.000000 0.000000 0.000000 1.000000
0.996663 0.034504 0.073971 0.017300 -0.032897 0.999198 -0.022842 10.574800 -0.074699 0.020332 0.996999 -1.117200 0.000000 0.000000 0.000000 1.000000
0.996665 0.052636 0.062351 0.017300 -0.050977 0.998310 -0.027903 10.574800 -0.063714 0.024631 0.997664 -1.117200 0.000000 0.000000 0.000000 1.000000
0.996259 0.071755 0.048159 0.017300 -0.070141 0.996944 -0.034404 10.574800 -0.050481 0.030897 0.998247 -1.117200 0.000000 0.000000 0.000000 1.000000
0.995392 0.089985 0.033114 0.017300 -0.088563 0.995178 -0.042160 10.574800 -0.036748 0.039033 0.998562 -1.117200 0.000000 0.000000 0.000000 1.000000
0.994815 0.099890 0.019095 0.017300 -0.098801 0.993784 -0.051307 10.574800 -0.024102 0.049154 0.998500 -1.117200 0.000000 0.000000 0.000000 1.000000
0.994538 0.104285 0.004414 0.017300 -0.103846 0.992847 -0.058912 10.574800 -0.010526 0.058132 0.998253 -1.117200 0.000000 0.000000 0.000000 1.000000
0.994169 0.107628 -0.006715 0.017300 -0.107837 0.992243 -0.061850 10.574800 0.000006 0.062214 0.998063 -1.117200 0.000000 0.000000 0.000000 1.000000
0.993958 0.109660 -0.004697 0.017300 -0.109738 0.991966 -0.062935 10.574800 -0.002243 0.063071 0.998007 -1.117200 0.000000 0.000000 0.000000 1.000000
0.993987 0.109433 0.003687 0.017300 -0.109002 0.992142 -0.061417 10.574800 -0.010379 0.060646 0.998105 -1.117200 0.000000 0.000000 0.000000 1.000000
0.994084 0.107446 0.015877 0.017300 -0.106379 0.992676 -0.057250 10.574800 -0.021912 0.055222 0.998234 -1.117200 0.000000 0.000000 0.000000 1.000000
0.994110 0.104256 0.029591 0.017300 -0.102645 0.993380 -0.051569 10.574800 -0.034771 0.048228 0.998231 -1.117200 0.000000 0.000000 0.000000 1.000000
0.994068 0.099807 0.043216 0.017300 -0.097853 0.994175 -0.045181 10.574800 -0.047473 0.040684 0.998044 -1.117200 0.000000 0.000000 0.000000 1.000000
0.994033 0.094163 0.055065 0.017300 -0.092098 0.994989 -0.038915 10.574800 -0.058453 0.033611 0.997724 -1.117200 0.000000 0.000000 0.000000 1.000000
0.994149 0.087382 0.063500 0.017300 -0.085378 0.995781 -0.033624 10.574800 -0.066170 0.028006 0.997415 -1.117200 0.000000 0.000000 0.000000 1.000000
0.994590 0.079011 0.067441 0.017300 -0.077143 0.996573 -0.029866 10.574800 -0.069570 0.024502 0.997276 -1.117200 0.000000 0.000000 0.000000 1.000000
0.995273 0.069215 0.068126 0.017300 -0.067489 0.997346 -0.027331 10.574800 -0.069836 0.022604 0.997302 -1.117200 0.000000 0.000000 0.000000 1.000000
0.995956 0.059129 0.067646 0.017300 -0.057518 0.998018 -0.025529 10.574800 -0.069021 0.021535 0.997383 -1.117200 0.000000 0.000000 0.000000 1.000000
0.996514 0.049266 0.067320 0.017300 -0.047750 0.998572 -0.023939 10.574800 -0.068404 0.020641 0.997444 -1.117200 0.000000 0.000000 0.000000 1.000000</float_array>
        <technique_common>
          <accessor source="#mixamorig_Spine-Matrix-animation-output-transform-array" count="29" stride="16">
            <param type="float4x4"/>
          </accessor>
        </technique_common>
      </source>
      <source id="mixamorig_Spine-Interpolations">
        <Name_array id="mixamorig_Spine-Interpolations-array" count="29">
 LINEAR LINEAR LINEAR LINEAR LINEAR LINEAR LINEAR LINEAR LINEAR LINEAR LINEAR
LINEAR LINEAR LINEAR LINEAR LINEAR LINEAR LINEAR LINEAR LINEAR LINEAR LINEAR LINEAR
LINEAR LINEAR LINEAR LINEAR LINEAR LINEAR</Name_array>
        <technique_common>
          <accessor source="#mixamorig_Spine-Interpolations-array" count="29">
            <param type="name"/>
          </accessor>
        </technique_common>
      </source>
      <sampler id="mixamorig_Spine-Matrix-animation-transform">
        <input semantic="INPUT" source="#mixamorig_Spine-Matrix-animation-input"/>
        <input semantic="OUTPUT" source="#mixamorig_Spine-Matrix-animation-output-transform"/>
        <input semantic="INTERPOLATION" source="#mixamorig_Spine-Interpolations"/>
      </sampler>
      <channel source="#mixamorig_Spine-Matrix-animation-transform" target="mixamorig_Spine/matrix"/>
    </animation>
    <animation id="mixamorig_Spine1-anim" name="mixamorig_Spine1">
      <source id="mixamorig_Spine1-Matrix-animation-input">
        <float_array id="mixamorig_Spine1-Matrix-animation-input-array" count="29">

0.000000 0.033333 0.066667 0.100000 0.133333 0.166667 0.200000 0.233333 0.266667 0.300000 0.333333 0.366667 0.400000 0.433333 0.466667 0.500000
0.533333 0.566667 0.600000 0.633333 0.666667 0.700000 0.733333 0.766667 0.800000 0.833333 0.866667 0.900000 0.933333</float_array>
        <technique_common>
          <accessor source="#mixamorig_Spine1-Matrix-animation-input-array" count="29">
            <param name="TIME" type="float"/>
          </accessor>
        </technique_common>
      </source>
      <source id="mixamorig_Spine1-Matrix-animation-output-transform">
        <float_array id="mixamorig_Spine1-Matrix-animation-output-transform-array" count="464">

0.998872 -0.042937 0.020256 0.000000 0.043364 0.998836 -0.021139 12.406000 -0.019325 0.021994 0.999571 0.000000 0.000000 0.000000 0.000000 1.000000
0.998660 -0.047624 0.020252 0.000000 0.048034 0.998640 -0.020268 12.406000 -0.019260 0.021213 0.999589 -0.000000 0.000000 0.000000 0.000000 1.000000
0.998423 -0.052475 0.019943 0.000000 0.052857 0.998419 -0.019136 12.406000 -0.018908 0.020160 0.999618 0.000000 0.000000 0.000000 0.000000 1.000000
0.998268 -0.056031 0.017909 0.000000 0.056357 0.998244 -0.018264 12.406000 -0.016855 0.019241 0.999673 0.000000 0.000000 0.000000 0.000000 1.000000
0.998133 -0.058694 0.016915 0.000000 0.058993 0.998101 -0.017712 12.406000 -0.015843 0.018677 0.999700 -0.000000 0.000000 0.000000 0.000000 1.000000
0.997965 -0.061259 0.017724 0.000000 0.061547 0.997973 -0.016189 12.406000 -0.016696 0.017247 0.999712 0.000000 0.000000 0.000000 0.000000 1.000000
0.997900 -0.061904 0.019051 0.000000 0.062197 0.997948 -0.015240 12.406000 -0.018069 0.016393 0.999702 -0.000000 0.000000 0.000000 0.000000 1.000000
0.997937 -0.060798 0.020621 0.000000 0.061112 0.998019 -0.014928 12.406000 -0.019672 0.016157 0.999676 0.000000 0.000000 0.000000 0.000000 1.000000
0.998041 -0.058540 0.022085 0.000000 0.058891 0.998142 -0.015600 12.406000 -0.021131 0.016870 0.999634 0.000000 0.000000 0.000000 0.000000 1.000000
0.998196 -0.055454 0.023030 0.000000 0.055869 0.998280 -0.017792 12.406000 -0.022004 0.019047 0.999576 -0.000000 0.000000 0.000000 0.000000 1.000000
0.998379 -0.052010 0.023129 0.000000 0.052511 0.998387 -0.021584 12.406000 -0.021969 0.022763 0.999499 0.000000 0.000000 0.000000 0.000000 1.000000
0.998603 -0.047921 0.022254 0.000000 0.048504 0.998473 -0.026457 12.406000 -0.020953 0.027499 0.999402 0.000000 0.000000 0.000000 0.000000 1.000000
0.998903 -0.042454 0.019778 -0.000000 0.043068 0.998569 -0.031717 12.406000 -0.018403 0.032534 0.999301 0.000000 0.000000 0.000000 0.000000 1.000000
0.999198 -0.036437 0.016628 0.000000 0.037033 0.998626 -0.037081 12.406000 -0.015254 0.037668 0.999174 0.000000 0.000000 0.000000 0.000000 1.000000
0.999448 -0.030464 0.013225 0.000000 0.030999 0.998625 -0.042276 12.406000 -0.011918 0.042663 0.999018 0.000000 0.000000 0.000000 0.000000 1.000000
0.999614 -0.025985 0.009840 0.000000 0.026419 0.998551 -0.046885 12.406000 -0.008607 0.047127 0.998852 -0.000000 0.000000 0.000000 0.000000 1.000000
0.999724 -0.022714 0.006081 0.000000 0.022991 0.998474 -0.050204 12.406000 -0.004931 0.050330 0.998720 0.000000 0.000000 0.000000 0.000000 1.000000
0.999786 -0.020435 0.003248 0.000000 0.020576 0.998445 -0.051814 12.406000 -0.002184 0.051869 0.998651 0.000000 0.000000 0.000000 0.000000 1.000000
0.999809 -0.019158 0.003904 -0.000000 0.019338 0.998426 -0.052643 12.406000 -0.002889 0.052709 0.998606 -0.000000 0.000000 0.000000 0.000000 1.000000
0.999801 -0.018968 0.006169 0.000000 0.019264 0.998450 -0.052213 12.406000 -0.005169 0.052322 0.998617 0.000000 0.000000 0.000000 0.000000 1.000000
0.999764 -0.019611 0.009386 0.000000 0.020061 0.998520 -0.050547 12.406000 -0.008381 0.050724 0.998678 0.000000 0.000000 0.000000 0.000000 1.000000
0.999699 -0.020840 0.012954 -0.000000 0.021439 0.998619 -0.047967 12.406000 -0.011936 0.048230 0.998765 0.000000 0.000000 0.000000 0.000000 1.000000
0.999609 -0.022630 0.016425 0.000000 0.023345 0.998728 -0.044703 12.406000 -0.015392 0.045069 0.998865 0.000000 0.000000 0.000000 0.000000 1.000000
0.999501 -0.024946 0.019354 0.000000 0.025723 0.998828 -0.040990 12.406000 -0.018309 0.041467 0.998972 0.000000 0.000000 0.000000 0.000000 1.000000
0.999388 -0.027754 0.021294 0.000000 0.028530 0.998907 -0.037038 12.406000 -0.020243 0.037623 0.999087 0.000000 0.000000 0.000000 0.000000 1.000000
0.999273 -0.031197 0.021936 0.000000 0.031905 0.998956 -0.032688 12.406000 -0.020893 0.033364 0.999225 -0.000000 0.000000 0.000000 0.000000 1.000000
0.999148 -0.035146 0.021626 -0.000000 0.035753 0.998958 -0.028355 12.406000 -0.020607 0.029104 0.999364 0.000000 0.000000 0.000000 0.000000 1.000000
0.999014 -0.039123 0.020996 -0.000000 0.039632 0.998915 -0.024439 12.406000 -0.020017 0.025247 0.999481 0.000000 0.000000 0.000000 0.000000 1.000000
0.998869 -0.042936 0.020427 0.000000 0.043362 0.998841 -0.020886 12.406000 -0.019507 0.021748 0.999573 0.000000 0.000000 0.000000 0.000000 1.000000</float_array>
        <technique_common>
          <accessor source="#mixamorig_Spine1-Matrix-animation-output-transform-array" count="29" stride="16">
            <param type="float4x4"/>
          </accessor>
        </technique_common>
      </source>
      <source id="mixamorig_Spine1-Interpolations">
        <Name_array id="mixamorig_Spine1-Interpolations-array" count="29">
 LINEAR LINEAR LINEAR LINEAR LINEAR LINEAR LINEAR LINEAR LINEAR LINEAR LINEAR
LINEAR LINEAR LINEAR LINEAR LINEAR LINEAR LINEAR LINEAR LINEAR LINEAR LINEAR LINEAR
LINEAR LINEAR LINEAR LINEAR LINEAR LINEAR</Name_array>
        <technique_common>
          <accessor source="#mixamorig_Spine1-Interpolations-array" count="29">
            <param type="name"/>
          </accessor>
        </technique_common>
      </source>
      <sampler id="mixamorig_Spine1-Matrix-animation-transform">
        <input semantic="INPUT" source="#mixamorig_Spine1-Matrix-animation-input"/>
        <input semantic="OUTPUT" source="#mixamorig_Spine1-Matrix-animation-output-transform"/>
        <input semantic="INTERPOLATION" source="#mixamorig_Spine1-Interpolations"/>
      </sampler>
      <channel source="#mixamorig_Spine1-Matrix-animation-transform" target="mixamorig_Spine1/matrix"/>
    </animation>
    <animation id="mixamorig_Spine2-anim" name="mixamorig_Spine2">
      <source id="mixamorig_Spine2-Matrix-animation-input">
        <float_array id="mixamorig_Spine2-Matrix-animation-input-array" count="29">

0.000000 0.033333 0.066667 0.100000 0.133333 0.166667 0.200000 0.233333 0.266667 0.300000 0.333333 0.366667 0.400000 0.433333 0.466667 0.500000
0.533333 0.566667 0.600000 0.633333 0.666667 0.700000 0.733333 0.766667 0.800000 0.833333 0.866667 0.900000 0.933333</float_array>
        <technique_common>
          <accessor source="#mixamorig_Spine2-Matrix-animation-input-array" count="29">
            <param name="TIME" type="float"/>
          </accessor>
        </technique_common>
      </source>
      <source id="mixamorig_Spine2-Matrix-animation-output-transform">
        <float_array id="mixamorig_Spine2-Matrix-animation-output-transform-array" count="464">

0.999542 -0.019835 0.022868 0.000000 0.022207 0.993834 -0.108633 14.178300 -0.020573 0.109091 0.993819 0.000000 0.000000 0.000000 0.000000 1.000000
0.999432 -0.024525 0.023099 0.000000 0.026878 0.993815 -0.107747 14.178300 -0.020314 0.108307 0.993910 0.000000 0.000000 0.000000 0.000000 1.000000
0.999298 -0.029390 0.023218 0.000000 0.031705 0.993797 -0.106590 14.178300 -0.019942 0.107252 0.994032 0.000000 0.000000 0.000000 0.000000 1.000000
0.999219 -0.033126 0.021526 -0.000000 0.035222 0.993777 -0.105676 14.178300 -0.017891 0.106352 0.994168 0.000000 0.000000 0.000000 0.000000 1.000000
0.999140 -0.035876 0.020792 0.000000 0.037870 0.993741 -0.105095 14.178300 -0.016892 0.105792 0.994245 0.000000 0.000000 0.000000 0.000000 1.000000
0.999026 -0.038352 0.021833 0.000000 0.040415 0.993801 -0.103572 14.178300 -0.017726 0.104354 0.994382 0.000000 0.000000 0.000000 0.000000 1.000000
0.998974 -0.038865 0.023228 0.000000 0.041053 0.993871 -0.102643 14.178300 -0.019096 0.103491 0.994447 0.000000 0.000000 0.000000 0.000000 1.000000
0.998987 -0.037613 0.024701 0.000000 0.039954 0.993945 -0.102359 14.178300 -0.020701 0.103242 0.994441 0.000000 0.000000 0.000000 0.000000 1.000000
0.999043 -0.035224 0.025941 -0.000000 0.037721 0.993960 -0.103059 14.178300 -0.022154 0.103939 0.994337 0.000000 0.000000 0.000000 0.000000 1.000000
0.999133 -0.032062 0.026555 0.000000 0.034690 0.993838 -0.105270 14.178300 -0.023016 0.106100 0.994089 0.000000 0.000000 0.000000 0.000000 1.000000
0.999245 -0.028624 0.026264 0.000000 0.031327 0.993541 -0.109063 14.178300 -0.022972 0.109803 0.993688 0.000000 0.000000 0.000000 0.000000 1.000000
0.999386 -0.024634 0.024931 0.000000 0.027321 0.993114 -0.113924 14.178300 -0.021953 0.114535 0.993177 0.000000 0.000000 0.000000 0.000000 1.000000
0.999572 -0.019418 0.021883 -0.000000 0.021893 0.992632 -0.119174 14.178300 -0.019408 0.119602 0.992632 0.000000 0.000000 0.000000 0.000000 1.000000
0.999742 -0.013717 0.018119 -0.000000 0.015869 0.992089 -0.124529 14.178300 -0.016268 0.124785 0.992050 0.000000 0.000000 0.000000 0.000000 1.000000
0.999868 -0.008087 0.014115 -0.000000 0.009851 0.991502 -0.129716 14.178300 -0.012946 0.129838 0.991451 0.000000 0.000000 0.000000 0.000000 1.000000
0.999939 -0.003954 0.010265 -0.000000 0.005297 0.990923 -0.134324 14.178300 -0.009641 0.134370 0.990884 0.000000 0.000000 0.000000 0.000000 1.000000
0.999980 -0.001059 0.006170 -0.000000 0.001898 0.990478 -0.137659 14.178300 -0.005966 0.137668 0.990460 0.000000 0.000000 0.000000 0.000000 1.000000
0.999995 0.000941 0.003119 0.000000 -0.000497 0.990250 -0.139298 14.178300 -0.003219 0.139296 0.990246 0.000000 0.000000 0.000000 0.000000 1.000000
0.999991 0.002264 0.003667 0.000000 -0.001728 0.990131 -0.140135 14.178300 -0.003948 0.140127 0.990126 0.000000 0.000000 0.000000 0.000000 1.000000
0.999979 0.002663 0.005933 0.000000 -0.001808 0.990192 -0.139701 14.178300 -0.006247 0.139687 0.990176 0.000000 0.000000 0.000000 0.000000 1.000000
0.999955 0.002328 0.009238 0.000000 -0.001031 0.990428 -0.138028 14.178300 -0.009471 0.138012 0.990385 -0.000000 0.000000 0.000000 0.000000 1.000000
0.999915 0.001447 0.012960 -0.000000 0.000322 0.990785 -0.135441 14.178300 -0.013036 0.135434 0.990701 0.000000 0.000000 0.000000 0.000000 1.000000
0.999861 -0.000000 0.016648 0.000000 0.002201 0.991224 -0.132173 14.178300 -0.016502 0.132191 0.991087 0.000000 0.000000 0.000000 0.000000 1.000000
0.999801 -0.002024 0.019852 0.000000 0.004558 0.991705 -0.128456 14.178300 -0.019428 0.128521 0.991517 0.000000 0.000000 0.000000 0.000000 1.000000
0.999745 -0.004631 0.022120 0.000000 0.007349 0.992204 -0.124406 14.178300 -0.021371 0.124537 0.991985 0.000000 0.000000 0.000000 0.000000 1.000000
0.999700 -0.007998 0.023146 0.000000 0.010723 0.992701 -0.120122 14.178300 -0.022016 0.120334 0.992489 0.000000 0.000000 0.000000 0.000000 1.000000
0.999658 -0.011960 0.023260 0.000000 0.014578 0.993158 -0.115864 14.178300 -0.021715 0.116164 0.992993 -0.000000 0.000000 0.000000 0.000000 1.000000
0.999607 -0.015981 0.023045 0.000000 0.018465 0.993541 -0.111962 14.178300 -0.021107 0.112343 0.993445 0.000000 0.000000 0.000000 0.000000 1.000000
0.999542 -0.019835 0.022868 0.000000 0.022202 0.993858 -0.108412 14.178300 -0.020578 0.108870 0.993843 0.000000 0.000000 0.000000 0.000000 1.000000</float_array>
        <technique_common>
          <accessor source="#mixamorig_Spine2-Matrix-animation-output-transform-array" count="29" stride="16">
            <param type="float4x4"/>
          </accessor>
        </technique_common>
      </source>
      <source id="mixamorig_Spine2-Interpolations">
        <Name_array id="mixamorig_Spine2-Interpolations-array" count="29">
 LINEAR LINEAR LINEAR LINEAR LINEAR LINEAR LINEAR LINEAR LINEAR LINEAR LINEAR
LINEAR LINEAR LINEAR LINEAR LINEAR LINEAR LINEAR LINEAR LINEAR LINEAR LINEAR LINEAR
LINEAR LINEAR LINEAR LINEAR LINEAR LINEAR</Name_array>
        <technique_common>
          <accessor source="#mixamorig_Spine2-Interpolations-array" count="29">
            <param type="name"/>
          </accessor>
        </technique_common>
      </source>
      <sampler id="mixamorig_Spine2-Matrix-animation-transform">
        <input semantic="INPUT" source="#mixamorig_Spine2-Matrix-animation-input"/>
        <input semantic="OUTPUT" source="#mixamorig_Spine2-Matrix-animation-output-transform"/>
        <input semantic="INTERPOLATION" source="#mixamorig_Spine2-Interpolations"/>
      </sampler>
      <channel source="#mixamorig_Spine2-Matrix-animation-transform" target="mixamorig_Spine2/matrix"/>
    </animation>
    <animation id="mixamorig_Neck-anim" name="mixamorig_Neck">
      <source id="mixamorig_Neck-Matrix-animation-input">
        <float_array id="mixamorig_Neck-Matrix-animation-input-array" count="29">

0.000000 0.033333 0.066667 0.100000 0.133333 0.166667 0.200000 0.233333 0.266667 0.300000 0.333333 0.366667 0.400000 0.433333 0.466667 0.500000
0.533333 0.566667 0.600000 0.633333 0.666667 0.700000 0.733333 0.766667 0.800000 0.833333 0.866667 0.900000 0.933333</float_array>
        <technique_common>
          <accessor source="#mixamorig_Neck-Matrix-animation-input-array" count="29">
            <param name="TIME" type="float"/>
          </accessor>
        </technique_common>
      </source>
      <source id="mixamorig_Neck-Matrix-animation-output-transform">
        <float_array id="mixamorig_Neck-Matrix-animation-output-transform-array" count="464">

0.985070 0.027000 0.170026 0.024400 -0.032878 0.998952 0.031849 15.862300 -0.168988 -0.036964 0.984925 -1.675800 0.000000 0.000000 0.000000 1.000000
0.992967 0.026393 0.115414 0.024400 -0.031163 0.998725 0.039719 15.862300 -0.114219 -0.043036 0.992523 -1.675800 0.000000 0.000000 0.000000 1.000000
0.998289 0.025773 0.052489 0.024400 -0.028297 0.998449 0.047939 15.862300 -0.051172 -0.049343 0.997470 -1.675800 0.000000 0.000000 0.000000 1.000000
0.999601 0.025170 -0.012811 0.024400 -0.024423 0.998161 0.055478 15.862300 0.014184 -0.055143 0.998378 -1.675800 0.000000 0.000000 0.000000 1.000000
0.996924 0.024595 -0.074410 0.024400 -0.020019 0.997899 0.061626 15.862300 0.075770 -0.059947 0.995322 -1.675800 0.000000 0.000000 0.000000 1.000000
0.991697 0.024071 -0.126327 0.024400 -0.015803 0.997691 0.066052 15.862300 0.127625 -0.063507 0.989787 -1.675800 0.000000 0.000000 0.000000 1.000000
0.986372 0.023667 -0.162820 0.024400 -0.012590 0.997556 0.068733 15.862300 0.164049 -0.065746 0.984259 -1.675800 0.000000 0.000000 0.000000 1.000000
0.983686 0.023484 -0.178354 0.024400 -0.011164 0.997501 0.069764 15.862300 0.179547 -0.066635 0.981490 -1.675800 0.000000 0.000000 0.000000 1.000000
0.984013 0.021582 -0.176783 0.024400 -0.009248 0.997483 0.070301 15.862300 0.177855 -0.067542 0.981736 -1.675800 0.000000 0.000000 0.000000 1.000000
0.985457 0.015933 -0.169176 0.024400 -0.003792 0.997408 0.071849 15.862300 0.169883 -0.070163 0.982963 -1.675800 0.000000 0.000000 0.000000 1.000000
0.987542 0.007641 -0.157170 0.024400 0.004125 0.997220 0.074399 15.862300 0.157302 -0.074120 0.984765 -1.675800 0.000000 0.000000 0.000000 1.000000
0.989899 -0.002007 -0.141758 0.024400 0.013166 0.996880 0.077826 15.862300 0.141160 -0.078907 0.986837 -1.675800 0.000000 0.000000 0.000000 1.000000
0.992219 -0.011723 -0.123951 0.024400 0.022007 0.996395 0.081928 15.862300 0.122543 -0.084018 0.988900 -1.675800 0.000000 0.000000 0.000000 1.000000
0.994291 -0.020215 -0.104771 0.024400 0.029348 0.995830 0.086378 15.862300 0.102588 -0.088959 0.990738 -1.675800 0.000000 0.000000 0.000000 1.000000
0.996015 -0.026190 -0.085255 0.024400 0.033937 0.995298 0.090717 15.862300 0.082478 -0.093249 0.992221 -1.675800 0.000000 0.000000 0.000000 1.000000
0.997387 -0.028357 -0.066439 0.024400 0.034574 0.994936 0.094374 15.862300 0.063427 -0.096424 0.993317 -1.675800 0.000000 0.000000 0.000000 1.000000
0.998588 -0.024330 -0.047217 0.024400 0.028836 0.994842 0.097246 15.862300 0.044607 -0.098471 0.994140 -1.675800 0.000000 0.000000 0.000000 1.000000
0.999582 -0.013844 -0.025365 0.024400 0.016298 0.994928 0.099257 15.862300 0.023862 -0.099629 0.994739 -1.675800 0.000000 0.000000 0.000000 1.000000
0.999988 -0.002411 -0.004246 0.024400 0.002819 0.995079 0.099042 15.862300 0.003986 -0.099053 0.995074 -1.675800 0.000000 0.000000 0.000000 1.000000
0.999655 0.004897 0.025791 0.024400 -0.007328 0.995451 0.094998 15.862300 -0.025209 -0.095154 0.995143 -1.675800 0.000000 0.000000 0.000000 1.000000
0.998669 0.012604 0.050017 0.024400 -0.017035 0.995869 0.089194 15.862300 -0.048686 -0.089927 0.994758 -1.675800 0.000000 0.000000 0.000000 1.000000
0.997731 0.021321 0.063855 0.024400 -0.026592 0.996207 0.082857 15.862300 -0.061846 -0.084367 0.994514 -1.675800 0.000000 0.000000 0.000000 1.000000
0.996985 0.029984 0.071572 0.024400 -0.035442 0.996459 0.076248 15.862300 -0.069033 -0.078555 0.994517 -1.675800 0.000000 0.000000 0.000000 1.000000
0.996292 0.037527 0.077422 0.024400 -0.042938 0.996661 0.069451 15.862300 -0.074557 -0.072517 0.994577 -1.675800 0.000000 0.000000 0.000000 1.000000
0.995402 0.042890 0.085646 0.024400 -0.048322 0.996881 0.062403 15.862300 -0.082702 -0.066254 0.994370 -1.675800 0.000000 0.000000 0.000000 1.000000
0.993932 0.044971 0.100384 0.024400 -0.050672 0.997201 0.054976 15.862300 -0.097631 -0.059729 0.993429 -1.675800 0.000000 0.000000 0.000000 1.000000
0.991676 0.041642 0.121836 0.024400 -0.047692 0.997748 0.047162 15.862300 -0.119598 -0.052580 0.991429 -1.675800 0.000000 0.000000 0.000000 1.000000
0.988714 0.034628 0.145757 0.024400 -0.040771 0.998393 0.039370 15.862300 -0.144159 -0.044868 0.988537 -1.675800 0.000000 0.000000 0.000000 1.000000
0.985070 0.027000 0.170026 0.024400 -0.032878 0.998952 0.031849 15.862300 -0.168988 -0.036964 0.984925 -1.675800 0.000000 0.000000 0.000000 1.000000</float_array>
        <technique_common>
          <accessor source="#mixamorig_Neck-Matrix-animation-output-transform-array" count="29" stride="16">
            <param type="float4x4"/>
          </accessor>
        </technique_common>
      </source>
      <source id="mixamorig_Neck-Interpolations">
        <Name_array id="mixamorig_Neck-Interpolations-array" count="29">
 LINEAR LINEAR LINEAR LINEAR LINEAR LINEAR LINEAR LINEAR LINEAR LINEAR LINEAR
LINEAR LINEAR LINEAR LINEAR LINEAR LINEAR LINEAR LINEAR LINEAR LINEAR LINEAR LINEAR
LINEAR LINEAR LINEAR LINEAR LINEAR LINEAR</Name_array>
        <technique_common>
          <accessor source="#mixamorig_Neck-Interpolations-array" count="29">
            <param type="name"/>
          </accessor>
        </technique_common>
      </source>
      <sampler id="mixamorig_Neck-Matrix-animation-transform">
        <input semantic="INPUT" source="#mixamorig_Neck-Matrix-animation-input"/>
        <input semantic="OUTPUT" source="#mixamorig_Neck-Matrix-animation-output-transform"/>
        <input semantic="INTERPOLATION" source="#mixamorig_Neck-Interpolations"/>
      </sampler>
      <channel source="#mixamorig_Neck-Matrix-animation-transform" target="mixamorig_Neck/matrix"/>
    </animation>
    <animation id="mixamorig_Head-anim" name="mixamorig_Head">
      <source id="mixamorig_Head-Matrix-animation-input">
        <float_array id="mixamorig_Head-Matrix-animation-input-array" count="29">

0.000000 0.033333 0.066667 0.100000 0.133333 0.166667 0.200000 0.233333 0.266667 0.300000 0.333333 0.366667 0.400000 0.433333 0.466667 0.500000
0.533333 0.566667 0.600000 0.633333 0.666667 0.700000 0.733333 0.766667 0.800000 0.833333 0.866667 0.900000 0.933333</float_array>
        <technique_common>
          <accessor source="#mixamorig_Head-Matrix-animation-input-array" count="29">
            <param name="TIME" type="float"/>
          </accessor>
        </technique_common>
      </source>
      <source id="mixamorig_Head-Matrix-animation-output-transform">
        <float_array id="mixamorig_Head-Matrix-animation-output-transform-array" count="464">

0.912383 0.079624 0.401518 0.000000 -0.112642 0.991866 0.059267 5.564000 -0.393533 -0.099302 0.913931 0.988100 0.000000 0.000000 0.000000 1.000000
0.934173 0.073660 0.349135 0.000000 -0.104996 0.991887 0.071668 5.564000 -0.341024 -0.103608 0.934328 0.988100 0.000000 0.000000 0.000000 1.000000
0.955366 0.066833 0.287765 -0.000000 -0.094986 0.991844 0.084992 5.564000 -0.279738 -0.108532 0.953922 0.988100 0.000000 0.000000 0.000000 1.000000
0.972992 0.059773 0.222966 0.000000 -0.083308 0.991725 0.097682 5.564000 -0.215282 -0.113619 0.969920 0.988100 0.000000 0.000000 0.000000 1.000000
0.985554 0.053108 0.160818 -0.000000 -0.071143 0.991543 0.108544 5.564000 -0.153693 -0.118417 0.980997 0.988100 0.000000 0.000000 0.000000 1.000000
0.993052 0.047468 0.107675 0.000000 -0.060053 0.991336 0.116821 5.564000 -0.101196 -0.122476 0.987299 0.988100 0.000000 0.000000 0.000000 1.000000
0.996606 0.043482 0.069899 0.000000 -0.051811 0.991160 0.122136 5.564000 -0.063970 -0.125343 0.990049 0.988100 0.000000 0.000000 0.000000 1.000000
0.997682 0.041779 0.053714 0.000000 -0.048193 0.991078 0.124269 5.564000 -0.048043 -0.126569 0.990794 0.988100 0.000000 0.000000 0.000000 1.000000
0.997696 0.038978 0.055520 0.000000 -0.045656 0.991157 0.124590 5.564000 -0.050173 -0.126838 0.990654 0.988100 0.000000 0.000000 0.000000 1.000000
0.997478 0.030823 0.063934 -0.000000 -0.038666 0.991363 0.125318 5.564000 -0.059519 -0.127474 0.990054 0.988100 0.000000 0.000000 0.000000 1.000000
0.996847 0.018703 0.077109 0.000000 -0.028404 0.991535 0.126693 5.564000 -0.074087 -0.128484 0.988940 0.988100 0.000000 0.000000 0.000000 1.000000
0.995578 0.004347 0.093838 0.000000 -0.016471 0.991532 0.128814 5.564000 -0.092483 -0.129790 0.987219 0.988100 0.000000 0.000000 0.000000 1.000000
0.993549 -0.010513 0.112912 -0.000000 -0.004475 0.991284 0.131667 5.564000 -0.113312 -0.131323 0.984842 0.988100 0.000000 0.000000 0.000000 1.000000
0.990805 -0.024143 0.133125 0.000000 0.005996 0.990818 0.135068 5.564000 -0.135164 -0.133028 0.981852 0.988100 0.000000 0.000000 0.000000 1.000000
0.987567 -0.034814 0.153298 -0.000000 0.013388 0.990253 0.138638 5.564000 -0.156630 -0.134862 0.978407 0.988100 0.000000 0.000000 0.000000 1.000000
0.984203 -0.040797 0.172278 0.000000 0.016202 0.989760 0.141822 5.564000 -0.176299 -0.136791 0.974786 0.988100 0.000000 0.000000 0.000000 1.000000
0.980825 -0.039850 0.190770 0.000000 0.012108 0.989440 0.144433 5.564000 -0.194512 -0.139354 0.970951 0.988100 0.000000 0.000000 0.000000 1.000000
0.976973 -0.032055 0.210943 -0.000000 0.000858 0.989232 0.146351 5.564000 -0.213363 -0.142800 0.966481 0.988100 0.000000 0.000000 0.000000 1.000000
0.972759 -0.021656 0.230806 0.000000 -0.012693 0.989158 0.146304 5.564000 -0.231472 -0.145248 0.961937 0.988100 0.000000 0.000000 0.000000 1.000000
0.965603 -0.012260 0.259731 0.000000 -0.026032 0.989311 0.143479 5.564000 -0.258714 -0.145305 0.954963 0.988100 0.000000 0.000000 0.000000 1.000000
0.958709 -0.001786 0.284384 0.000000 -0.039455 0.989474 0.139225 5.564000 -0.281639 -0.144696 0.948547 0.988100 0.000000 0.000000 0.000000 1.000000
0.953771 0.009935 0.300372 0.000000 -0.052525 0.989582 0.134050 5.564000 -0.295910 -0.143630 0.944356 0.988100 0.000000 0.000000 0.000000 1.000000
0.950124 0.022259 0.311078 0.000000 -0.065086 0.989639 0.127979 5.564000 -0.305007 -0.141843 0.941728 0.988100 0.000000 0.000000 0.000000 1.000000
0.946849 0.034540 0.319819 0.000000 -0.076937 0.989679 0.120894 5.564000 -0.312343 -0.139075 0.939734 0.988100 0.000000 0.000000 0.000000 1.000000
0.942899 0.046132 0.329867 0.000000 -0.087795 0.989761 0.112538 5.564000 -0.321298 -0.135073 0.937295 0.988100 0.000000 0.000000 0.000000 1.000000
0.937140 0.056392 0.344366 -0.000000 -0.097238 0.989968 0.102507 5.564000 -0.335131 -0.129549 0.933222 0.988100 0.000000 0.000000 0.000000 1.000000
0.929592 0.064866 0.362838 0.000000 -0.104100 0.990520 0.089625 5.564000 -0.353585 -0.121086 0.927532 0.988100 0.000000 0.000000 0.000000 1.000000
0.921247 0.072332 0.382194 0.000000 -0.108811 0.991253 0.074681 5.564000 -0.373449 -0.110387 0.921060 0.988100 0.000000 0.000000 0.000000 1.000000
0.912383 0.079624 0.401518 0.000000 -0.112642 0.991866 0.059267 5.564000 -0.393533 -0.099302 0.913932 0.988100 0.000000 0.000000 0.000000 1.000000</float_array>
        <technique_common>
          <accessor source="#mixamorig_Head-Matrix-animation-output-transform-array" count="29" stride="16">
            <param type="float4x4"/>
          </accessor>
        </technique_common>
      </source>
      <source id="mixamorig_Head-Interpolations">
        <Name_array id="mixamorig_Head-Interpolations-array" count="29">
 LINEAR LINEAR LINEAR LINEAR LINEAR LINEAR LINEAR LINEAR LINEAR LINEAR LINEAR
LINEAR LINEAR LINEAR LINEAR LINEAR LINEAR LINEAR LINEAR LINEAR LINEAR LINEAR LINEAR
LINEAR LINEAR LINEAR LINEAR LINEAR LINEAR</Name_array>
        <technique_common>
          <accessor source="#mixamorig_Head-Interpolations-array" count="29">
            <param type="name"/>
          </accessor>
        </technique_common>
      </source>
      <sampler id="mixamorig_Head-Matrix-animation-transform">
        <input semantic="INPUT" source="#mixamorig_Head-Matrix-animation-input"/>
        <input semantic="OUTPUT" source="#mixamorig_Head-Matrix-animation-output-transform"/>
        <input semantic="INTERPOLATION" source="#mixamorig_Head-Interpolations"/>
      </sampler>
      <channel source="#mixamorig_Head-Matrix-animation-transform" target="mixamorig_Head/matrix"/>
    </animation>
    <animation id="mixamorig_LeftShoulder-anim" name="mixamorig_LeftShoulder">
      <source id="mixamorig_LeftShoulder-Matrix-animation-input">
        <float_array id="mixamorig_LeftShoulder-Matrix-animation-input-array" count="29">

0.000000 0.033333 0.066667 0.100000 0.133333 0.166667 0.200000 0.233333 0.266667 0.300000 0.333333 0.366667 0.400000 0.433333 0.466667 0.500000
0.533333 0.566667 0.600000 0.633333 0.666667 0.700000 0.733333 0.766667 0.800000 0.833333 0.866667 0.900000 0.933333</float_array>
        <technique_common>
          <accessor source="#mixamorig_LeftShoulder-Matrix-animation-input-array" count="29">
            <param name="TIME" type="float"/>
          </accessor>
        </technique_common>
      </source>
