<?xml version="1.0" encoding="utf-8"?>
<COLLADA xmlns="http://www.collada.org/2005/11/COLLADASchema" version="1.4.1">
  <asset>
    <contributor>
      <author>Mixamo</author>
      <authoring_tool>COLLADA Mixamo exporter</authoring_tool>
      <comments/>
    </contributor>
    <created>2022-12-10T03:36:29Z</created>
    <modified>2022-12-10T03:36:29Z</modified>
    <revision/>
    <title/>
    <unit meter="0.010000"/>
    <up_axis>Y_UP</up_axis>
  </asset>
  <library_animations>
    <animation id="mixamorig_Hips-anim" name="mixamorig_Hips">
      <source id="mixamorig_Hips-Matrix-animation-input">
        <float_array id="mixamorig_Hips-Matrix-animation-input-array" count="26">

0.000000 0.033333 0.066667 0.100000 0.133333 0.166667 0.200000 0.233333 0.266667 0.300000 0.333333 0.366667 0.400000 0.433333 0.466667 0.500000
0.533333 0.566667 0.600000 0.633333 0.666667 0.700000 0.733333 0.766667 0.800000 0.833333</float_array>
        <technique_common>
          <accessor source="#mixamorig_Hips-Matrix-animation-input-array" count="26">
            <param name="TIME" type="float"/>
          </accessor>
        </technique_common>
      </source>
      <source id="mixamorig_Hips-Matrix-animation-output-transform">
        <float_array id="mixamorig_Hips-Matrix-animation-output-transform-array" count="416">

0.977929 -0.112779 -0.175888 0.000794 0.047313 0.939475 -0.339334 85.597168 0.203512 0.323523 0.924076 0.037507 0.000000 0.000000 0.000000 1.000000
0.902476 -0.181799 -0.390496 -0.084758 0.081167 0.962102 -0.260330 83.392097 0.423024 0.203246 0.883030 3.349875 0.000000 0.000000 0.000000 1.000000
0.771770 -0.221263 -0.596166 0.101952 0.137398 0.973390 -0.183397 81.140205 0.620880 0.059628 0.781634 6.266513 0.000000 0.000000 0.000000 1.000000
0.594412 -0.226123 -0.771715 0.333871 0.206887 0.970350 -0.124972 78.770515 0.777092 -0.085373 0.623569 9.517618 0.000000 0.000000 0.000000 1.000000
0.389342 -0.204537 -0.898097 0.121555 0.267536 0.958110 -0.102223 76.136734 0.881384 -0.200473 0.427754 14.349233 0.000000 0.000000 0.000000 1.000000
0.170769 -0.169178 -0.970679 -0.758416 0.305573 0.945669 -0.111060 73.267242 0.936730 -0.277648 0.213187 21.215801 0.000000 0.000000 0.000000 1.000000
-0.039929 -0.112249 -0.992878 -2.060993 0.321799 0.939283 -0.119131 70.544144 0.945966 -0.324264 -0.001383 30.245096 0.000000 0.000000 0.000000 1.000000
-0.222289 -0.061003 -0.973070 -3.303671 0.320857 0.937871 -0.132093 67.834023 0.920673 -0.341579 -0.188906 40.837986 0.000000 0.000000 0.000000 1.000000
-0.363669 -0.051060 -0.930128 -3.741165 0.302671 0.937843 -0.169824 65.440704 0.880985 -0.343282 -0.325610 50.474136 0.000000 0.000000 0.000000 1.000000
-0.450617 -0.050193 -0.891305 -3.339595 0.281465 0.939506 -0.195208 64.750572 0.847184 -0.338835 -0.409230 57.041428 0.000000 0.000000 0.000000 1.000000
-0.496841 -0.026716 -0.867430 -2.498572 0.276143 0.942709 -0.187202 65.164146 0.822736 -0.332545 -0.460999 61.772339 0.000000 0.000000 0.000000 1.000000
-0.539335 -0.003381 -0.842085 -1.754341 0.272311 0.945563 -0.178205 65.814041 0.796847 -0.325421 -0.509054 65.931580 0.000000 0.000000 0.000000 1.000000
-0.582885 0.005016 -0.812539 -1.463833 0.263709 0.947020 -0.183329 66.473885 0.768572 -0.321134 -0.553327 68.908531 0.000000 0.000000 0.000000 1.000000
-0.613157 -0.010171 -0.789895 -1.405002 0.249256 0.946346 -0.205671 66.819443 0.749606 -0.322995 -0.577724 70.689575 0.000000 0.000000 0.000000 1.000000
-0.629934 -0.043172 -0.775448 -1.497861 0.232354 0.942247 -0.241211 67.128983 0.741077 -0.332125 -0.583522 71.737244 0.000000 0.000000 0.000000 1.000000
-0.640805 -0.082990 -0.763205 -1.689994 0.215342 0.934798 -0.282456 67.468430 0.736883 -0.345349 -0.581152 72.434517 0.000000 0.000000 0.000000 1.000000
-0.650461 -0.124147 -0.749325 -2.021100 0.199295 0.924088 -0.326103 67.954979 0.732927 -0.361454 -0.576342 72.749115 0.000000 0.000000 0.000000 1.000000
-0.660372 -0.164997 -0.732587 -2.473266 0.183965 0.910289 -0.370851 68.600418 0.728056 -0.379671 -0.570776 72.748512 0.000000 0.000000 0.000000 1.000000
-0.681691 -0.197045 -0.704606 -3.519324 0.172614 0.892550 -0.416604 70.123161 0.710986 -0.405620 -0.574431 71.352119 0.000000 0.000000 0.000000 1.000000
-0.748470 -0.197421 -0.633101 -5.194650 0.141150 0.885363 -0.442955 72.904099 0.647973 -0.420901 -0.634802 68.489029 0.000000 0.000000 0.000000 1.000000
-0.827306 -0.165187 -0.536915 -6.519635 0.108533 0.890777 -0.441290 75.561592 0.551167 -0.423355 -0.719017 65.115211 0.000000 0.000000 0.000000 1.000000
-0.894432 -0.111792 -0.433006 -7.413686 0.093461 0.900142 -0.425452 77.795326 0.437329 -0.421007 -0.794668 61.876743 0.000000 0.000000 0.000000 1.000000
-0.950928 -0.053040 -0.304833 -7.750118 0.079835 0.909780 -0.407341 79.802444 0.298936 -0.411689 -0.860900 58.684914 0.000000 0.000000 0.000000 1.000000
-0.988417 0.005921 -0.151650 -7.727408 0.064894 0.919771 -0.387052 81.756256 0.137192 -0.392410 -0.909501 55.446857 0.000000 0.000000 0.000000 1.000000
-0.998019 0.061860 0.011502 -7.585089 0.053439 0.929849 -0.364041 83.685425 -0.033215 -0.362705 -0.931312 52.222591 0.000000 0.000000 0.000000 1.000000
-0.979103 0.110908 0.170462 -7.515352 0.047341 0.939474 -0.339334 85.598907 -0.197779 -0.324173 -0.925092 49.089169 0.000000 0.000000 0.000000 1.000000</float_array>
        <technique_common>
          <accessor source="#mixamorig_Hips-Matrix-animation-output-transform-array" count="26" stride="16">
            <param type="float4x4"/>
          </accessor>
        </technique_common>
      </source>
      <source id="mixamorig_Hips-Interpolations">
        <Name_array id="mixamorig_Hips-Interpolations-array" count="26">
 LINEAR LINEAR LINEAR LINEAR LINEAR LINEAR LINEAR LINEAR LINEAR LINEAR LINEAR
LINEAR LINEAR LINEAR LINEAR LINEAR LINEAR LINEAR LINEAR LINEAR LINEAR LINEAR LINEAR
LINEAR LINEAR LINEAR</Name_array>
        <technique_common>
          <accessor source="#mixamorig_Hips-Interpolations-array" count="26">
            <param type="name"/>
          </accessor>
        </technique_common>
      </source>
      <sampler id="mixamorig_Hips-Matrix-animation-transform">
        <input semantic="INPUT" source="#mixamorig_Hips-Matrix-animation-input"/>
        <input semantic="OUTPUT" source="#mixamorig_Hips-Matrix-animation-output-transform"/>
        <input semantic="INTERPOLATION" source="#mixamorig_Hips-Interpolations"/>
      </sampler>
      <channel source="#mixamorig_Hips-Matrix-animation-transform" target="mixamorig_Hips/matrix"/>
    </animation>
    <animation id="mixamorig_Spine-anim" name="mixamorig_Spine">
      <source id="mixamorig_Spine-Matrix-animation-input">
        <float_array id="mixamorig_Spine-Matrix-animation-input-array" count="26">

0.000000 0.033333 0.066667 0.100000 0.133333 0.166667 0.200000 0.233333 0.266667 0.300000 0.333333 0.366667 0.400000 0.433333 0.466667 0.500000
0.533333 0.566667 0.600000 0.633333 0.666667 0.700000 0.733333 0.766667 0.800000 0.833333</float_array>
        <technique_common>
          <accessor source="#mixamorig_Spine-Matrix-animation-input-array" count="26">
            <param name="TIME" type="float"/>
          </accessor>
        </technique_common>
      </source>
      <source id="mixamorig_Spine-Matrix-animation-output-transform">
        <float_array id="mixamorig_Spine-Matrix-animation-output-transform-array" count="416">

0.990513 0.100643 0.093567 0.017300 -0.057989 0.923421 -0.379383 10.574800 -0.124584 0.370358 0.920497 -1.117200 0.000000 0.000000 0.000000 1.000000
0.992498 0.073116 0.097991 0.017300 -0.037084 0.943750 -0.328574 10.574800 -0.116503 0.322475 0.939381 -1.117200 0.000000 0.000000 0.000000 1.000000
0.993826 0.045212 0.101324 0.017300 -0.015553 0.960963 -0.276240 10.574800 -0.109858 0.272958 0.955733 -1.117200 0.000000 0.000000 0.000000 1.000000
0.994185 0.019238 0.105949 0.017300 0.004987 0.974630 -0.223765 10.574800 -0.107566 0.222993 0.968867 -1.117200 0.000000 0.000000 0.000000 1.000000
0.993090 -0.002130 0.117339 0.017300 0.021978 0.985520 -0.168126 10.574800 -0.115282 0.169543 0.978757 -1.117200 0.000000 0.000000 0.000000 1.000000
0.990443 -0.018428 0.136690 0.017300 0.033302 0.993665 -0.107338 10.574800 -0.133846 0.110864 0.984781 -1.117200 0.000000 0.000000 0.000000 1.000000
0.988654 -0.029720 0.147240 0.017300 0.043586 0.994818 -0.091858 10.574800 -0.143747 0.097233 0.984826 -1.117200 0.000000 0.000000 0.000000 1.000000
0.987555 -0.031189 0.154149 0.017300 0.050582 0.991050 -0.123533 10.574800 -0.148916 0.129793 0.980295 -1.117200 0.000000 0.000000 0.000000 1.000000
0.986519 -0.030208 0.160835 0.017300 0.056044 0.985749 -0.158612 10.574800 -0.153752 0.165488 0.974153 -1.117200 0.000000 0.000000 0.000000 1.000000
0.990026 -0.027602 0.138154 0.017300 0.055705 0.977403 -0.203913 10.574800 -0.129404 0.209575 0.969192 -1.117200 0.000000 0.000000 0.000000 1.000000
0.996640 -0.005362 0.081729 0.017300 0.028395 0.958590 -0.283372 10.574800 -0.076825 0.284741 0.955521 -1.117200 0.000000 0.000000 0.000000 1.000000
0.999428 0.019710 0.027496 0.017300 -0.008684 0.934981 -0.354592 10.574800 -0.032697 0.354150 0.934617 -1.117200 0.000000 0.000000 0.000000 1.000000
0.998954 0.044668 -0.009782 0.017300 -0.044830 0.914511 -0.402070 10.574800 -0.009014 0.402088 0.915557 -1.117200 0.000000 0.000000 0.000000 1.000000
0.997776 0.051995 -0.041706 0.017300 -0.064728 0.905189 -0.420052 10.574800 0.015911 0.421817 0.906541 -1.117200 0.000000 0.000000 0.000000 1.000000
0.996594 0.035261 -0.074541 0.017300 -0.062862 0.909906 -0.410024 10.574800 0.053368 0.413314 0.909023 -1.117200 0.000000 0.000000 0.000000 1.000000
0.993993 0.010163 -0.108975 0.017300 -0.052405 0.918318 -0.392359 10.574800 0.096086 0.395712 0.913334 -1.117200 0.000000 0.000000 0.000000 1.000000
0.989365 -0.019903 -0.144085 0.017300 -0.035071 0.928724 -0.369108 10.574800 0.141161 0.370236 0.918150 -1.117200 0.000000 0.000000 0.000000 1.000000
0.982255 -0.056134 -0.178952 0.017300 -0.007514 0.941613 -0.336614 10.574800 0.187399 0.331985 0.924482 -1.117200 0.000000 0.000000 0.000000 1.000000
0.973162 -0.096197 -0.209048 0.017300 0.032348 0.956598 -0.289609 10.574800 0.227834 0.275074 0.934037 -1.117200 0.000000 0.000000 0.000000 1.000000
0.969694 -0.125235 -0.209786 0.017300 0.064540 0.959440 -0.274426 10.574800 0.235644 0.252570 0.938446 -1.117200 0.000000 0.000000 0.000000 1.000000
0.970233 -0.123909 -0.208071 0.017300 0.059767 0.955128 -0.290100 10.574800 0.234681 0.269029 0.934103 -1.117200 0.000000 0.000000 0.000000 1.000000
0.977332 -0.094633 -0.189387 0.017300 0.031288 0.949279 -0.312876 10.574800 0.209389 0.299858 0.930721 -1.117200 0.000000 0.000000 0.000000 1.000000
0.989134 -0.051282 -0.137784 0.017300 0.003030 0.944103 -0.329637 10.574800 0.146986 0.325637 0.934000 -1.117200 0.000000 0.000000 0.000000 1.000000
0.997858 -0.001899 -0.065383 0.017300 -0.020655 0.939287 -0.342510 10.574800 0.062064 0.343127 0.937236 -1.117200 0.000000 0.000000 0.000000 1.000000
0.998642 0.049874 0.015075 0.017300 -0.041177 0.932765 -0.358125 10.574800 -0.031923 0.357018 0.933552 -1.117200 0.000000 0.000000 0.000000 1.000000
0.990511 0.100671 0.093554 0.017300 -0.058019 0.923418 -0.379385 10.574800 -0.124583 0.370358 0.920497 -1.117200 0.000000 0.000000 0.000000 1.000000</float_array>
        <technique_common>
          <accessor source="#mixamorig_Spine-Matrix-animation-output-transform-array" count="26" stride="16">
            <param type="float4x4"/>
          </accessor>
        </technique_common>
      </source>
      <source id="mixamorig_Spine-Interpolations">
        <Name_array id="mixamorig_Spine-Interpolations-array" count="26">
 LINEAR LINEAR LINEAR LINEAR LINEAR LINEAR LINEAR LINEAR LINEAR LINEAR LINEAR
LINEAR LINEAR LINEAR LINEAR LINEAR LINEAR LINEAR LINEAR LINEAR LINEAR LINEAR LINEAR
LINEAR LINEAR LINEAR</Name_array>
        <technique_common>
          <accessor source="#mixamorig_Spine-Interpolations-array" count="26">
            <param type="name"/>
          </accessor>
        </technique_common>
      </source>
      <sampler id="mixamorig_Spine-Matrix-animation-transform">
        <input semantic="INPUT" source="#mixamorig_Spine-Matrix-animation-input"/>
        <input semantic="OUTPUT" source="#mixamorig_Spine-Matrix-animation-output-transform"/>
        <input semantic="INTERPOLATION" source="#mixamorig_Spine-Interpolations"/>
      </sampler>
      <channel source="#mixamorig_Spine-Matrix-animation-transform" target="mixamorig_Spine/matrix"/>
    </animation>
    <animation id="mixamorig_Spine1-anim" name="mixamorig_Spine1">
      <source id="mixamorig_Spine1-Matrix-animation-input">
        <float_array id="mixamorig_Spine1-Matrix-animation-input-array" count="26">

0.000000 0.033333 0.066667 0.100000 0.133333 0.166667 0.200000 0.233333 0.266667 0.300000 0.333333 0.366667 0.400000 0.433333 0.466667 0.500000
0.533333 0.566667 0.600000 0.633333 0.666667 0.700000 0.733333 0.766667 0.800000 0.833333</float_array>
        <technique_common>
          <accessor source="#mixamorig_Spine1-Matrix-animation-input-array" count="26">
            <param name="TIME" type="float"/>
          </accessor>
        </technique_common>
      </source>
      <source id="mixamorig_Spine1-Matrix-animation-output-transform">
        <float_array id="mixamorig_Spine1-Matrix-animation-output-transform-array" count="416">

0.999425 0.007967 0.032946 0.000000 -0.006765 0.999313 -0.036428 12.406000 -0.033213 0.036185 0.998793 0.000000 0.000000 0.000000 0.000000 1.000000
0.999165 0.011483 0.039202 0.000000 -0.010192 0.999404 -0.032988 12.406000 -0.039558 0.032561 0.998687 -0.000000 0.000000 0.000000 0.000000 1.000000
0.998879 0.015512 0.044720 -0.000000 -0.014180 0.999450 -0.029965 12.406000 -0.045160 0.029297 0.998550 0.000000 0.000000 0.000000 0.000000 1.000000
0.998495 0.018594 0.051596 0.000000 -0.017254 0.999505 -0.026297 12.406000 -0.052059 0.025367 0.998322 0.000000 0.000000 0.000000 0.000000 1.000000
0.997811 0.018727 0.063427 0.000000 -0.017487 0.999646 -0.020048 12.406000 -0.063780 0.018895 0.997785 0.000000 0.000000 0.000000 0.000000 1.000000
0.996594 0.015605 0.080969 0.000000 -0.014788 0.999834 -0.010687 12.406000 -0.081122 0.009453 0.996659 0.000000 0.000000 0.000000 0.000000 1.000000
0.995138 0.008201 0.098151 0.000000 -0.008061 0.999966 -0.001820 12.406000 -0.098163 0.001020 0.995170 0.000000 0.000000 0.000000 0.000000 1.000000
0.993488 -0.002643 0.113910 0.000000 0.002106 0.999986 0.004836 12.406000 -0.113921 -0.004564 0.993479 -0.000000 0.000000 0.000000 0.000000 1.000000
0.992162 -0.010485 0.124520 0.000000 0.009903 0.999937 0.005291 12.406000 -0.124568 -0.004017 0.992203 0.000000 0.000000 0.000000 0.000000 1.000000
0.992810 -0.011332 0.119163 0.000000 0.011705 0.999929 -0.002431 12.406000 -0.119127 0.003808 0.992872 0.000000 0.000000 0.000000 0.000000 1.000000
0.994992 -0.008794 0.099565 0.000000 0.010154 0.999862 -0.013157 12.406000 -0.099436 0.014102 0.994944 0.000000 0.000000 0.000000 0.000000 1.000000
0.996924 -0.005439 0.078184 0.000000 0.007337 0.999685 -0.024013 12.406000 -0.078028 0.024512 0.996650 0.000000 0.000000 0.000000 0.000000 1.000000
0.998339 -0.001542 0.057595 0.000000 0.003495 0.999421 -0.033834 12.406000 -0.057510 0.033979 0.997767 -0.000000 0.000000 0.000000 0.000000 1.000000
0.999348 0.000233 0.036111 0.000000 0.001158 0.999259 -0.038476 12.406000 -0.036093 0.038492 0.998607 0.000000 0.000000 0.000000 0.000000 1.000000
0.999916 -0.001042 0.012925 0.000000 0.001518 0.999317 -0.036909 12.406000 -0.012877 0.036925 0.999235 0.000000 0.000000 0.000000 0.000000 1.000000
0.999937 -0.003375 -0.010712 -0.000000 0.003016 0.999441 -0.033298 12.406000 0.010818 0.033263 0.999388 0.000000 0.000000 0.000000 0.000000 1.000000
0.999418 -0.006254 -0.033525 0.000000 0.005317 0.999595 -0.027950 12.406000 0.033686 0.027756 0.999047 0.000000 0.000000 0.000000 0.000000 1.000000
0.998491 -0.009683 -0.054050 0.000000 0.008626 0.999767 -0.019764 12.406000 0.054228 0.019268 0.998343 -0.000000 0.000000 0.000000 0.000000 1.000000
0.997648 -0.013025 -0.067301 0.000000 0.012604 0.999898 -0.006681 12.406000 0.067381 0.005817 0.997710 0.000000 0.000000 0.000000 0.000000 1.000000
0.997379 -0.016842 -0.070368 0.000000 0.016795 0.999858 -0.001268 12.406000 0.070379 0.000083 0.997520 0.000000 0.000000 0.000000 0.000000 1.000000
0.997374 -0.017372 -0.070312 0.000000 0.016787 0.999819 -0.008904 12.406000 0.070454 0.007700 0.997485 0.000000 0.000000 0.000000 0.000000 1.000000
0.997984 -0.012233 -0.062274 -0.000000 0.011148 0.999780 -0.017744 12.406000 0.062478 0.017014 0.997901 0.000000 0.000000 0.000000 0.000000 1.000000
0.999019 -0.006286 -0.043835 0.000000 0.005242 0.999701 -0.023899 12.406000 0.043972 0.023646 0.998753 0.000000 0.000000 0.000000 0.000000 1.000000
0.999807 -0.001354 -0.019582 0.000000 0.000800 0.999599 -0.028291 12.406000 0.019612 0.028270 0.999408 0.000000 0.000000 0.000000 0.000000 1.000000
0.999971 0.003275 0.006918 0.000000 -0.003050 0.999478 -0.032172 12.406000 -0.007020 0.032150 0.999458 0.000000 0.000000 0.000000 0.000000 1.000000
0.999425 0.007967 0.032946 0.000000 -0.006765 0.999313 -0.036428 12.406000 -0.033213 0.036185 0.998793 0.000000 0.000000 0.000000 0.000000 1.000000</float_array>
        <technique_common>
          <accessor source="#mixamorig_Spine1-Matrix-animation-output-transform-array" count="26" stride="16">
            <param type="float4x4"/>
          </accessor>
        </technique_common>
      </source>
      <source id="mixamorig_Spine1-Interpolations">
        <Name_array id="mixamorig_Spine1-Interpolations-array" count="26">
 LINEAR LINEAR LINEAR LINEAR LINEAR LINEAR LINEAR LINEAR LINEAR LINEAR LINEAR
LINEAR LINEAR LINEAR LINEAR LINEAR LINEAR LINEAR LINEAR LINEAR LINEAR LINEAR LINEAR
LINEAR LINEAR LINEAR</Name_array>
        <technique_common>
          <accessor source="#mixamorig_Spine1-Interpolations-array" count="26">
            <param type="name"/>
          </accessor>
        </technique_common>
      </source>
      <sampler id="mixamorig_Spine1-Matrix-animation-transform">
        <input semantic="INPUT" source="#mixamorig_Spine1-Matrix-animation-input"/>
        <input semantic="OUTPUT" source="#mixamorig_Spine1-Matrix-animation-output-transform"/>
        <input semantic="INTERPOLATION" source="#mixamorig_Spine1-Interpolations"/>
      </sampler>
      <channel source="#mixamorig_Spine1-Matrix-animation-transform" target="mixamorig_Spine1/matrix"/>
    </animation>
    <animation id="mixamorig_Spine2-anim" name="mixamorig_Spine2">
      <source id="mixamorig_Spine2-Matrix-animation-input">
        <float_array id="mixamorig_Spine2-Matrix-animation-input-array" count="26">

0.000000 0.033333 0.066667 0.100000 0.133333 0.166667 0.200000 0.233333 0.266667 0.300000 0.333333 0.366667 0.400000 0.433333 0.466667 0.500000
0.533333 0.566667 0.600000 0.633333 0.666667 0.700000 0.733333 0.766667 0.800000 0.833333</float_array>
        <technique_common>
          <accessor source="#mixamorig_Spine2-Matrix-animation-input-array" count="26">
            <param name="TIME" type="float"/>
          </accessor>
        </technique_common>
      </source>
      <source id="mixamorig_Spine2-Matrix-animation-output-transform">
        <float_array id="mixamorig_Spine2-Matrix-animation-output-transform-array" count="416">

0.999398 0.011450 0.032748 0.000000 -0.006724 0.989995 -0.140939 14.178300 -0.034034 0.140634 0.989477 0.000000 0.000000 0.000000 0.000000 1.000000
0.999213 0.015285 0.036600 0.000000 -0.010114 0.990449 -0.137506 14.178300 -0.038352 0.137028 0.989825 0.000000 0.000000 0.000000 0.000000 1.000000
0.999018 0.019570 0.039739 0.000000 -0.014061 0.990819 -0.134460 14.178300 -0.042005 0.133769 0.990122 -0.000000 0.000000 0.000000 0.000000 1.000000
0.998758 0.023023 0.044191 0.000000 -0.017064 0.991265 -0.130775 14.178300 -0.046816 0.129858 0.990427 0.000000 0.000000 0.000000 0.000000 1.000000
0.998290 0.023933 0.053331 0.000000 -0.017129 0.992063 -0.124570 14.178300 -0.055889 0.123444 0.990776 0.000000 0.000000 0.000000 0.000000 1.000000
0.997452 0.022055 0.067842 0.000000 -0.014117 0.993226 -0.115334 14.178300 -0.069926 0.114082 0.991007 0.000000 0.000000 0.000000 0.000000 1.000000
0.996440 0.015972 0.082773 0.000000 -0.007070 0.994262 -0.106741 14.178300 -0.084002 0.105776 0.990836 0.000000 0.000000 0.000000 0.000000 1.000000
0.995090 0.006658 0.098753 0.000000 0.003315 0.994932 -0.100491 14.178300 -0.098921 0.100325 0.990025 0.000000 0.000000 0.000000 0.000000 1.000000
0.993445 0.000459 0.114312 -0.000000 0.011080 0.994897 -0.100287 14.178300 -0.113775 0.100896 0.988370 0.000000 0.000000 0.000000 0.000000 1.000000
0.992863 0.000122 0.119259 0.000000 0.012836 0.994081 -0.107881 14.178300 -0.118566 0.108642 0.986985 0.000000 0.000000 0.000000 0.000000 1.000000
0.993597 0.001793 0.112971 0.000000 0.011653 0.992916 -0.118243 14.178300 -0.112383 0.118802 0.986538 0.000000 0.000000 0.000000 0.000000 1.000000
0.994449 0.004101 0.105140 0.000000 0.009529 0.991624 -0.128806 14.178300 -0.104788 0.129092 0.986080 0.000000 0.000000 0.000000 0.000000 1.000000
0.995245 0.006955 0.097153 0.000000 0.006602 0.990336 -0.138531 14.178300 -0.097178 0.138514 0.985581 0.000000 0.000000 0.000000 0.000000 1.000000
0.996804 0.006582 0.079617 0.000000 0.004898 0.989691 -0.143135 14.178300 -0.079738 0.143067 0.986496 0.000000 0.000000 0.000000 0.000000 1.000000
0.998796 0.001628 0.049036 0.000000 0.005332 0.989929 -0.141462 14.178300 -0.048772 0.141553 0.988728 0.000000 0.000000 0.000000 0.000000 1.000000
0.999884 -0.004844 0.014438 0.000000 0.006788 0.990445 -0.137740 14.178300 -0.013633 0.137822 0.990363 0.000000 0.000000 0.000000 0.000000 1.000000
0.999732 -0.011778 -0.019924 0.000000 0.009041 0.991169 -0.132294 14.178300 0.021306 0.132079 0.991010 -0.000000 0.000000 0.000000 0.000000 1.000000
0.998527 -0.018738 -0.050925 0.000000 0.012296 0.992208 -0.123988 14.178300 0.052851 0.123179 0.990976 0.000000 0.000000 0.000000 0.000000 1.000000
0.997497 -0.023481 -0.066698 0.000000 0.016002 0.993744 -0.110533 14.178300 0.068876 0.109189 0.991632 0.000000 0.000000 0.000000 0.000000 1.000000
0.997201 -0.027378 -0.069573 0.000000 0.019988 0.994296 -0.104771 14.178300 0.072045 0.103087 0.992060 0.000000 0.000000 0.000000 0.000000 1.000000
0.997187 -0.028220 -0.069432 0.000000 0.020286 0.993453 -0.112425 14.178300 0.072150 0.110700 0.991231 0.000000 0.000000 0.000000 0.000000 1.000000
0.997849 -0.022335 -0.061628 0.000000 0.014702 0.992465 -0.121641 14.178300 0.063880 0.120474 0.990659 0.000000 0.000000 0.000000 0.000000 1.000000
0.998958 -0.013931 -0.043461 0.000000 0.008258 0.991730 -0.128074 14.178300 0.044886 0.127582 0.990812 0.000000 0.000000 0.000000 0.000000 1.000000
0.999796 -0.005523 -0.019412 -0.000000 0.002902 0.991170 -0.132566 14.178300 0.019972 0.132483 0.990984 -0.000000 0.000000 0.000000 0.000000 1.000000
0.999972 0.002972 0.006907 0.000000 -0.002001 0.990634 -0.136532 14.178300 -0.007248 0.136515 0.990612 0.000000 0.000000 0.000000 0.000000 1.000000
0.999398 0.011450 0.032748 0.000000 -0.006724 0.989996 -0.140938 14.178300 -0.034034 0.140633 0.989477 0.000000 0.000000 0.000000 0.000000 1.000000</float_array>
        <technique_common>
          <accessor source="#mixamorig_Spine2-Matrix-animation-output-transform-array" count="26" stride="16">
            <param type="float4x4"/>
          </accessor>
        </technique_common>
      </source>
      <source id="mixamorig_Spine2-Interpolations">
        <Name_array id="mixamorig_Spine2-Interpolations-array" count="26">
 LINEAR LINEAR LINEAR LINEAR LINEAR LINEAR LINEAR LINEAR LINEAR LINEAR LINEAR
LINEAR LINEAR LINEAR LINEAR LINEAR LINEAR LINEAR LINEAR LINEAR LINEAR LINEAR LINEAR
LINEAR LINEAR LINEAR</Name_array>
        <technique_common>
          <accessor source="#mixamorig_Spine2-Interpolations-array" count="26">
            <param type="name"/>
          </accessor>
        </technique_common>
      </source>
      <sampler id="mixamorig_Spine2-Matrix-animation-transform">
        <input semantic="INPUT" source="#mixamorig_Spine2-Matrix-animation-input"/>
        <input semantic="OUTPUT" source="#mixamorig_Spine2-Matrix-animation-output-transform"/>
        <input semantic="INTERPOLATION" source="#mixamorig_Spine2-Interpolations"/>
      </sampler>
      <channel source="#mixamorig_Spine2-Matrix-animation-transform" target="mixamorig_Spine2/matrix"/>
    </animation>
    <animation id="mixamorig_Neck-anim" name="mixamorig_Neck">
      <source id="mixamorig_Neck-Matrix-animation-input">
        <float_array id="mixamorig_Neck-Matrix-animation-input-array" count="26">

0.000000 0.033333 0.066667 0.100000 0.133333 0.166667 0.200000 0.233333 0.266667 0.300000 0.333333 0.366667 0.400000 0.433333 0.466667 0.500000
0.533333 0.566667 0.600000 0.633333 0.666667 0.700000 0.733333 0.766667 0.800000 0.833333</float_array>
        <technique_common>
          <accessor source="#mixamorig_Neck-Matrix-animation-input-array" count="26">
            <param name="TIME" type="float"/>
          </accessor>
        </technique_common>
      </source>
      <source id="mixamorig_Neck-Matrix-animation-output-transform">
        <float_array id="mixamorig_Neck-Matrix-animation-output-transform-array" count="416">

0.999574 0.013516 0.025873 0.024400 -0.018030 0.982935 0.183069 15.862300 -0.022957 -0.183457 0.982760 -1.675800 0.000000 0.000000 0.000000 1.000000
0.996201 0.028496 0.082295 0.024400 -0.030959 0.999105 0.028820 15.862300 -0.081400 -0.031258 0.996191 -1.675800 0.000000 0.000000 0.000000 1.000000
0.992498 0.027665 0.119093 0.024400 -0.020020 0.997690 -0.064919 15.862300 -0.120614 0.062048 0.990758 -1.675800 0.000000 0.000000 0.000000 1.000000
0.987451 0.051085 0.149436 0.024400 -0.041586 0.996952 -0.066013 15.862300 -0.152353 0.058970 0.986565 -1.675800 0.000000 0.000000 0.000000 1.000000
0.982354 0.091009 0.163393 0.024400 -0.082280 0.994835 -0.059434 15.862300 -0.167958 0.044941 0.984769 -1.675800 0.000000 0.000000 0.000000 1.000000
0.985490 0.093436 0.141701 0.024400 -0.089477 0.995406 -0.034074 15.862300 -0.144234 0.020900 0.989323 -1.675800 0.000000 0.000000 0.000000 1.000000
0.991568 0.081630 0.100644 0.024400 -0.081173 0.996663 -0.008631 15.862300 -0.101013 0.000389 0.994885 -1.675800 0.000000 0.000000 0.000000 1.000000
0.997341 0.058830 0.043010 0.024400 -0.059437 0.998148 0.012987 15.862300 -0.042167 -0.015508 0.998990 -1.675800 0.000000 0.000000 0.000000 1.000000
0.999303 0.028311 -0.024339 0.024400 -0.027588 0.999183 0.029543 15.862300 0.025156 -0.028851 0.999267 -1.675800 0.000000 0.000000 0.000000 1.000000
0.995665 -0.005238 -0.092867 0.024400 0.009019 0.999146 0.040335 15.862300 0.092576 -0.040997 0.994861 -1.675800 0.000000 0.000000 0.000000 1.000000
0.987036 -0.038559 -0.155796 0.024400 0.046306 0.997849 0.046398 15.862300 0.153672 -0.053011 0.986699 -1.675800 0.000000 0.000000 0.000000 1.000000
0.976911 -0.068910 -0.202229 0.024400 0.080804 0.995417 0.051151 15.862300 0.197777 -0.066311 0.978002 -1.675800 0.000000 0.000000 0.000000 1.000000
0.969800 -0.091011 -0.226283 0.024400 0.107075 0.992455 0.059735 15.862300 0.219139 -0.082161 0.972228 -1.675800 0.000000 0.000000 0.000000 1.000000
0.968017 -0.100263 -0.229977 0.024400 0.120753 0.989708 0.076787 15.862300 0.219912 -0.102101 0.970162 -1.675800 0.000000 0.000000 0.000000 1.000000
0.970393 -0.102485 -0.218710 0.024400 0.126216 0.987208 0.097412 15.862300 0.205929 -0.122133 0.970915 -1.675800 0.000000 0.000000 0.000000 1.000000
0.973822 -0.102627 -0.202825 0.024400 0.128334 0.984694 0.117928 15.862300 0.187618 -0.140871 0.972088 -1.675800 0.000000 0.000000 0.000000 1.000000
0.977809 -0.099828 -0.184186 0.024400 0.125929 0.982683 0.135928 15.862300 0.167427 -0.156106 0.973447 -1.675800 0.000000 0.000000 0.000000 1.000000
0.982510 -0.091523 -0.162166 0.024400 0.115880 0.982215 0.147736 15.862300 0.145760 -0.163944 0.975642 -1.675800 0.000000 0.000000 0.000000 1.000000
0.987930 -0.072349 -0.136966 0.024400 0.092089 0.985318 0.143764 15.862300 0.124554 -0.154642 0.980088 -1.675800 0.000000 0.000000 0.000000 1.000000
0.992507 -0.059410 -0.106773 0.024400 0.074658 0.986608 0.145020 15.862300 0.096728 -0.151905 0.983651 -1.675800 0.000000 0.000000 0.000000 1.000000
0.995628 -0.050898 -0.078318 0.024400 0.062830 0.985382 0.158353 15.862300 0.069113 -0.162581 0.984272 -1.675800 0.000000 0.000000 0.000000 1.000000
0.997577 -0.044229 -0.053705 0.024400 0.053345 0.981787 0.182341 15.862300 0.044662 -0.184764 0.981768 -1.675800 0.000000 0.000000 0.000000 1.000000
0.998853 -0.037408 -0.029882 0.024400 0.042795 0.977427 0.206893 15.862300 0.021468 -0.207935 0.977907 -1.675800 0.000000 0.000000 0.000000 1.000000
0.999572 -0.028527 -0.006494 0.024400 0.029257 0.973681 0.226031 15.862300 -0.000125 -0.226125 0.974098 -1.675800 0.000000 0.000000 0.000000 1.000000
0.999903 -0.009024 0.010647 0.024400 0.006588 0.977682 0.209985 15.862300 -0.012304 -0.209894 0.977647 -1.675800 0.000000 0.000000 0.000000 1.000000
0.999574 0.013516 0.025873 0.024400 -0.018030 0.982935 0.183068 15.862300 -0.022957 -0.183457 0.982760 -1.675800 0.000000 0.000000 0.000000 1.000000</float_array>
        <technique_common>
          <accessor source="#mixamorig_Neck-Matrix-animation-output-transform-array" count="26" stride="16">
            <param type="float4x4"/>
          </accessor>
        </technique_common>
      </source>
      <source id="mixamorig_Neck-Interpolations">
        <Name_array id="mixamorig_Neck-Interpolations-array" count="26">
 LINEAR LINEAR LINEAR LINEAR LINEAR LINEAR LINEAR LINEAR LINEAR LINEAR LINEAR
LINEAR LINEAR LINEAR LINEAR LINEAR LINEAR LINEAR LINEAR LINEAR LINEAR LINEAR LINEAR
LINEAR LINEAR LINEAR</Name_array>
        <technique_common>
          <accessor source="#mixamorig_Neck-Interpolations-array" count="26">
            <param type="name"/>
          </accessor>
        </technique_common>
      </source>
      <sampler id="mixamorig_Neck-Matrix-animation-transform">
        <input semantic="INPUT" source="#mixamorig_Neck-Matrix-animation-input"/>
        <input semantic="OUTPUT" source="#mixamorig_Neck-Matrix-animation-output-transform"/>
        <input semantic="INTERPOLATION" source="#mixamorig_Neck-Interpolations"/>
      </sampler>
      <channel source="#mixamorig_Neck-Matrix-animation-transform" target="mixamorig_Neck/matrix"/>
    </animation>
    <animation id="mixamorig_Head-anim" name="mixamorig_Head">
      <source id="mixamorig_Head-Matrix-animation-input">
        <float_array id="mixamorig_Head-Matrix-animation-input-array" count="26">

0.000000 0.033333 0.066667 0.100000 0.133333 0.166667 0.200000 0.233333 0.266667 0.300000 0.333333 0.366667 0.400000 0.433333 0.466667 0.500000
0.533333 0.566667 0.600000 0.633333 0.666667 0.700000 0.733333 0.766667 0.800000 0.833333</float_array>
        <technique_common>
          <accessor source="#mixamorig_Head-Matrix-animation-input-array" count="26">
            <param name="TIME" type="float"/>
          </accessor>
        </technique_common>
      </source>
      <source id="mixamorig_Head-Matrix-animation-output-transform">
        <float_array id="mixamorig_Head-Matrix-animation-output-transform-array" count="416">

0.993772 0.096052 -0.056498 0.000000 -0.061390 0.895015 0.441792 5.564000 0.093001 -0.435572 0.895337 0.988100 0.000000 0.000000 0.000000 1.000000
0.965458 0.161588 0.204402 -0.000000 -0.205607 0.954339 0.216707 5.564000 -0.160052 -0.251248 0.954598 0.988100 0.000000 0.000000 0.000000 1.000000
0.904646 0.215694 0.367548 0.000000 -0.229775 0.973228 -0.005591 5.564000 -0.358914 -0.079395 0.929988 0.988100 0.000000 0.000000 0.000000 1.000000
0.860081 0.226895 0.456923 -0.000000 -0.243045 0.969717 -0.024041 5.564000 -0.448541 -0.090376 0.889181 0.988100 0.000000 0.000000 0.000000 1.000000
0.853637 0.210414 0.476477 0.000000 -0.232380 0.972536 -0.013154 5.564000 -0.466159 -0.099495 0.879089 0.988100 0.000000 0.000000 0.000000 1.000000
0.892193 0.191679 0.408963 0.000000 -0.215022 0.976543 0.011390 5.564000 -0.397187 -0.098098 0.912480 0.988100 0.000000 0.000000 0.000000 1.000000
0.940761 0.172470 0.291931 0.000000 -0.199556 0.977697 0.065464 5.564000 -0.274129 -0.119842 0.954197 0.988100 0.000000 0.000000 0.000000 1.000000
0.979749 0.152859 0.129330 0.000000 -0.171319 0.974294 0.146292 5.564000 -0.103643 -0.165486 0.980751 0.988100 0.000000 0.000000 0.000000 1.000000
0.989302 0.132686 -0.060638 0.000000 -0.115219 0.965599 0.233116 5.564000 0.089483 -0.223635 0.970557 0.988100 0.000000 0.000000 0.000000 1.000000
0.961548 0.111649 -0.250919 0.000000 -0.031148 0.952075 0.304276 5.564000 0.272866 -0.284760 0.918943 0.988100 0.000000 0.000000 0.000000 1.000000
0.903537 0.089367 -0.419087 -0.000000 0.068436 0.935363 0.347004 5.564000 0.423009 -0.342211 0.839020 0.988100 0.000000 0.000000 0.000000 1.000000
0.843652 0.065513 -0.532878 0.000000 0.157497 0.918662 0.362291 5.564000 0.513269 -0.389574 0.764714 0.988100 0.000000 0.000000 0.000000 1.000000
0.813736 0.039737 -0.579875 0.000000 0.215602 0.905849 0.364629 5.564000 0.539768 -0.421734 0.728554 0.988100 0.000000 0.000000 0.000000 1.000000
0.808844 0.010312 -0.587933 0.000000 0.243178 0.904475 0.350414 5.564000 0.535384 -0.426403 0.729071 0.988100 0.000000 0.000000 0.000000 1.000000
0.821355 -0.014949 -0.570222 0.000000 0.256630 0.902457 0.345994 5.564000 0.509428 -0.430520 0.745074 0.988100 0.000000 0.000000 0.000000 1.000000
0.838788 -0.036990 -0.543200 0.000000 0.266211 0.898161 0.349912 5.564000 0.474938 -0.438108 0.763214 0.988100 0.000000 0.000000 0.000000 1.000000
0.858627 -0.054655 -0.509679 0.000000 0.269150 0.894279 0.357524 5.564000 0.436255 -0.444160 0.782562 0.988100 0.000000 0.000000 0.000000 1.000000
0.881674 -0.063970 -0.467503 0.000000 0.259622 0.893083 0.367423 5.564000 0.394015 -0.445321 0.804016 0.988100 0.000000 0.000000 0.000000 1.000000
0.909399 -0.054463 -0.412345 0.000000 0.223078 0.900602 0.373031 5.564000 0.351042 -0.431218 0.831156 0.988100 0.000000 0.000000 0.000000 1.000000
0.943446 -0.039129 -0.329209 0.000000 0.173377 0.904629 0.389341 5.564000 0.282578 -0.424399 0.860253 0.988100 0.000000 0.000000 0.000000 1.000000
0.968742 -0.016161 -0.247543 0.000000 0.119636 0.904598 0.409132 5.564000 0.217315 -0.425959 0.878256 0.988100 0.000000 0.000000 0.000000 1.000000
0.983764 0.017970 -0.178564 0.000000 0.061431 0.901150 0.429134 5.564000 0.168625 -0.433136 0.885415 0.988100 0.000000 0.000000 0.000000 1.000000
0.992149 0.053689 -0.112954 -0.000000 0.002081 0.895955 0.444141 5.564000 0.125047 -0.440889 0.888808 0.988100 0.000000 0.000000 0.000000 1.000000
0.994785 0.086636 -0.053816 0.000000 -0.052999 0.889942 0.452984 5.564000 0.087138 -0.447769 0.889893 0.988100 0.000000 0.000000 0.000000 1.000000
0.994352 0.094975 -0.047364 -0.000000 -0.063748 0.891298 0.448914 5.564000 0.084851 -0.443360 0.892319 0.988100 0.000000 0.000000 0.000000 1.000000
0.993772 0.096052 -0.056498 0.000000 -0.061390 0.895015 0.441792 5.564000 0.093001 -0.435572 0.895337 0.988100 0.000000 0.000000 0.000000 1.000000</float_array>
        <technique_common>
          <accessor source="#mixamorig_Head-Matrix-animation-output-transform-array" count="26" stride="16">
            <param type="float4x4"/>
          </accessor>
        </technique_common>
      </source>
      <source id="mixamorig_Head-Interpolations">
        <Name_array id="mixamorig_Head-Interpolations-array" count="26">
 LINEAR LINEAR LINEAR LINEAR LINEAR LINEAR LINEAR LINEAR LINEAR LINEAR LINEAR
LINEAR LINEAR LINEAR LINEAR LINEAR LINEAR LINEAR LINEAR LINEAR LINEAR LINEAR LINEAR
LINEAR LINEAR LINEAR</Name_array>
        <technique_common>
          <accessor source="#mixamorig_Head-Interpolations-array" count="26">
            <param type="name"/>
          </accessor>
        </technique_common>
      </source>
      <sampler id="mixamorig_Head-Matrix-animation-transform">
        <input semantic="INPUT" source="#mixamorig_Head-Matrix-animation-input"/>
        <input semantic="OUTPUT" source="#mixamorig_Head-Matrix-animation-output-transform"/>
        <input semantic="INTERPOLATION" source="#mixamorig_Head-Interpolations"/>
      </sampler>
      <channel source="#mixamorig_Head-Matrix-animation-transform" target="mixamorig_Head/matrix"/>
    </animation>
    <animation id="mixamorig_LeftShoulder-anim" name="mixamorig_LeftShoulder">
      <source id="mixamorig_LeftShoulder-Matrix-animation-input">
        <float_array id="mixamorig_LeftShoulder-Matrix-animation-input-array" count="26">

0.000000 0.033333 0.066667 0.100000 0.133333 0.166667 0.200000 0.233333 0.266667 0.300000 0.333333 0.366667 0.400000 0.433333 0.466667 0.500000
0.533333 0.566667 0.600000 0.633333 0.666667 0.700000 0.733333 0.766667 0.800000 0.833333</float_array>
        <technique_common>
          <accessor source="#mixamorig_LeftShoulder-Matrix-animation-input-array" count="26">
            <param name="TIME" type="float"/>
          </accessor>
        </technique_common>
      </source>
      <source id="mixamorig_LeftShoulder-Matrix-animation-output-transform">
        <float_array id="mixamorig_LeftShoulder-Matrix-animation-output-transform-array" count="416">

-0.158406 0.904030 -0.397036 5.935000 0.080294 -0.388987 -0.917737 13.670200 -0.984104 -0.177255 -0.010970 -1.662600 0.000000 0.000000 0.000000 1.000000
-0.165563 0.894197 -0.415934 5.935000 0.074379 -0.409232 -0.909394 13.670200 -0.983390 -0.181499 0.001245 -1.662600 0.000000 0.000000 0.000000 1.000000
-0.172085 0.882540 -0.437620 5.935000 0.068550 -0.432441 -0.899053 13.670200 -0.982694 -0.184712 0.013918 -1.662600 0.000000 0.000000 0.000000 1.000000
-0.178672 0.869764 -0.459987 5.935000 0.063016 -0.456434 -0.887523 13.670200 -0.981889 -0.187562 0.026743 -1.662600 0.000000 0.000000 0.000000 1.000000
-0.186050 0.857017 -0.480529 5.935000 0.058012 -0.478633 -0.876097 13.670200 -0.980826 -0.190874 0.039332 -1.662600 0.000000 0.000000 0.000000 1.000000
-0.194476 0.845052 -0.498062 5.935000 0.053643 -0.497835 -0.865611 13.670200 -0.979439 -0.195058 0.051486 -1.662600 0.000000 0.000000 0.000000 1.000000
-0.204244 0.834883 -0.511130 5.935000 0.049993 -0.512560 -0.857195 13.670200 -0.977643 -0.200630 0.062949 -1.662600 0.000000 0.000000 0.000000 1.000000
-0.216461 0.829184 -0.515363 5.935000 0.047226 -0.518367 -0.853853 13.670200 -0.975148 -0.209164 0.073048 -1.662600 0.000000 0.000000 0.000000 1.000000
-0.224868 0.832086 -0.507017 5.935000 0.044267 -0.511083 -0.858391 13.670200 -0.973383 -0.215469 0.078092 -1.662600 0.000000 0.000000 0.000000 1.000000
-0.181907 0.848190 -0.497477 5.935000 0.036136 -0.499809 -0.865381 13.670200 -0.982652 -0.175395 0.060269 -1.662600 0.000000 0.000000 0.000000 1.000000
-0.047884 0.884444 -0.464184 5.935000 0.017676 -0.463894 -0.885714 13.670200 -0.998696 -0.050616 0.006580 -1.662600 0.000000 0.000000 0.000000 1.000000
0.116094 0.915946 -0.384141 5.935000 0.005717 -0.387366 -0.921908 13.670200 -0.993222 0.104832 -0.050207 -1.662600 0.000000 0.000000 0.000000 1.000000
0.226529 0.932695 -0.280649 5.935000 0.009269 -0.290191 -0.956924 13.670200 -0.973960 0.214169 -0.074382 -1.662600 0.000000 0.000000 0.000000 1.000000
0.278185 0.941674 -0.189376 5.935000 0.020125 -0.202830 -0.979007 13.670200 -0.960317 0.268534 -0.075375 -1.662600 0.000000 0.000000 0.000000 1.000000
0.302402 0.944476 -0.128525 5.935000 0.028365 -0.143695 -0.989215 13.670200 -0.952758 0.295495 -0.070244 -1.662600 0.000000 0.000000 0.000000 1.000000
0.319170 0.944015 -0.083466 5.935000 0.034934 -0.099732 -0.994401 13.670200 -0.947053 0.314468 -0.064809 -1.662600 0.000000 0.000000 0.000000 1.000000
0.329433 0.942855 -0.049993 5.935000 0.040016 -0.066843 -0.996961 13.670200 -0.943331 0.326431 -0.059750 -1.662600 0.000000 0.000000 0.000000 1.000000
0.325254 0.944673 -0.042465 5.935000 0.039606 -0.058476 -0.997503 13.670200 -0.944797 0.322760 -0.056434 -1.662600 0.000000 0.000000 0.000000 1.000000
