<?xml version="1.0" encoding="utf-8"?>
<COLLADA xmlns="http://www.collada.org/2005/11/COLLADASchema" version="1.4.1">
  <asset>
    <contributor>
      <author>Mixamo</author>
      <authoring_tool>COLLADA Mixamo exporter</authoring_tool>
      <comments/>
    </contributor>
    <created>2022-12-10T03:23:01Z</created>
    <modified>2022-12-10T03:23:01Z</modified>
    <revision/>
    <title/>
    <unit meter="0.010000"/>
    <up_axis>Y_UP</up_axis>
  </asset>
  <library_animations>
    <animation id="mixamorig_Hips-anim" name="mixamorig_Hips">
      <source id="mixamorig_Hips-Matrix-animation-input">
        <float_array id="mixamorig_Hips-Matrix-animation-input-array" count="29">

0.000000 0.033333 0.066667 0.100000 0.133333 0.166667 0.200000 0.233333 0.266667 0.300000 0.333333 0.366667 0.400000 0.433333 0.466667 0.500000
0.533333 0.566667 0.600000 0.633333 0.666667 0.700000 0.733333 0.766667 0.800000 0.833333 0.866667 0.900000 0.933333</float_array>
        <technique_common>
          <accessor source="#mixamorig_Hips-Matrix-animation-input-array" count="29">
            <param name="TIME" type="float"/>
          </accessor>
        </technique_common>
      </source>
      <source id="mixamorig_Hips-Matrix-animation-output-transform">
        <float_array id="mixamorig_Hips-Matrix-animation-output-transform-array" count="464">

0.582187 -0.121312 -0.803953 -0.024823 -0.014354 0.987119 -0.159345 80.560875 0.812928 0.104309 0.572947 0.029877 0.000000 0.000000 0.000000 1.000000
0.629962 -0.114124 -0.768195 -0.964574 -0.015945 0.987035 -0.159711 80.861145 0.776462 0.112861 0.619975 -2.577981 0.000000 0.000000 0.000000 1.000000
0.676095 -0.106478 -0.729080 -1.947634 -0.017539 0.986897 -0.160396 81.203445 0.736605 0.121230 0.665369 -5.183829 0.000000 0.000000 0.000000 1.000000
0.720276 -0.098282 -0.686690 -2.779162 -0.019125 0.986723 -0.161284 81.567215 0.693424 0.129302 0.708833 -7.658766 0.000000 0.000000 0.000000 1.000000
0.762226 -0.089529 -0.641090 -3.274437 -0.020674 0.986517 -0.162348 81.935043 0.646981 0.137000 0.750098 -9.878263 0.000000 0.000000 0.000000 1.000000
0.801785 -0.080203 -0.592207 -3.391882 -0.022165 0.986281 -0.163582 82.389282 0.597202 0.144284 0.789007 -11.934332 0.000000 0.000000 0.000000 1.000000
0.838597 -0.070302 -0.540196 -3.386976 -0.023594 0.986020 -0.164949 82.854012 0.544241 0.151072 0.825215 -14.298317 0.000000 0.000000 0.000000 1.000000
0.872418 -0.059773 -0.485092 -3.198966 -0.024999 0.985737 -0.166424 83.211365 0.488121 0.157318 0.858481 -16.480289 0.000000 0.000000 0.000000 1.000000
0.902727 -0.048705 -0.427449 -2.900404 -0.026355 0.985444 -0.167945 83.468826 0.429407 0.162874 0.888303 -18.554827 0.000000 0.000000 0.000000 1.000000
0.929402 -0.037169 -0.367194 -2.392932 -0.027585 0.985137 -0.169541 83.461235 0.368038 0.167700 0.914563 -20.658344 0.000000 0.000000 0.000000 1.000000
0.952112 -0.025185 -0.304712 -1.700520 -0.028730 0.984823 -0.171166 83.187515 0.304398 0.171724 0.936938 -22.869776 0.000000 0.000000 0.000000 1.000000
0.970591 -0.012749 -0.240398 -0.619295 -0.029854 0.984514 -0.172744 82.738220 0.238877 0.174841 0.955180 -24.554155 0.000000 0.000000 0.000000 1.000000
0.984628 -0.000126 -0.174666 0.712822 -0.030787 0.984218 -0.174261 82.198524 0.171931 0.176959 0.969085 -25.507423 0.000000 0.000000 0.000000 1.000000
0.994060 0.012634 -0.108094 2.019736 -0.031603 0.983949 -0.175627 81.688522 0.104140 0.178000 0.978504 -25.593498 0.000000 0.000000 0.000000 1.000000
0.998831 0.025417 -0.041107 3.275065 -0.032312 0.983702 -0.176877 81.256393 0.035942 0.177999 0.983374 -25.130705 0.000000 0.000000 0.000000 1.000000
0.998935 0.038217 0.025850 4.550729 -0.033019 0.983474 -0.178014 80.985641 -0.032226 0.176971 0.983688 -24.240129 0.000000 0.000000 0.000000 1.000000
0.994438 0.050909 0.092203 6.030322 -0.033745 0.983278 -0.178959 81.101227 -0.099772 0.174853 0.979526 -22.778316 0.000000 0.000000 0.000000 1.000000
0.985486 0.063300 0.157513 7.539154 -0.034421 0.983113 -0.179733 81.460327 -0.166231 0.171703 0.971023 -21.012754 0.000000 0.000000 0.000000 1.000000
0.972296 0.075294 0.221297 9.006780 -0.035085 0.982986 -0.180298 81.996048 -0.231107 0.167538 0.958395 -18.920408 0.000000 0.000000 0.000000 1.000000
0.955422 0.086654 0.282240 10.514732 -0.035863 0.982942 -0.180384 82.590019 -0.293056 0.162221 0.942233 -16.654522 0.000000 0.000000 0.000000 1.000000
0.935290 0.097534 0.340177 11.717348 -0.037080 0.982988 -0.179889 83.197601 -0.351935 0.155634 0.922995 -14.290696 0.000000 0.000000 0.000000 1.000000
0.912084 0.107686 0.395610 12.303961 -0.038390 0.983084 -0.179088 83.661629 -0.408203 0.148156 0.900789 -11.926730 0.000000 0.000000 0.000000 1.000000
0.886461 0.116347 0.447939 11.990339 -0.039096 0.983250 -0.178017 83.758026 -0.461148 0.140293 0.876162 -9.671220 0.000000 0.000000 0.000000 1.000000
0.860213 0.121882 0.495155 10.855680 -0.037894 0.983610 -0.176282 83.347733 -0.508525 0.132876 0.850733 -7.529689 0.000000 0.000000 0.000000 1.000000
0.834422 0.123844 0.537032 9.157724 -0.034102 0.984160 -0.173969 82.778900 -0.550070 0.126850 0.825428 -5.351997 0.000000 0.000000 0.000000 1.000000
0.806152 0.124274 0.578510 6.964968 -0.029199 0.984860 -0.170877 82.221268 -0.590987 0.120861 0.797576 -3.446053 0.000000 0.000000 0.000000 1.000000
0.775462 0.124056 0.619088 4.676558 -0.024108 0.985611 -0.167304 81.667038 -0.630934 0.114813 0.767294 -2.169630 0.000000 0.000000 0.000000 1.000000
0.742637 0.123439 0.658220 2.352249 -0.019131 0.986375 -0.163395 81.114876 -0.669421 0.108751 0.734880 -1.098728 0.000000 0.000000 0.000000 1.000000
0.707935 0.122553 0.695564 0.033135 -0.014410 0.987132 -0.159259 80.562592 -0.706130 0.102722 0.700591 0.018661 0.000000 0.000000 0.000000 1.000000</float_array>
        <technique_common>
          <accessor source="#mixamorig_Hips-Matrix-animation-output-transform-array" count="29" stride="16">
            <param type="float4x4"/>
          </accessor>
        </technique_common>
      </source>
      <source id="mixamorig_Hips-Interpolations">
        <Name_array id="mixamorig_Hips-Interpolations-array" count="29">
 LINEAR LINEAR LINEAR LINEAR LINEAR LINEAR LINEAR LINEAR LINEAR LINEAR LINEAR
LINEAR LINEAR LINEAR LINEAR LINEAR LINEAR LINEAR LINEAR LINEAR LINEAR LINEAR LINEAR
LINEAR LINEAR LINEAR LINEAR LINEAR LINEAR</Name_array>
        <technique_common>
          <accessor source="#mixamorig_Hips-Interpolations-array" count="29">
            <param type="name"/>
          </accessor>
        </technique_common>
      </source>
      <sampler id="mixamorig_Hips-Matrix-animation-transform">
        <input semantic="INPUT" source="#mixamorig_Hips-Matrix-animation-input"/>
        <input semantic="OUTPUT" source="#mixamorig_Hips-Matrix-animation-output-transform"/>
        <input semantic="INTERPOLATION" source="#mixamorig_Hips-Interpolations"/>
      </sampler>
      <channel source="#mixamorig_Hips-Matrix-animation-transform" target="mixamorig_Hips/matrix"/>
    </animation>
    <animation id="mixamorig_Spine-anim" name="mixamorig_Spine">
      <source id="mixamorig_Spine-Matrix-animation-input">
        <float_array id="mixamorig_Spine-Matrix-animation-input-array" count="29">

0.000000 0.033333 0.066667 0.100000 0.133333 0.166667 0.200000 0.233333 0.266667 0.300000 0.333333 0.366667 0.400000 0.433333 0.466667 0.500000
0.533333 0.566667 0.600000 0.633333 0.666667 0.700000 0.733333 0.766667 0.800000 0.833333 0.866667 0.900000 0.933333</float_array>
        <technique_common>
          <accessor source="#mixamorig_Spine-Matrix-animation-input-array" count="29">
            <param name="TIME" type="float"/>
          </accessor>
        </technique_common>
      </source>
      <source id="mixamorig_Spine-Matrix-animation-output-transform">
        <float_array id="mixamorig_Spine-Matrix-animation-output-transform-array" count="464">

0.996514 0.049276 0.067318 0.017300 -0.047761 0.998572 -0.023940 10.574800 -0.068402 0.020641 0.997444 -1.117200 0.000000 0.000000 0.000000 1.000000
0.995979 0.058980 0.067432 0.017300 -0.057372 0.998026 -0.025535 10.574800 -0.068805 0.021564 0.997397 -1.117200 0.000000 0.000000 0.000000 1.000000
0.995289 0.069132 0.067969 0.017300 -0.067404 0.997350 -0.027396 10.574800 -0.069683 0.022685 0.997311 -1.117200 0.000000 0.000000 0.000000 1.000000
0.994618 0.078858 0.067208 0.017300 -0.076989 0.996582 -0.029959 10.574800 -0.069341 0.024624 0.997289 -1.117200 0.000000 0.000000 0.000000 1.000000
0.994152 0.087338 0.063517 0.017300 -0.085333 0.995785 -0.033621 10.574800 -0.066186 0.028004 0.997414 -1.117200 0.000000 0.000000 0.000000 1.000000
0.994035 0.094131 0.055083 0.017300 -0.092065 0.994992 -0.038913 10.574800 -0.058470 0.033609 0.997723 -1.117200 0.000000 0.000000 0.000000 1.000000
0.994069 0.099799 0.043216 0.017300 -0.097846 0.994175 -0.045181 10.574800 -0.047473 0.040684 0.998044 -1.117200 0.000000 0.000000 0.000000 1.000000
0.994134 0.104029 0.029585 0.017300 -0.102422 0.993410 -0.051447 10.574800 -0.034742 0.048115 0.998237 -1.117200 0.000000 0.000000 0.000000 1.000000
0.994088 0.107412 0.015843 0.017300 -0.106348 0.992681 -0.057220 10.574800 -0.021873 0.055197 0.998236 -1.117200 0.000000 0.000000 0.000000 1.000000
0.993979 0.109508 0.003589 0.017300 -0.109083 0.992133 -0.061418 10.574800 -0.010287 0.060656 0.998106 -1.117200 0.000000 0.000000 0.000000 1.000000
0.993949 0.109742 -0.004788 0.017300 -0.109825 0.991956 -0.062935 10.574800 -0.002157 0.063080 0.998006 -1.117200 0.000000 0.000000 0.000000 1.000000
0.994169 0.107618 -0.006794 0.017300 -0.107832 0.992243 -0.061851 10.574800 0.000085 0.062223 0.998062 -1.117200 0.000000 0.000000 0.000000 1.000000
0.994541 0.104256 0.004446 0.017300 -0.103817 0.992859 -0.058764 10.574800 -0.010541 0.057982 0.998262 -1.117200 0.000000 0.000000 0.000000 1.000000
0.994834 0.099730 0.018980 0.017300 -0.098646 0.993798 -0.051336 10.574800 -0.023982 0.049199 0.998501 -1.117200 0.000000 0.000000 0.000000 1.000000
0.995393 0.090012 0.033026 0.017300 -0.088594 0.995175 -0.042161 10.574800 -0.036662 0.039041 0.998565 -1.117200 0.000000 0.000000 0.000000 1.000000
0.996259 0.071808 0.048070 0.017300 -0.070197 0.996940 -0.034406 10.574800 -0.050394 0.030903 0.998251 -1.117200 0.000000 0.000000 0.000000 1.000000
0.996668 0.052679 0.062265 0.017300 -0.051023 0.998308 -0.027906 10.574800 -0.063629 0.024636 0.997669 -1.117200 0.000000 0.000000 0.000000 1.000000
0.996668 0.034527 0.073893 0.017300 -0.032921 0.999197 -0.022844 10.574800 -0.074622 0.020336 0.997005 -1.117200 0.000000 0.000000 0.000000 1.000000
0.996652 0.019726 0.079341 0.017300 -0.018219 0.999640 -0.019671 10.574800 -0.079701 0.018159 0.996653 -1.117200 0.000000 0.000000 0.000000 1.000000
0.996697 0.008565 0.080761 0.017300 -0.007208 0.999828 -0.017077 10.574800 -0.080893 0.016438 0.996587 -1.117200 0.000000 0.000000 0.000000 1.000000
0.996910 0.001408 0.078545 0.017300 -0.000258 0.999893 -0.014648 10.574800 -0.078558 0.014583 0.996803 -1.117200 0.000000 0.000000 0.000000 1.000000
0.997255 -0.002709 0.073995 0.017300 0.003700 0.999905 -0.013255 10.574800 -0.073952 0.013492 0.997170 -1.117200 0.000000 0.000000 0.000000 1.000000
0.997624 -0.004707 0.068734 0.017300 0.005635 0.999895 -0.013316 10.574800 -0.068664 0.013672 0.997546 -1.117200 0.000000 0.000000 0.000000 1.000000
0.997942 -0.004328 0.063976 0.017300 0.005353 0.999860 -0.015859 10.574800 -0.063899 0.016169 0.997825 -1.117200 0.000000 0.000000 0.000000 1.000000
0.998169 -0.000513 0.060483 0.017300 0.001721 0.999800 -0.019913 10.574800 -0.060461 0.019981 0.997971 -1.117200 0.000000 0.000000 0.000000 1.000000
0.997999 0.006782 0.062869 0.017300 -0.005793 0.999857 -0.015889 10.574800 -0.062968 0.015493 0.997895 -1.117200 0.000000 0.000000 0.000000 1.000000
0.997444 0.019587 0.068711 0.017300 -0.018578 0.999710 -0.015297 10.574800 -0.068991 0.013981 0.997519 -1.117200 0.000000 0.000000 0.000000 1.000000
0.997071 0.034477 0.068269 0.017300 -0.033211 0.999256 -0.019599 10.574800 -0.068894 0.017274 0.997474 -1.117200 0.000000 0.000000 0.000000 1.000000
0.996514 0.049226 0.067351 0.017300 -0.047710 0.998574 -0.023936 10.574800 -0.068434 0.020639 0.997442 -1.117200 0.000000 0.000000 0.000000 1.000000</float_array>
        <technique_common>
          <accessor source="#mixamorig_Spine-Matrix-animation-output-transform-array" count="29" stride="16">
            <param type="float4x4"/>
          </accessor>
        </technique_common>
      </source>
      <source id="mixamorig_Spine-Interpolations">
        <Name_array id="mixamorig_Spine-Interpolations-array" count="29">
 LINEAR LINEAR LINEAR LINEAR LINEAR LINEAR LINEAR LINEAR LINEAR LINEAR LINEAR
LINEAR LINEAR LINEAR LINEAR LINEAR LINEAR LINEAR LINEAR LINEAR LINEAR LINEAR LINEAR
LINEAR LINEAR LINEAR LINEAR LINEAR LINEAR</Name_array>
        <technique_common>
          <accessor source="#mixamorig_Spine-Interpolations-array" count="29">
            <param type="name"/>
          </accessor>
        </technique_common>
      </source>
      <sampler id="mixamorig_Spine-Matrix-animation-transform">
        <input semantic="INPUT" source="#mixamorig_Spine-Matrix-animation-input"/>
        <input semantic="OUTPUT" source="#mixamorig_Spine-Matrix-animation-output-transform"/>
        <input semantic="INTERPOLATION" source="#mixamorig_Spine-Interpolations"/>
      </sampler>
      <channel source="#mixamorig_Spine-Matrix-animation-transform" target="mixamorig_Spine/matrix"/>
    </animation>
    <animation id="mixamorig_Spine1-anim" name="mixamorig_Spine1">
      <source id="mixamorig_Spine1-Matrix-animation-input">
        <float_array id="mixamorig_Spine1-Matrix-animation-input-array" count="29">

0.000000 0.033333 0.066667 0.100000 0.133333 0.166667 0.200000 0.233333 0.266667 0.300000 0.333333 0.366667 0.400000 0.433333 0.466667 0.500000
0.533333 0.566667 0.600000 0.633333 0.666667 0.700000 0.733333 0.766667 0.800000 0.833333 0.866667 0.900000 0.933333</float_array>
        <technique_common>
          <accessor source="#mixamorig_Spine1-Matrix-animation-input-array" count="29">
            <param name="TIME" type="float"/>
          </accessor>
        </technique_common>
      </source>
      <source id="mixamorig_Spine1-Matrix-animation-output-transform">
        <float_array id="mixamorig_Spine1-Matrix-animation-output-transform-array" count="464">

0.998869 -0.042936 0.020427 0.000000 0.043367 0.998836 -0.021131 12.406000 -0.019496 0.021993 0.999568 0.000000 0.000000 0.000000 0.000000 1.000000
0.999012 -0.039191 0.020930 0.000000 0.039702 0.998909 -0.024574 12.406000 -0.019944 0.025381 0.999479 0.000000 0.000000 0.000000 0.000000 1.000000
0.999149 -0.035163 0.021581 0.000000 0.035775 0.998950 -0.028620 12.406000 -0.020552 0.029368 0.999357 0.000000 0.000000 0.000000 0.000000 1.000000
0.999273 -0.031232 0.021863 0.000000 0.031942 0.998946 -0.032949 12.406000 -0.020811 0.033624 0.999218 0.000000 0.000000 0.000000 0.000000 1.000000
0.999388 -0.027754 0.021291 -0.000000 0.028534 0.998897 -0.037283 12.406000 -0.020232 0.037868 0.999078 0.000000 0.000000 0.000000 0.000000 1.000000
0.999502 -0.024946 0.019349 0.000000 0.025728 0.998818 -0.041235 12.406000 -0.018298 0.041713 0.998962 0.000000 0.000000 0.000000 0.000000 1.000000
0.999609 -0.022631 0.016420 0.000000 0.023349 0.998716 -0.044949 12.406000 -0.015382 0.045315 0.998854 0.000000 0.000000 0.000000 0.000000 1.000000
0.999697 -0.020944 0.012939 0.000000 0.021544 0.998611 -0.048087 12.406000 -0.011914 0.048351 0.998759 0.000000 0.000000 0.000000 0.000000 1.000000
0.999763 -0.019634 0.009383 0.000000 0.020086 0.998509 -0.050766 12.406000 -0.008372 0.050942 0.998667 0.000000 0.000000 0.000000 0.000000 1.000000
0.999801 -0.018971 0.006163 0.000000 0.019269 0.998437 -0.052459 12.406000 -0.005158 0.052567 0.998604 0.000000 0.000000 0.000000 0.000000 1.000000
0.999809 -0.019163 0.003898 0.000000 0.019342 0.998413 -0.052888 12.406000 -0.002878 0.052954 0.998593 0.000000 0.000000 0.000000 0.000000 1.000000
0.999786 -0.020439 0.003243 -0.000000 0.020580 0.998432 -0.052059 12.406000 -0.002173 0.052114 0.998639 0.000000 0.000000 0.000000 0.000000 1.000000
0.999722 -0.022768 0.006115 -0.000000 0.023047 0.998463 -0.050410 12.406000 -0.004958 0.050537 0.998710 -0.000000 0.000000 0.000000 0.000000 1.000000
0.999613 -0.026027 0.009824 0.000000 0.026462 0.998541 -0.047069 12.406000 -0.008584 0.047311 0.998843 0.000000 0.000000 0.000000 0.000000 1.000000
0.999448 -0.030466 0.013222 0.000000 0.031003 0.998614 -0.042522 12.406000 -0.011908 0.042908 0.999008 0.000000 0.000000 0.000000 0.000000 1.000000
0.999198 -0.036438 0.016627 0.000000 0.037038 0.998616 -0.037327 12.406000 -0.015244 0.037913 0.999165 0.000000 0.000000 0.000000 0.000000 1.000000
0.998903 -0.042454 0.019778 0.000000 0.043073 0.998561 -0.031963 12.406000 -0.018393 0.032780 0.999293 0.000000 0.000000 0.000000 0.000000 1.000000
0.998603 -0.047920 0.022256 -0.000000 0.048509 0.998466 -0.026702 12.406000 -0.020942 0.027745 0.999396 -0.000000 0.000000 0.000000 0.000000 1.000000
0.998379 -0.052010 0.023131 0.000000 0.052516 0.998381 -0.021830 12.406000 -0.021958 0.023009 0.999494 0.000000 0.000000 0.000000 0.000000 1.000000
0.998196 -0.055454 0.023033 0.000000 0.055874 0.998275 -0.018038 12.406000 -0.021993 0.019292 0.999572 -0.000000 0.000000 0.000000 0.000000 1.000000
0.998041 -0.058540 0.022089 0.000000 0.058896 0.998138 -0.015846 12.406000 -0.021120 0.017116 0.999630 0.000000 0.000000 0.000000 0.000000 1.000000
0.997937 -0.060798 0.020625 0.000000 0.061117 0.998015 -0.015173 12.406000 -0.019662 0.016402 0.999672 0.000000 0.000000 0.000000 0.000000 1.000000
0.997900 -0.061904 0.019056 0.000000 0.062202 0.997943 -0.015486 12.406000 -0.018058 0.016638 0.999698 0.000000 0.000000 0.000000 0.000000 1.000000
0.997964 -0.061260 0.017728 0.000000 0.061552 0.997969 -0.016435 12.406000 -0.016686 0.017492 0.999708 0.000000 0.000000 0.000000 0.000000 1.000000
0.998133 -0.058695 0.016919 0.000000 0.058998 0.998097 -0.017957 12.406000 -0.015833 0.018922 0.999696 -0.000000 0.000000 0.000000 0.000000 1.000000
0.998268 -0.056031 0.017913 0.000000 0.056362 0.998239 -0.018509 12.406000 -0.016844 0.019487 0.999668 0.000000 0.000000 0.000000 0.000000 1.000000
0.998423 -0.052475 0.019946 0.000000 0.052861 0.998414 -0.019381 12.406000 -0.018897 0.020405 0.999613 -0.000000 0.000000 0.000000 0.000000 1.000000
0.998660 -0.047624 0.020253 0.000000 0.048039 0.998635 -0.020513 12.406000 -0.019249 0.021459 0.999584 -0.000000 0.000000 0.000000 0.000000 1.000000
0.998873 -0.042938 0.020221 -0.000000 0.043369 0.998830 -0.021386 12.406000 -0.019279 0.022239 0.999567 -0.000000 0.000000 0.000000 0.000000 1.000000</float_array>
        <technique_common>
          <accessor source="#mixamorig_Spine1-Matrix-animation-output-transform-array" count="29" stride="16">
            <param type="float4x4"/>
          </accessor>
        </technique_common>
      </source>
      <source id="mixamorig_Spine1-Interpolations">
        <Name_array id="mixamorig_Spine1-Interpolations-array" count="29">
 LINEAR LINEAR LINEAR LINEAR LINEAR LINEAR LINEAR LINEAR LINEAR LINEAR LINEAR
LINEAR LINEAR LINEAR LINEAR LINEAR LINEAR LINEAR LINEAR LINEAR LINEAR LINEAR LINEAR
LINEAR LINEAR LINEAR LINEAR LINEAR LINEAR</Name_array>
        <technique_common>
          <accessor source="#mixamorig_Spine1-Interpolations-array" count="29">
            <param type="name"/>
          </accessor>
        </technique_common>
      </source>
      <sampler id="mixamorig_Spine1-Matrix-animation-transform">
        <input semantic="INPUT" source="#mixamorig_Spine1-Matrix-animation-input"/>
        <input semantic="OUTPUT" source="#mixamorig_Spine1-Matrix-animation-output-transform"/>
        <input semantic="INTERPOLATION" source="#mixamorig_Spine1-Interpolations"/>
      </sampler>
      <channel source="#mixamorig_Spine1-Matrix-animation-transform" target="mixamorig_Spine1/matrix"/>
    </animation>
    <animation id="mixamorig_Spine2-anim" name="mixamorig_Spine2">
      <source id="mixamorig_Spine2-Matrix-animation-input">
        <float_array id="mixamorig_Spine2-Matrix-animation-input-array" count="29">

0.000000 0.033333 0.066667 0.100000 0.133333 0.166667 0.200000 0.233333 0.266667 0.300000 0.333333 0.366667 0.400000 0.433333 0.466667 0.500000
0.533333 0.566667 0.600000 0.633333 0.666667 0.700000 0.733333 0.766667 0.800000 0.833333 0.866667 0.900000 0.933333</float_array>
        <technique_common>
          <accessor source="#mixamorig_Spine2-Matrix-animation-input-array" count="29">
            <param name="TIME" type="float"/>
          </accessor>
        </technique_common>
      </source>
      <source id="mixamorig_Spine2-Matrix-animation-output-transform">
        <float_array id="mixamorig_Spine2-Matrix-animation-output-transform-array" count="464">

0.999542 -0.019835 0.022868 -0.000000 0.022207 0.993834 -0.108633 14.178300 -0.020573 0.109091 0.993819 -0.000000 0.000000 0.000000 0.000000 1.000000
0.999607 -0.016056 0.022987 0.000000 0.018535 0.993527 -0.112073 14.178300 -0.021039 0.112455 0.993434 0.000000 0.000000 0.000000 0.000000 1.000000
0.999659 -0.011982 0.023216 0.000000 0.014600 0.993131 -0.116096 14.178300 -0.021666 0.116395 0.992967 0.000000 0.000000 0.000000 0.000000 1.000000
0.999701 -0.008040 0.023075 0.000000 0.010761 0.992673 -0.120349 14.178300 -0.021939 0.120561 0.992463 0.000000 0.000000 0.000000 0.000000 1.000000
0.999745 -0.004632 0.022116 0.000000 0.007354 0.992176 -0.124627 14.178300 -0.021366 0.124757 0.991957 0.000000 0.000000 0.000000 0.000000 1.000000
0.999801 -0.002024 0.019848 -0.000000 0.004562 0.991676 -0.128676 14.178300 -0.019423 0.128741 0.991488 0.000000 0.000000 0.000000 0.000000 1.000000
0.999861 -0.000002 0.016644 0.000000 0.002206 0.991195 -0.132393 14.178300 -0.016497 0.132412 0.991058 0.000000 0.000000 0.000000 0.000000 1.000000
0.999915 0.001342 0.012957 0.000000 0.000426 0.990772 -0.135537 14.178300 -0.013019 0.135531 0.990688 0.000000 0.000000 0.000000 0.000000 1.000000
0.999955 0.002305 0.009237 0.000000 -0.001006 0.990401 -0.138222 14.178300 -0.009467 0.138206 0.990358 0.000000 0.000000 0.000000 0.000000 1.000000
0.999979 0.002660 0.005928 0.000000 -0.001804 0.990161 -0.139921 14.178300 -0.006242 0.139907 0.990145 0.000000 0.000000 0.000000 0.000000 1.000000
0.999991 0.002260 0.003662 -0.000000 -0.001724 0.990100 -0.140355 14.178300 -0.003943 0.140347 0.990094 0.000000 0.000000 0.000000 0.000000 1.000000
0.999995 0.000936 0.003114 0.000000 -0.000493 0.990219 -0.139519 14.178300 -0.003214 0.139516 0.990215 -0.000000 0.000000 0.000000 0.000000 1.000000
0.999980 -0.001109 0.006209 0.000000 0.001954 0.990453 -0.137840 14.178300 -0.005997 0.137850 0.990435 0.000000 0.000000 0.000000 0.000000 1.000000
0.999939 -0.003997 0.010256 0.000000 0.005340 0.990901 -0.134484 14.178300 -0.009625 0.134531 0.990863 0.000000 0.000000 0.000000 0.000000 1.000000
0.999868 -0.008089 0.014112 -0.000000 0.009855 0.991473 -0.129937 14.178300 -0.012941 0.130059 0.991422 0.000000 0.000000 0.000000 0.000000 1.000000
0.999742 -0.013718 0.018118 0.000000 0.015874 0.992061 -0.124750 14.178300 -0.016262 0.125005 0.992023 0.000000 0.000000 0.000000 0.000000 1.000000
0.999572 -0.019418 0.021883 0.000000 0.021897 0.992605 -0.119395 14.178300 -0.019403 0.119823 0.992606 0.000000 0.000000 0.000000 0.000000 1.000000
0.999386 -0.024633 0.024932 0.000000 0.027326 0.993088 -0.114145 14.178300 -0.021948 0.114756 0.993151 0.000000 0.000000 0.000000 0.000000 1.000000
0.999245 -0.028623 0.026266 0.000000 0.031332 0.993517 -0.109283 14.178300 -0.022967 0.110024 0.993664 -0.000000 0.000000 0.000000 0.000000 1.000000
0.999133 -0.032061 0.026557 0.000000 0.034694 0.993815 -0.105491 14.178300 -0.023011 0.106321 0.994066 0.000000 0.000000 0.000000 0.000000 1.000000
0.999043 -0.035224 0.025944 -0.000000 0.037726 0.993937 -0.103281 14.178300 -0.022149 0.104161 0.994314 0.000000 0.000000 0.000000 0.000000 1.000000
0.998987 -0.037613 0.024705 0.000000 0.039959 0.993922 -0.102580 14.178300 -0.020696 0.103463 0.994418 0.000000 0.000000 0.000000 0.000000 1.000000
0.998974 -0.038865 0.023232 0.000000 0.041058 0.993848 -0.102864 14.178300 -0.019091 0.103712 0.994424 0.000000 0.000000 0.000000 0.000000 1.000000
0.999026 -0.038352 0.021837 -0.000000 0.040420 0.993777 -0.103793 14.178300 -0.017720 0.104575 0.994359 0.000000 0.000000 0.000000 0.000000 1.000000
0.999140 -0.035877 0.020796 0.000000 0.037874 0.993717 -0.105316 14.178300 -0.016887 0.106013 0.994221 0.000000 0.000000 0.000000 0.000000 1.000000
0.999219 -0.033126 0.021529 0.000000 0.035227 0.993753 -0.105897 14.178300 -0.017886 0.106573 0.994144 -0.000000 0.000000 0.000000 0.000000 1.000000
0.999298 -0.029390 0.023221 0.000000 0.031710 0.993774 -0.106811 14.178300 -0.019937 0.107472 0.994008 0.000000 0.000000 0.000000 0.000000 1.000000
0.999432 -0.024525 0.023101 0.000000 0.026882 0.993791 -0.107968 14.178300 -0.020309 0.108528 0.993886 0.000000 0.000000 0.000000 0.000000 1.000000
0.999542 -0.019835 0.022869 0.000000 0.022211 0.993810 -0.108854 14.178300 -0.020568 0.109313 0.993795 0.000000 0.000000 0.000000 0.000000 1.000000</float_array>
        <technique_common>
          <accessor source="#mixamorig_Spine2-Matrix-animation-output-transform-array" count="29" stride="16">
            <param type="float4x4"/>
          </accessor>
        </technique_common>
      </source>
      <source id="mixamorig_Spine2-Interpolations">
        <Name_array id="mixamorig_Spine2-Interpolations-array" count="29">
 LINEAR LINEAR LINEAR LINEAR LINEAR LINEAR LINEAR LINEAR LINEAR LINEAR LINEAR
LINEAR LINEAR LINEAR LINEAR LINEAR LINEAR LINEAR LINEAR LINEAR LINEAR LINEAR LINEAR
LINEAR LINEAR LINEAR LINEAR LINEAR LINEAR</Name_array>
        <technique_common>
          <accessor source="#mixamorig_Spine2-Interpolations-array" count="29">
            <param type="name"/>
          </accessor>
        </technique_common>
      </source>
      <sampler id="mixamorig_Spine2-Matrix-animation-transform">
        <input semantic="INPUT" source="#mixamorig_Spine2-Matrix-animation-input"/>
        <input semantic="OUTPUT" source="#mixamorig_Spine2-Matrix-animation-output-transform"/>
        <input semantic="INTERPOLATION" source="#mixamorig_Spine2-Interpolations"/>
      </sampler>
      <channel source="#mixamorig_Spine2-Matrix-animation-transform" target="mixamorig_Spine2/matrix"/>
    </animation>
    <animation id="mixamorig_Neck-anim" name="mixamorig_Neck">
      <source id="mixamorig_Neck-Matrix-animation-input">
        <float_array id="mixamorig_Neck-Matrix-animation-input-array" count="29">

0.000000 0.033333 0.066667 0.100000 0.133333 0.166667 0.200000 0.233333 0.266667 0.300000 0.333333 0.366667 0.400000 0.433333 0.466667 0.500000
0.533333 0.566667 0.600000 0.633333 0.666667 0.700000 0.733333 0.766667 0.800000 0.833333 0.866667 0.900000 0.933333</float_array>
        <technique_common>
          <accessor source="#mixamorig_Neck-Matrix-animation-input-array" count="29">
            <param name="TIME" type="float"/>
          </accessor>
        </technique_common>
      </source>
      <source id="mixamorig_Neck-Matrix-animation-output-transform">
        <float_array id="mixamorig_Neck-Matrix-animation-output-transform-array" count="464">

0.985070 0.027000 0.170026 0.024400 -0.032878 0.998952 0.031849 15.862300 -0.168988 -0.036964 0.984925 -1.675800 0.000000 0.000000 0.000000 1.000000
0.984895 0.029899 0.170554 0.024400 -0.036843 0.998610 0.037694 15.862300 -0.169190 -0.043408 0.984627 -1.675800 0.000000 0.000000 0.000000 1.000000
0.985374 0.030542 0.167645 0.024400 -0.038173 0.998367 0.042491 15.862300 -0.166074 -0.048269 0.984931 -1.675800 0.000000 0.000000 0.000000 1.000000
0.985597 0.027028 0.166938 0.024400 -0.035384 0.998255 0.047285 15.862300 -0.165368 -0.052511 0.984833 -1.675800 0.000000 0.000000 0.000000 1.000000
0.984481 0.020104 0.174334 0.024400 -0.029732 0.998163 0.052792 15.862300 -0.172952 -0.057156 0.983270 -1.675800 0.000000 0.000000 0.000000 1.000000
0.980836 0.012140 0.194458 0.024400 -0.024242 0.997905 0.059977 15.862300 -0.193323 -0.063541 0.979076 -1.675800 0.000000 0.000000 0.000000 1.000000
0.974247 0.006495 0.225389 0.024400 -0.022718 0.997326 0.069458 15.862300 -0.224336 -0.072790 0.971790 -1.675800 0.000000 0.000000 0.000000 1.000000
0.963391 0.007489 0.267996 0.024400 -0.030431 0.996204 0.081555 15.862300 -0.266368 -0.086725 0.959962 -1.675800 0.000000 0.000000 0.000000 1.000000
0.948982 0.013225 0.315054 0.024400 -0.044880 0.994614 0.093433 15.862300 -0.312121 -0.102806 0.944463 -1.675800 0.000000 0.000000 0.000000 1.000000
0.931040 0.027516 0.363879 0.024400 -0.069524 0.992264 0.102852 15.862300 -0.358234 -0.121058 0.925750 -1.675800 0.000000 0.000000 0.000000 1.000000
0.909522 0.047614 0.412919 0.024400 -0.100040 0.989291 0.106279 15.862300 -0.403437 -0.137971 0.904546 -1.675800 0.000000 0.000000 0.000000 1.000000
0.880070 0.066297 0.470193 0.024400 -0.128971 0.986355 0.102322 15.862300 -0.456993 -0.150692 0.876612 -1.675800 0.000000 0.000000 0.000000 1.000000
0.848308 0.086892 0.522325 0.024400 -0.156994 0.983362 0.091386 15.862300 -0.505694 -0.159526 0.847836 -1.675800 0.000000 0.000000 0.000000 1.000000
0.815478 0.112329 0.567783 0.024400 -0.185733 0.979892 0.072899 15.862300 -0.548178 -0.164904 0.819944 -1.675800 0.000000 0.000000 0.000000 1.000000
0.784554 0.139720 0.604114 0.024400 -0.212087 0.975986 0.049708 15.862300 -0.582661 -0.167123 0.795346 -1.675800 0.000000 0.000000 0.000000 1.000000
0.762385 0.164528 0.625859 0.024400 -0.231696 0.972424 0.026604 15.862300 -0.604224 -0.165291 0.779482 -1.675800 0.000000 0.000000 0.000000 1.000000
0.748100 0.184362 0.637462 0.024400 -0.244998 0.969497 0.007129 15.862300 -0.616703 -0.161511 0.770449 -1.675800 0.000000 0.000000 0.000000 1.000000
0.736047 0.200279 0.646625 0.024400 -0.255008 0.966895 -0.009204 15.862300 -0.627062 -0.158119 0.762753 -1.675800 0.000000 0.000000 0.000000 1.000000
0.727948 0.211462 0.652208 0.024400 -0.261774 0.964908 -0.020673 15.862300 -0.633692 -0.155682 0.757758 -1.675800 0.000000 0.000000 0.000000 1.000000
0.726529 0.216706 0.652069 0.024400 -0.264979 0.963927 -0.025111 15.862300 -0.633989 -0.154541 0.757744 -1.675800 0.000000 0.000000 0.000000 1.000000
0.734434 0.214773 0.643800 0.024400 -0.264006 0.964303 -0.020520 15.862300 -0.625225 -0.154897 0.764918 -1.675800 0.000000 0.000000 0.000000 1.000000
0.753511 0.204589 0.624791 0.024400 -0.257619 0.966230 -0.005699 15.862300 -0.604858 -0.156664 0.780771 -1.675800 0.000000 0.000000 0.000000 1.000000
0.778801 0.187276 0.598663 0.024400 -0.245041 0.969388 0.015526 15.862300 -0.577429 -0.158788 0.800851 -1.675800 0.000000 0.000000 0.000000 1.000000
0.812194 0.162737 0.560230 0.024400 -0.223165 0.973934 0.040623 15.862300 -0.539016 -0.158018 0.827340 -1.675800 0.000000 0.000000 0.000000 1.000000
0.853245 0.132394 0.504425 0.024400 -0.190048 0.979664 0.064343 15.862300 -0.485649 -0.150765 0.861055 -1.675800 0.000000 0.000000 0.000000 1.000000
0.895816 0.100442 0.432926 0.024400 -0.148396 0.985820 0.078346 15.862300 -0.418918 -0.134428 0.898018 -1.675800 0.000000 0.000000 0.000000 1.000000
0.934282 0.070704 0.349455 0.024400 -0.103898 0.991591 0.077151 15.862300 -0.341061 -0.108388 0.933771 -1.675800 0.000000 0.000000 0.000000 1.000000
0.964626 0.045878 0.259598 0.024400 -0.063560 0.996165 0.060129 15.862300 -0.255844 -0.074502 0.963843 -1.675800 0.000000 0.000000 0.000000 1.000000
0.985070 0.027000 0.170026 0.024400 -0.032878 0.998952 0.031849 15.862300 -0.168988 -0.036964 0.984925 -1.675800 0.000000 0.000000 0.000000 1.000000</float_array>
        <technique_common>
          <accessor source="#mixamorig_Neck-Matrix-animation-output-transform-array" count="29" stride="16">
            <param type="float4x4"/>
          </accessor>
        </technique_common>
      </source>
      <source id="mixamorig_Neck-Interpolations">
        <Name_array id="mixamorig_Neck-Interpolations-array" count="29">
 LINEAR LINEAR LINEAR LINEAR LINEAR LINEAR LINEAR LINEAR LINEAR LINEAR LINEAR
LINEAR LINEAR LINEAR LINEAR LINEAR LINEAR LINEAR LINEAR LINEAR LINEAR LINEAR LINEAR
LINEAR LINEAR LINEAR LINEAR LINEAR LINEAR</Name_array>
        <technique_common>
          <accessor source="#mixamorig_Neck-Interpolations-array" count="29">
            <param type="name"/>
          </accessor>
        </technique_common>
      </source>
      <sampler id="mixamorig_Neck-Matrix-animation-transform">
        <input semantic="INPUT" source="#mixamorig_Neck-Matrix-animation-input"/>
        <input semantic="OUTPUT" source="#mixamorig_Neck-Matrix-animation-output-transform"/>
        <input semantic="INTERPOLATION" source="#mixamorig_Neck-Interpolations"/>
      </sampler>
      <channel source="#mixamorig_Neck-Matrix-animation-transform" target="mixamorig_Neck/matrix"/>
    </animation>
    <animation id="mixamorig_Head-anim" name="mixamorig_Head">
      <source id="mixamorig_Head-Matrix-animation-input">
        <float_array id="mixamorig_Head-Matrix-animation-input-array" count="29">

0.000000 0.033333 0.066667 0.100000 0.133333 0.166667 0.200000 0.233333 0.266667 0.300000 0.333333 0.366667 0.400000 0.433333 0.466667 0.500000
0.533333 0.566667 0.600000 0.633333 0.666667 0.700000 0.733333 0.766667 0.800000 0.833333 0.866667 0.900000 0.933333</float_array>
        <technique_common>
          <accessor source="#mixamorig_Head-Matrix-animation-input-array" count="29">
            <param name="TIME" type="float"/>
          </accessor>
        </technique_common>
      </source>
      <source id="mixamorig_Head-Matrix-animation-output-transform">
        <float_array id="mixamorig_Head-Matrix-animation-output-transform-array" count="464">

0.912383 0.079624 0.401518 0.000000 -0.112642 0.991866 0.059267 5.564000 -0.393533 -0.099302 0.913931 0.988100 0.000000 0.000000 0.000000 1.000000
0.908700 0.074240 0.410794 0.000000 -0.113252 0.990996 0.071423 5.564000 -0.401793 -0.111426 0.908926 0.988100 0.000000 0.000000 0.000000 1.000000
0.903150 0.069262 0.423701 0.000000 -0.114767 0.989935 0.082811 5.564000 -0.413701 -0.123418 0.902009 0.988100 0.000000 0.000000 0.000000 1.000000
0.896621 0.063352 0.438243 0.000000 -0.114963 0.989079 0.092228 5.564000 -0.427614 -0.133075 0.894112 0.988100 0.000000 0.000000 0.000000 1.000000
0.889265 0.055673 0.453991 0.000000 -0.112918 0.988564 0.099953 5.564000 -0.443235 -0.140148 0.885382 0.988100 0.000000 0.000000 0.000000 1.000000
0.882228 0.045741 0.468595 0.000000 -0.108033 0.988381 0.106916 5.564000 -0.458260 -0.144948 0.876919 0.988100 0.000000 0.000000 0.000000 1.000000
0.878769 0.034009 0.476035 0.000000 -0.100118 0.988400 0.114205 5.564000 -0.466628 -0.148019 0.871979 0.988100 0.000000 0.000000 0.000000 1.000000
0.884059 0.020477 0.466926 -0.000000 -0.087579 0.988601 0.122463 5.564000 -0.459096 -0.149157 0.875776 0.988100 0.000000 0.000000 0.000000 1.000000
0.894805 0.006229 0.446413 0.000000 -0.072178 0.988767 0.130880 5.564000 -0.440584 -0.149333 0.885204 0.988100 0.000000 0.000000 0.000000 1.000000
0.914189 -0.008348 0.405203 -0.000000 -0.052582 0.988895 0.139006 5.564000 -0.401864 -0.148384 0.903597 0.988100 0.000000 0.000000 0.000000 1.000000
0.935931 -0.022893 0.351438 -0.000000 -0.030347 0.988931 0.145236 5.564000 -0.350873 -0.146596 0.924877 0.988100 0.000000 0.000000 0.000000 1.000000
0.952560 -0.038989 0.301844 0.000000 -0.006290 0.989027 0.147601 5.564000 -0.304287 -0.142498 0.941862 0.988100 0.000000 0.000000 0.000000 1.000000
0.966534 -0.052423 0.251125 -0.000000 0.015594 0.989094 0.146457 5.564000 -0.256064 -0.137640 0.956811 0.988100 0.000000 0.000000 0.000000 1.000000
0.976990 -0.058020 0.205240 0.000000 0.028659 0.989274 0.143235 5.564000 -0.211349 -0.134057 0.968174 0.988100 0.000000 0.000000 0.000000 1.000000
0.984676 -0.056987 0.164821 -0.000000 0.033977 0.989681 0.139199 5.564000 -0.171053 -0.131466 0.976452 0.988100 0.000000 0.000000 0.000000 1.000000
0.989744 -0.049083 0.134152 0.000000 0.030799 0.990351 0.135116 5.564000 -0.139490 -0.129598 0.981706 0.988100 0.000000 0.000000 0.000000 1.000000
0.992931 -0.036586 0.112912 0.000000 0.021544 0.991060 0.131667 5.564000 -0.116720 -0.128304 0.984842 0.988100 0.000000 0.000000 0.000000 1.000000
0.995348 -0.021849 0.093838 -0.000000 0.009623 0.991622 0.128813 5.564000 -0.095866 -0.127311 0.987219 0.988100 0.000000 0.000000 0.000000 1.000000
0.997000 -0.006791 0.077109 0.000000 -0.003042 0.991937 0.126693 5.564000 -0.077348 -0.126547 0.988940 0.988100 0.000000 0.000000 0.000000 1.000000
0.997931 0.006736 0.063934 0.000000 -0.014725 0.992007 0.125318 5.564000 -0.062579 -0.126000 0.990054 0.988100 0.000000 0.000000 0.000000 1.000000
0.998315 0.016879 0.055520 0.000000 -0.023700 0.991925 0.124589 5.564000 -0.052969 -0.125695 0.990654 0.988100 0.000000 0.000000 0.000000 1.000000
0.998311 0.022124 0.053714 0.000000 -0.028667 0.991834 0.124269 5.564000 -0.050526 -0.125599 0.990794 0.988100 0.000000 0.000000 0.000000 1.000000
0.997199 0.026619 0.069899 0.000000 -0.035039 0.991894 0.122138 5.564000 -0.066081 -0.124245 0.990049 0.988100 0.000000 0.000000 0.000000 1.000000
0.993617 0.033634 0.107674 0.000000 -0.046242 0.992076 0.116824 5.564000 -0.102892 -0.121057 0.987299 0.988100 0.000000 0.000000 0.000000 1.000000
0.986072 0.042416 0.160818 0.000000 -0.060385 0.992256 0.108547 5.564000 -0.154968 -0.116746 0.980997 0.988100 0.000000 0.000000 0.000000 1.000000
0.973428 0.052188 0.222966 0.000000 -0.075577 0.992344 0.097685 5.564000 -0.216161 -0.111940 0.969920 0.988100 0.000000 0.000000 0.000000 1.000000
0.955682 0.062161 0.287765 -0.000000 -0.090135 0.992296 0.084993 5.564000 -0.280265 -0.107164 0.953922 0.988100 0.000000 0.000000 0.000000 1.000000
0.934336 0.071556 0.349136 0.000000 -0.102762 0.992121 0.071669 5.564000 -0.341256 -0.102841 0.934328 0.988100 0.000000 0.000000 0.000000 1.000000
0.912383 0.079626 0.401518 0.000000 -0.112642 0.991867 0.059263 5.564000 -0.393533 -0.099298 0.913932 0.988100 0.000000 0.000000 0.000000 1.000000</float_array>
        <technique_common>
          <accessor source="#mixamorig_Head-Matrix-animation-output-transform-array" count="29" stride="16">
            <param type="float4x4"/>
          </accessor>
        </technique_common>
      </source>
      <source id="mixamorig_Head-Interpolations">
        <Name_array id="mixamorig_Head-Interpolations-array" count="29">
 LINEAR LINEAR LINEAR LINEAR LINEAR LINEAR LINEAR LINEAR LINEAR LINEAR LINEAR
LINEAR LINEAR LINEAR LINEAR LINEAR LINEAR LINEAR LINEAR LINEAR LINEAR LINEAR LINEAR
LINEAR LINEAR LINEAR LINEAR LINEAR LINEAR</Name_array>
        <technique_common>
          <accessor source="#mixamorig_Head-Interpolations-array" count="29">
            <param type="name"/>
          </accessor>
        </technique_common>
      </source>
      <sampler id="mixamorig_Head-Matrix-animation-transform">
        <input semantic="INPUT" source="#mixamorig_Head-Matrix-animation-input"/>
        <input semantic="OUTPUT" source="#mixamorig_Head-Matrix-animation-output-transform"/>
        <input semantic="INTERPOLATION" source="#mixamorig_Head-Interpolations"/>
      </sampler>
      <channel source="#mixamorig_Head-Matrix-animation-transform" target="mixamorig_Head/matrix"/>
    </animation>
    <animation id="mixamorig_LeftShoulder-anim" name="mixamorig_LeftShoulder">
      <source id="mixamorig_LeftShoulder-Matrix-animation-input">
        <float_array id="mixamorig_LeftShoulder-Matrix-animation-input-array" count="29">

0.000000 0.033333 0.066667 0.100000 0.133333 0.166667 0.200000 0.233333 0.266667 0.300000 0.333333 0.366667 0.400000 0.433333 0.466667 0.500000
0.533333 0.566667 0.600000 0.633333 0.666667 0.700000 0.733333 0.766667 0.800000 0.833333 0.866667 0.900000 0.933333</float_array>
        <technique_common>
          <accessor source="#mixamorig_LeftShoulder-Matrix-animation-input-array" count="29">
            <param name="TIME" type="float"/>
          </accessor>
        </technique_common>
      </source>
