<?xml version="1.0" encoding="utf-8"?>
<COLLADA xmlns="http://www.collada.org/2005/11/COLLADASchema" version="1.4.1">
  <asset>
    <contributor>
      <author>Mixamo</author>
      <authoring_tool>COLLADA Mixamo exporter</authoring_tool>
      <comments/>
    </contributor>
    <created>2022-12-10T03:35:53Z</created>
    <modified>2022-12-10T03:35:53Z</modified>
    <revision/>
    <title/>
    <unit meter="0.010000"/>
    <up_axis>Y_UP</up_axis>
  </asset>
  <library_animations>
    <animation id="mixamorig_Hips-anim" name="mixamorig_Hips">
      <source id="mixamorig_Hips-Matrix-animation-input">
        <float_array id="mixamorig_Hips-Matrix-animation-input-array" count="25">

0.000000 0.033333 0.066667 0.100000 0.133333 0.166667 0.200000 0.233333 0.266667 0.300000 0.333333 0.366667 0.400000 0.433333 0.466667 0.500000
0.533333 0.566667 0.600000 0.633333 0.666667 0.700000 0.733333 0.766667 0.800000</float_array>
        <technique_common>
          <accessor source="#mixamorig_Hips-Matrix-animation-input-array" count="25">
            <param name="TIME" type="float"/>
          </accessor>
        </technique_common>
      </source>
      <source id="mixamorig_Hips-Matrix-animation-output-transform">
        <float_array id="mixamorig_Hips-Matrix-animation-output-transform-array" count="400">

0.999673 -0.025529 0.001260 0.002431 0.025498 0.999470 0.020221 91.759216 -0.001775 -0.020183 0.999795 0.033493 0.000000 0.000000 0.000000 1.000000
0.982519 -0.011465 -0.185807 0.530220 0.022829 0.997989 0.059139 89.509659 0.184755 -0.062347 0.980805 5.185784 0.000000 0.000000 0.000000 1.000000
0.907951 0.004275 -0.419055 0.906848 0.028559 0.996992 0.072048 87.317902 0.418103 -0.077383 0.905098 11.257683 0.000000 0.000000 0.000000 1.000000
0.772096 0.008798 -0.635445 1.206770 0.041069 0.997123 0.063706 85.491394 0.634177 -0.075285 0.769514 16.977352 0.000000 0.000000 0.000000 1.000000
0.594734 0.003740 -0.803914 1.487633 0.051762 0.997736 0.042935 83.841248 0.802254 -0.067147 0.593194 22.463243 0.000000 0.000000 0.000000 1.000000
0.396944 -0.015100 -0.917719 1.744646 0.057641 0.998301 0.008506 82.359070 0.916031 -0.056274 0.397140 27.840878 0.000000 0.000000 0.000000 1.000000
0.224062 -0.033104 -0.974012 1.964401 0.055181 0.998251 -0.021234 81.038261 0.973011 -0.048989 0.225497 32.750809 0.000000 0.000000 0.000000 1.000000
0.123621 -0.035668 -0.991688 2.037030 0.047424 0.998424 -0.029999 80.318237 0.991196 -0.043322 0.125117 35.926392 0.000000 0.000000 0.000000 1.000000
0.024715 -0.035479 -0.999065 1.983457 0.043041 0.998481 -0.034393 79.818314 0.998768 -0.042150 0.026204 38.688896 0.000000 0.000000 0.000000 1.000000
-0.089052 -0.038446 -0.995285 1.752191 0.045173 0.998071 -0.042595 79.425400 0.995002 -0.048753 -0.087144 40.819393 0.000000 0.000000 0.000000 1.000000
-0.205719 -0.041844 -0.977716 1.464932 0.048588 0.997417 -0.052910 79.062096 0.977404 -0.058390 -0.203154 42.706886 0.000000 0.000000 0.000000 1.000000
-0.324085 -0.046082 -0.944905 1.059581 0.052283 0.996414 -0.066526 78.698441 0.944582 -0.070963 -0.320513 44.222103 0.000000 0.000000 0.000000 1.000000
-0.447309 -0.050280 -0.892965 0.545519 0.053816 0.995096 -0.082989 78.373291 0.892759 -0.085177 -0.442409 45.652805 0.000000 0.000000 0.000000 1.000000
-0.570828 -0.053669 -0.819314 -0.061761 0.052980 0.993374 -0.101983 78.382622 0.819359 -0.101622 -0.564202 46.946156 0.000000 0.000000 0.000000 1.000000
-0.682803 -0.054906 -0.728536 -0.687811 0.049250 0.991445 -0.120878 78.763367 0.728940 -0.118416 -0.674258 48.096832 0.000000 0.000000 0.000000 1.000000
-0.773222 -0.055119 -0.631735 -1.363213 0.041544 0.989672 -0.137197 79.956001 0.632773 -0.132328 -0.762947 48.662945 0.000000 0.000000 0.000000 1.000000
-0.844169 -0.054652 -0.533285 -2.101023 0.031114 0.988118 -0.150516 81.624619 0.535174 -0.143654 -0.832438 48.701355 0.000000 0.000000 0.000000 1.000000
-0.895166 -0.051847 -0.442707 -2.935285 0.020563 0.987351 -0.157210 83.269089 0.445258 -0.149832 -0.882777 47.959892 0.000000 0.000000 0.000000 1.000000
-0.930596 -0.041465 -0.363693 -3.949059 0.013394 0.989041 -0.147033 84.623375 0.365804 -0.141700 -0.919842 45.515129 0.000000 0.000000 0.000000 1.000000
-0.956877 -0.024615 -0.289449 -4.957195 0.010659 0.992758 -0.119660 85.989174 0.290298 -0.117585 -0.949685 42.338772 0.000000 0.000000 0.000000 1.000000
-0.974605 -0.011347 -0.223645 -5.953336 0.008072 0.996286 -0.085726 87.322906 0.223787 -0.085354 -0.970893 39.099354 0.000000 0.000000 0.000000 1.000000
-0.987148 -0.001254 -0.159806 -6.968230 0.006979 0.998677 -0.050946 88.646515 0.159659 -0.051407 -0.985833 35.850872 0.000000 0.000000 0.000000 1.000000
-0.995302 0.005985 -0.096639 -8.014184 0.007692 0.999821 -0.017300 89.932281 0.096518 -0.017962 -0.995169 32.595684 0.000000 0.000000 0.000000 1.000000
-0.999287 0.012878 -0.035490 -9.139918 0.012559 0.999879 0.009190 91.077408 0.035604 0.008737 -0.999328 29.286442 0.000000 0.000000 0.000000 1.000000
-0.999553 0.025173 0.016153 -10.454018 0.025498 0.999470 0.020221 91.759201 -0.015635 0.020624 -0.999665 25.733032 0.000000 0.000000 0.000000 1.000000</float_array>
        <technique_common>
          <accessor source="#mixamorig_Hips-Matrix-animation-output-transform-array" count="25" stride="16">
            <param type="float4x4"/>
          </accessor>
        </technique_common>
      </source>
      <source id="mixamorig_Hips-Interpolations">
        <Name_array id="mixamorig_Hips-Interpolations-array" count="25">
 LINEAR LINEAR LINEAR LINEAR LINEAR LINEAR LINEAR LINEAR LINEAR LINEAR LINEAR
LINEAR LINEAR LINEAR LINEAR LINEAR LINEAR LINEAR LINEAR LINEAR LINEAR LINEAR LINEAR
LINEAR LINEAR</Name_array>
        <technique_common>
          <accessor source="#mixamorig_Hips-Interpolations-array" count="25">
            <param type="name"/>
          </accessor>
        </technique_common>
      </source>
      <sampler id="mixamorig_Hips-Matrix-animation-transform">
        <input semantic="INPUT" source="#mixamorig_Hips-Matrix-animation-input"/>
        <input semantic="OUTPUT" source="#mixamorig_Hips-Matrix-animation-output-transform"/>
        <input semantic="INTERPOLATION" source="#mixamorig_Hips-Interpolations"/>
      </sampler>
      <channel source="#mixamorig_Hips-Matrix-animation-transform" target="mixamorig_Hips/matrix"/>
    </animation>
    <animation id="mixamorig_Spine-anim" name="mixamorig_Spine">
      <source id="mixamorig_Spine-Matrix-animation-input">
        <float_array id="mixamorig_Spine-Matrix-animation-input-array" count="25">

0.000000 0.033333 0.066667 0.100000 0.133333 0.166667 0.200000 0.233333 0.266667 0.300000 0.333333 0.366667 0.400000 0.433333 0.466667 0.500000
0.533333 0.566667 0.600000 0.633333 0.666667 0.700000 0.733333 0.766667 0.800000</float_array>
        <technique_common>
          <accessor source="#mixamorig_Spine-Matrix-animation-input-array" count="25">
            <param name="TIME" type="float"/>
          </accessor>
        </technique_common>
      </source>
      <source id="mixamorig_Spine-Matrix-animation-output-transform">
        <float_array id="mixamorig_Spine-Matrix-animation-output-transform-array" count="400">

0.987729 -0.021663 -0.154669 0.017300 -0.017292 0.969076 -0.246158 10.574800 0.155218 0.245812 0.956809 -1.117200 0.000000 0.000000 0.000000 1.000000
0.997841 -0.038918 -0.052911 0.017300 0.025021 0.970047 -0.241625 10.574800 0.060730 0.239779 0.968926 -1.117200 0.000000 0.000000 0.000000 1.000000
0.997565 -0.056912 0.040306 0.017300 0.064350 0.973959 -0.217399 10.574800 -0.026884 0.219463 0.975250 -1.117200 0.000000 0.000000 0.000000 1.000000
0.994412 -0.065883 0.082485 0.017300 0.080494 0.978736 -0.188669 10.574800 -0.068301 0.194254 0.978571 -1.117200 0.000000 0.000000 0.000000 1.000000
0.993608 -0.069257 0.089147 0.017300 0.083042 0.983355 -0.161605 10.574800 -0.076471 0.167975 0.982821 -1.117200 0.000000 0.000000 0.000000 1.000000
0.996913 -0.066384 0.041928 0.017300 0.071637 0.987607 -0.139645 10.574800 -0.032139 0.142218 0.989314 -1.117200 0.000000 0.000000 0.000000 1.000000
0.997624 -0.065047 -0.022681 0.017300 0.061616 0.989799 -0.128456 10.574800 0.030805 0.126754 0.991456 -1.117200 0.000000 0.000000 0.000000 1.000000
0.991234 -0.070408 -0.111794 0.017300 0.053034 0.987047 -0.151411 10.574800 0.121007 0.144155 0.982129 -1.117200 0.000000 0.000000 0.000000 1.000000
0.979603 -0.073802 -0.186899 0.017300 0.040291 0.983363 -0.177125 10.574800 0.196861 0.165981 0.966279 -1.117200 0.000000 0.000000 0.000000 1.000000
0.973774 -0.071437 -0.216011 0.017300 0.030673 0.981981 -0.186475 10.574800 0.225440 0.174959 0.958419 -1.117200 0.000000 0.000000 0.000000 1.000000
0.970588 -0.067377 -0.231128 0.017300 0.022898 0.981523 -0.189972 10.574800 0.239657 0.179092 0.954196 -1.117200 0.000000 0.000000 0.000000 1.000000
0.968594 -0.063032 -0.240526 0.017300 0.017168 0.981980 -0.188204 10.574800 0.248055 0.178164 0.952222 -1.117200 0.000000 0.000000 0.000000 1.000000
0.967139 -0.060019 -0.247064 0.017300 0.013275 0.982332 -0.186675 10.574800 0.253903 0.177261 0.950848 -1.117200 0.000000 0.000000 0.000000 1.000000
0.965753 -0.058721 -0.252731 0.017300 0.010220 0.981907 -0.189090 10.574800 0.259262 0.180031 0.948879 -1.117200 0.000000 0.000000 0.000000 1.000000
0.964541 -0.057702 -0.257546 0.017300 0.007482 0.981395 -0.191855 10.574800 0.263825 0.183126 0.947028 -1.117200 0.000000 0.000000 0.000000 1.000000
0.963908 -0.056252 -0.260225 0.017300 0.005908 0.981703 -0.190329 10.574800 0.266170 0.181923 0.946603 -1.117200 0.000000 0.000000 0.000000 1.000000
0.963811 -0.054822 -0.260890 0.017300 0.005370 0.982420 -0.186606 10.574800 0.266534 0.178452 0.947161 -1.117200 0.000000 0.000000 0.000000 1.000000
0.964610 -0.052581 -0.258386 0.017300 0.004545 0.983086 -0.183090 10.574800 0.263643 0.175436 0.948533 -1.117200 0.000000 0.000000 0.000000 1.000000
0.967345 -0.046135 -0.249231 0.017300 -0.000335 0.983061 -0.183276 10.574800 0.253464 0.177374 0.950944 -1.117200 0.000000 0.000000 0.000000 1.000000
0.971162 -0.037862 -0.235396 0.017300 -0.007913 0.981648 -0.190537 10.574800 0.238290 0.186905 0.953040 -1.117200 0.000000 0.000000 0.000000 1.000000
0.975065 -0.032833 -0.219477 0.017300 -0.012261 0.979514 -0.201004 10.574800 0.221580 0.198683 0.954687 -1.117200 0.000000 0.000000 0.000000 1.000000
0.978731 -0.028216 -0.203200 0.017300 -0.015857 0.977128 -0.212060 10.574800 0.204536 0.210772 0.955898 -1.117200 0.000000 0.000000 0.000000 1.000000
0.982105 -0.024040 -0.186794 0.017300 -0.018637 0.974546 -0.223414 10.574800 0.187410 0.222897 0.956658 -1.117200 0.000000 0.000000 0.000000 1.000000
0.985141 -0.021384 -0.170410 0.017300 -0.019554 0.971801 -0.234989 10.574800 0.170630 0.234829 0.956943 -1.117200 0.000000 0.000000 0.000000 1.000000
0.987729 -0.021663 -0.154669 0.017300 -0.017292 0.969075 -0.246158 10.574800 0.155218 0.245812 0.956809 -1.117200 0.000000 0.000000 0.000000 1.000000</float_array>
        <technique_common>
          <accessor source="#mixamorig_Spine-Matrix-animation-output-transform-array" count="25" stride="16">
            <param type="float4x4"/>
          </accessor>
        </technique_common>
      </source>
      <source id="mixamorig_Spine-Interpolations">
        <Name_array id="mixamorig_Spine-Interpolations-array" count="25">
 LINEAR LINEAR LINEAR LINEAR LINEAR LINEAR LINEAR LINEAR LINEAR LINEAR LINEAR
LINEAR LINEAR LINEAR LINEAR LINEAR LINEAR LINEAR LINEAR LINEAR LINEAR LINEAR LINEAR
LINEAR LINEAR</Name_array>
        <technique_common>
          <accessor source="#mixamorig_Spine-Interpolations-array" count="25">
            <param type="name"/>
          </accessor>
        </technique_common>
      </source>
      <sampler id="mixamorig_Spine-Matrix-animation-transform">
        <input semantic="INPUT" source="#mixamorig_Spine-Matrix-animation-input"/>
        <input semantic="OUTPUT" source="#mixamorig_Spine-Matrix-animation-output-transform"/>
        <input semantic="INTERPOLATION" source="#mixamorig_Spine-Interpolations"/>
      </sampler>
      <channel source="#mixamorig_Spine-Matrix-animation-transform" target="mixamorig_Spine/matrix"/>
    </animation>
    <animation id="mixamorig_Spine1-anim" name="mixamorig_Spine1">
      <source id="mixamorig_Spine1-Matrix-animation-input">
        <float_array id="mixamorig_Spine1-Matrix-animation-input-array" count="25">

0.000000 0.033333 0.066667 0.100000 0.133333 0.166667 0.200000 0.233333 0.266667 0.300000 0.333333 0.366667 0.400000 0.433333 0.466667 0.500000
0.533333 0.566667 0.600000 0.633333 0.666667 0.700000 0.733333 0.766667 0.800000</float_array>
        <technique_common>
          <accessor source="#mixamorig_Spine1-Matrix-animation-input-array" count="25">
            <param name="TIME" type="float"/>
          </accessor>
        </technique_common>
      </source>
      <source id="mixamorig_Spine1-Matrix-animation-output-transform">
        <float_array id="mixamorig_Spine1-Matrix-animation-output-transform-array" count="400">

0.999069 0.013643 -0.040924 -0.000000 -0.014701 0.999563 -0.025663 12.406000 0.040556 0.026241 0.998833 0.000000 0.000000 0.000000 0.000000 1.000000
0.999870 0.006789 -0.014606 0.000000 -0.007120 0.999715 -0.022775 12.406000 0.014447 0.022876 0.999634 0.000000 0.000000 0.000000 0.000000 1.000000
0.999955 -0.000464 0.009450 0.000000 0.000649 0.999808 -0.019575 12.406000 -0.009439 0.019580 0.999764 -0.000000 0.000000 0.000000 0.000000 1.000000
0.999780 -0.005749 0.020194 0.000000 0.006071 0.999855 -0.015920 12.406000 -0.020100 0.016039 0.999669 0.000000 0.000000 0.000000 0.000000 1.000000
0.999720 -0.009803 0.021527 0.000000 0.010062 0.999878 -0.011952 12.406000 -0.021407 0.012166 0.999697 0.000000 0.000000 0.000000 0.000000 1.000000
0.999887 -0.012503 0.008371 0.000000 0.012566 0.999893 -0.007537 12.406000 -0.008276 0.007641 0.999937 -0.000000 0.000000 0.000000 0.000000 1.000000
0.999842 -0.014963 -0.009604 0.000000 0.014925 0.999880 -0.004053 12.406000 0.009663 0.003909 0.999946 0.000000 0.000000 0.000000 0.000000 1.000000
0.999261 -0.016812 -0.034578 0.000000 0.016691 0.999854 -0.003786 12.406000 0.034636 0.003206 0.999395 0.000000 0.000000 0.000000 0.000000 1.000000
0.998380 -0.015281 -0.054810 0.000000 0.015074 0.999878 -0.004178 12.406000 0.054867 0.003345 0.998488 0.000000 0.000000 0.000000 0.000000 1.000000
0.998106 -0.009082 -0.060841 0.000000 0.008838 0.999952 -0.004286 12.406000 0.060877 0.003740 0.998138 0.000000 0.000000 0.000000 0.000000 1.000000
0.998022 -0.001925 -0.062833 0.000000 0.001674 0.999990 -0.004046 12.406000 0.062840 0.003932 0.998016 -0.000000 0.000000 0.000000 0.000000 1.000000
0.997917 0.003955 -0.064385 0.000000 -0.004147 0.999987 -0.002855 12.406000 0.064372 0.003116 0.997921 0.000000 0.000000 0.000000 0.000000 1.000000
0.997787 0.008391 -0.065959 0.000000 -0.008601 0.999959 -0.002899 12.406000 0.065932 0.003460 0.997818 0.000000 0.000000 0.000000 0.000000 1.000000
0.997640 0.012081 -0.067587 0.000000 -0.012506 0.999905 -0.005865 12.406000 0.067510 0.006696 0.997696 0.000000 0.000000 0.000000 0.000000 1.000000
0.997482 0.015072 -0.069295 0.000000 -0.015747 0.999834 -0.009207 12.406000 0.069145 0.010275 0.997554 0.000000 0.000000 0.000000 0.000000 1.000000
0.997327 0.016016 -0.071293 0.000000 -0.016747 0.999813 -0.009665 12.406000 0.071125 0.010833 0.997409 0.000000 0.000000 0.000000 0.000000 1.000000
0.997183 0.015282 -0.073438 0.000000 -0.015954 0.999836 -0.008577 12.406000 0.073295 0.009724 0.997263 0.000000 0.000000 0.000000 0.000000 1.000000
0.997081 0.013568 -0.075132 0.000000 -0.014145 0.999874 -0.007163 12.406000 0.075025 0.008205 0.997148 0.000000 0.000000 0.000000 0.000000 1.000000
0.997135 0.013464 -0.074438 -0.000000 -0.013977 0.999882 -0.006371 12.406000 0.074343 0.007393 0.997205 -0.000000 0.000000 0.000000 0.000000 1.000000
0.997412 0.016113 -0.070068 -0.000000 -0.016722 0.999827 -0.008110 12.406000 0.069926 0.009261 0.997509 0.000000 0.000000 0.000000 0.000000 1.000000
0.997788 0.016893 -0.064301 0.000000 -0.017655 0.999780 -0.011302 12.406000 0.064096 0.012412 0.997867 0.000000 0.000000 0.000000 0.000000 1.000000
0.998145 0.017369 -0.058343 0.000000 -0.018257 0.999725 -0.014726 12.406000 0.058071 0.015764 0.998188 0.000000 0.000000 0.000000 0.000000 1.000000
0.998475 0.017556 -0.052341 0.000000 -0.018534 0.999662 -0.018253 12.406000 0.052003 0.019195 0.998462 -0.000000 0.000000 0.000000 0.000000 1.000000
0.998783 0.016723 -0.046399 -0.000000 -0.017755 0.999602 -0.021926 12.406000 0.046013 0.022723 0.998682 0.000000 0.000000 0.000000 0.000000 1.000000
0.999069 0.013643 -0.040924 -0.000000 -0.014701 0.999563 -0.025663 12.406000 0.040556 0.026241 0.998833 0.000000 0.000000 0.000000 0.000000 1.000000</float_array>
        <technique_common>
          <accessor source="#mixamorig_Spine1-Matrix-animation-output-transform-array" count="25" stride="16">
            <param type="float4x4"/>
          </accessor>
        </technique_common>
      </source>
      <source id="mixamorig_Spine1-Interpolations">
        <Name_array id="mixamorig_Spine1-Interpolations-array" count="25">
 LINEAR LINEAR LINEAR LINEAR LINEAR LINEAR LINEAR LINEAR LINEAR LINEAR LINEAR
LINEAR LINEAR LINEAR LINEAR LINEAR LINEAR LINEAR LINEAR LINEAR LINEAR LINEAR LINEAR
LINEAR LINEAR</Name_array>
        <technique_common>
          <accessor source="#mixamorig_Spine1-Interpolations-array" count="25">
            <param type="name"/>
          </accessor>
        </technique_common>
      </source>
      <sampler id="mixamorig_Spine1-Matrix-animation-transform">
        <input semantic="INPUT" source="#mixamorig_Spine1-Matrix-animation-input"/>
        <input semantic="OUTPUT" source="#mixamorig_Spine1-Matrix-animation-output-transform"/>
        <input semantic="INTERPOLATION" source="#mixamorig_Spine1-Interpolations"/>
      </sampler>
      <channel source="#mixamorig_Spine1-Matrix-animation-transform" target="mixamorig_Spine1/matrix"/>
    </animation>
    <animation id="mixamorig_Spine2-anim" name="mixamorig_Spine2">
      <source id="mixamorig_Spine2-Matrix-animation-input">
        <float_array id="mixamorig_Spine2-Matrix-animation-input-array" count="25">

0.000000 0.033333 0.066667 0.100000 0.133333 0.166667 0.200000 0.233333 0.266667 0.300000 0.333333 0.366667 0.400000 0.433333 0.466667 0.500000
0.533333 0.566667 0.600000 0.633333 0.666667 0.700000 0.733333 0.766667 0.800000</float_array>
        <technique_common>
          <accessor source="#mixamorig_Spine2-Matrix-animation-input-array" count="25">
            <param name="TIME" type="float"/>
          </accessor>
        </technique_common>
      </source>
      <source id="mixamorig_Spine2-Matrix-animation-output-transform">
        <float_array id="mixamorig_Spine2-Matrix-animation-output-transform-array" count="400">

0.999121 0.006577 -0.041394 -0.000000 -0.011946 0.991335 -0.130816 14.178300 0.040175 0.131195 0.990542 -0.000000 0.000000 0.000000 0.000000 1.000000
0.999888 0.003214 -0.014630 -0.000000 -0.005063 0.991741 -0.128154 14.178300 0.014098 0.128214 0.991646 -0.000000 0.000000 0.000000 0.000000 1.000000
0.999954 -0.000466 0.009563 0.000000 0.001652 0.992220 -0.124486 14.178300 -0.009431 0.124496 0.992175 0.000000 0.000000 0.000000 0.000000 1.000000
0.999772 -0.004778 0.020800 0.000000 0.007251 0.992689 -0.120483 14.178300 -0.020073 0.120606 0.992497 -0.000000 0.000000 0.000000 0.000000 1.000000
0.999688 -0.009817 0.022987 -0.000000 0.012428 0.993131 -0.116346 14.178300 -0.021687 0.116595 0.992943 0.000000 0.000000 0.000000 0.000000 1.000000
0.999803 -0.016335 0.011247 0.000000 0.017493 0.993551 -0.112031 14.178300 -0.009345 0.112205 0.993641 -0.000000 0.000000 0.000000 0.000000 1.000000
0.999774 -0.020246 -0.006528 0.000000 0.019425 0.993984 -0.107791 14.178300 0.008671 0.107640 0.994152 0.000000 0.000000 0.000000 0.000000 1.000000
0.999258 -0.014314 -0.035759 0.000000 0.010553 0.994603 -0.103220 14.178300 0.037043 0.102766 0.994016 0.000000 0.000000 0.000000 0.000000 1.000000
0.998066 -0.005461 -0.061917 0.000000 -0.000633 0.995189 -0.097974 14.178300 0.062154 0.097824 0.993261 -0.000000 0.000000 0.000000 0.000000 1.000000
0.997398 -0.000925 -0.072084 0.000000 -0.005959 0.995438 -0.095225 14.178300 0.071843 0.095407 0.992842 0.000000 0.000000 0.000000 0.000000 1.000000
0.997023 0.001787 -0.077089 0.000000 -0.009010 0.995583 -0.093451 14.178300 0.076582 0.093868 0.992635 0.000000 0.000000 0.000000 0.000000 1.000000
0.996866 0.001943 -0.079081 0.000000 -0.009293 0.995652 -0.092685 14.178300 0.078557 0.093130 0.992550 0.000000 0.000000 0.000000 0.000000 1.000000
0.996817 0.000726 -0.079716 0.000000 -0.008258 0.995520 -0.094193 14.178300 0.079290 0.094551 0.992357 0.000000 0.000000 0.000000 0.000000 1.000000
0.996790 -0.000857 -0.080056 0.000000 -0.007092 0.995066 -0.098962 14.178300 0.079746 0.099212 0.991866 0.000000 0.000000 0.000000 0.000000 1.000000
0.996851 -0.002034 -0.079273 0.000000 -0.006239 0.994561 -0.103970 14.178300 0.079054 0.104137 0.991416 -0.000000 0.000000 0.000000 0.000000 1.000000
0.997555 0.001913 -0.069858 -0.000000 -0.009346 0.994299 -0.106222 14.178300 0.069256 0.106615 0.991886 -0.000000 0.000000 0.000000 0.000000 1.000000
0.998397 0.008197 -0.056002 0.000000 -0.014194 0.994097 -0.107559 14.178300 0.054790 0.108181 0.992620 0.000000 0.000000 0.000000 0.000000 1.000000
0.998923 0.012303 -0.044729 -0.000000 -0.017119 0.993899 -0.108955 14.178300 0.043116 0.109603 0.993040 0.000000 0.000000 0.000000 0.000000 1.000000
0.998899 0.010230 -0.045775 0.000000 -0.015241 0.993757 -0.110516 14.178300 0.044359 0.111092 0.992820 0.000000 0.000000 0.000000 0.000000 1.000000
0.998621 0.007691 -0.051923 -0.000000 -0.013526 0.993505 -0.112984 14.178300 0.050717 0.113531 0.992239 0.000000 0.000000 0.000000 0.000000 1.000000
0.998627 0.007433 -0.051850 0.000000 -0.013427 0.993130 -0.116244 14.178300 0.050630 0.116781 0.991866 0.000000 0.000000 0.000000 0.000000 1.000000
0.998677 0.007481 -0.050872 0.000000 -0.013531 0.992725 -0.119639 14.178300 0.049607 0.120169 0.991513 0.000000 0.000000 0.000000 0.000000 1.000000
0.998751 0.007548 -0.049385 0.000000 -0.013587 0.992300 -0.123114 14.178300 0.048075 0.123631 0.991163 0.000000 0.000000 0.000000 0.000000 1.000000
0.998883 0.007371 -0.046671 0.000000 -0.013243 0.991841 -0.126791 14.178300 0.045356 0.127267 0.990831 0.000000 0.000000 0.000000 0.000000 1.000000
0.999121 0.006577 -0.041394 -0.000000 -0.011946 0.991335 -0.130816 14.178300 0.040175 0.131196 0.990542 0.000000 0.000000 0.000000 0.000000 1.000000</float_array>
        <technique_common>
          <accessor source="#mixamorig_Spine2-Matrix-animation-output-transform-array" count="25" stride="16">
            <param type="float4x4"/>
          </accessor>
        </technique_common>
      </source>
      <source id="mixamorig_Spine2-Interpolations">
        <Name_array id="mixamorig_Spine2-Interpolations-array" count="25">
 LINEAR LINEAR LINEAR LINEAR LINEAR LINEAR LINEAR LINEAR LINEAR LINEAR LINEAR
LINEAR LINEAR LINEAR LINEAR LINEAR LINEAR LINEAR LINEAR LINEAR LINEAR LINEAR LINEAR
LINEAR LINEAR</Name_array>
        <technique_common>
          <accessor source="#mixamorig_Spine2-Interpolations-array" count="25">
            <param type="name"/>
          </accessor>
        </technique_common>
      </source>
      <sampler id="mixamorig_Spine2-Matrix-animation-transform">
        <input semantic="INPUT" source="#mixamorig_Spine2-Matrix-animation-input"/>
        <input semantic="OUTPUT" source="#mixamorig_Spine2-Matrix-animation-output-transform"/>
        <input semantic="INTERPOLATION" source="#mixamorig_Spine2-Interpolations"/>
      </sampler>
      <channel source="#mixamorig_Spine2-Matrix-animation-transform" target="mixamorig_Spine2/matrix"/>
    </animation>
    <animation id="mixamorig_Neck-anim" name="mixamorig_Neck">
      <source id="mixamorig_Neck-Matrix-animation-input">
        <float_array id="mixamorig_Neck-Matrix-animation-input-array" count="25">

0.000000 0.033333 0.066667 0.100000 0.133333 0.166667 0.200000 0.233333 0.266667 0.300000 0.333333 0.366667 0.400000 0.433333 0.466667 0.500000
0.533333 0.566667 0.600000 0.633333 0.666667 0.700000 0.733333 0.766667 0.800000</float_array>
        <technique_common>
          <accessor source="#mixamorig_Neck-Matrix-animation-input-array" count="25">
            <param name="TIME" type="float"/>
          </accessor>
        </technique_common>
      </source>
      <source id="mixamorig_Neck-Matrix-animation-output-transform">
        <float_array id="mixamorig_Neck-Matrix-animation-output-transform-array" count="400">

0.997691 0.065360 0.018444 0.024400 -0.061866 0.986723 -0.150170 15.862300 -0.028014 0.148683 0.988488 -1.675800 0.000000 0.000000 0.000000 1.000000
0.999055 0.039406 0.018311 0.024400 -0.036955 0.992206 -0.119005 15.862300 -0.022858 0.118216 0.992725 -1.675800 0.000000 0.000000 0.000000 1.000000
0.999305 0.014066 0.034515 0.024400 -0.011506 0.997244 -0.073289 15.862300 -0.035451 0.072841 0.996713 -1.675800 0.000000 0.000000 0.000000 1.000000
0.998961 0.012086 0.043931 0.024400 -0.010582 0.999355 -0.034321 15.862300 -0.044317 0.033820 0.998445 -1.675800 0.000000 0.000000 0.000000 1.000000
0.998769 0.028394 0.040666 0.024400 -0.027716 0.999469 -0.017126 15.862300 -0.041131 0.015978 0.999026 -1.675800 0.000000 0.000000 0.000000 1.000000
0.997526 0.070222 0.003299 0.024400 -0.069992 0.996455 -0.046667 15.862300 -0.006564 0.046321 0.998905 -1.675800 0.000000 0.000000 0.000000 1.000000
0.993718 0.102110 -0.045804 0.024400 -0.104857 0.992539 -0.062226 15.862300 0.039109 0.066638 0.997011 -1.675800 0.000000 0.000000 0.000000 1.000000
0.990353 0.088541 -0.106586 0.024400 -0.092031 0.995355 -0.028274 15.862300 0.103587 0.037810 0.993901 -1.675800 0.000000 0.000000 0.000000 1.000000
0.986604 0.061449 -0.151119 0.024400 -0.063169 0.997981 -0.006606 15.862300 0.150408 0.016063 0.988493 -1.675800 0.000000 0.000000 0.000000 1.000000
0.980157 0.042475 -0.193619 0.024400 -0.044070 0.999021 -0.003934 15.862300 0.193262 0.012389 0.981069 -1.675800 0.000000 0.000000 0.000000 1.000000
0.973342 0.027889 -0.227656 0.024400 -0.030664 0.999492 -0.008663 15.862300 0.227299 0.015412 0.973703 -1.675800 0.000000 0.000000 0.000000 1.000000
0.974064 0.022779 -0.225123 0.024400 -0.028210 0.999383 -0.020939 15.862300 0.224507 0.026747 0.974105 -1.675800 0.000000 0.000000 0.000000 1.000000
0.983182 0.027127 -0.180601 0.024400 -0.033901 0.998829 -0.034530 15.862300 0.179453 0.040072 0.982950 -1.675800 0.000000 0.000000 0.000000 1.000000
0.992670 0.037361 -0.114937 0.024400 -0.041288 0.998635 -0.031977 15.862300 0.113585 0.036488 0.992858 -1.675800 0.000000 0.000000 0.000000 1.000000
0.998721 0.042295 -0.027720 0.024400 -0.042955 0.998797 -0.023663 15.862300 0.026686 0.024823 0.999336 -1.675800 0.000000 0.000000 0.000000 1.000000
0.997641 0.045783 0.051149 0.024400 -0.044818 0.998798 -0.019852 15.862300 -0.051996 0.017512 0.998494 -1.675800 0.000000 0.000000 0.000000 1.000000
0.994055 0.051391 0.095990 0.024400 -0.049007 0.998432 -0.027036 15.862300 -0.097229 0.022171 0.995015 -1.675800 0.000000 0.000000 0.000000 1.000000
0.990893 0.058780 0.121147 0.024400 -0.054126 0.997678 -0.041351 15.862300 -0.123296 0.034417 0.991773 -1.675800 0.000000 0.000000 0.000000 1.000000
0.988913 0.066526 0.132760 0.024400 -0.059055 0.996483 -0.059443 15.862300 -0.136248 0.050944 0.989364 -1.675800 0.000000 0.000000 0.000000 1.000000
0.988250 0.073292 0.134128 0.024400 -0.063114 0.994904 -0.078624 15.862300 -0.139207 0.069235 0.987840 -1.675800 0.000000 0.000000 0.000000 1.000000
0.988658 0.077750 0.128496 0.024400 -0.065578 0.993181 -0.096388 15.862300 -0.135114 0.086869 0.987015 -1.675800 0.000000 0.000000 0.000000 1.000000
0.990175 0.078495 0.115725 0.024400 -0.065637 0.991649 -0.111013 15.862300 -0.123473 0.102327 0.987058 -1.675800 0.000000 0.000000 0.000000 1.000000
0.993274 0.075232 0.088017 0.024400 -0.064009 0.990211 -0.124039 15.862300 -0.096487 0.117571 0.988366 -1.675800 0.000000 0.000000 0.000000 1.000000
0.996163 0.070081 0.052420 0.024400 -0.062350 0.988627 -0.136852 15.862300 -0.061415 0.133059 0.989204 -1.675800 0.000000 0.000000 0.000000 1.000000
0.997691 0.065360 0.018444 0.024400 -0.061866 0.986723 -0.150170 15.862300 -0.028014 0.148682 0.988488 -1.675800 0.000000 0.000000 0.000000 1.000000</float_array>
        <technique_common>
          <accessor source="#mixamorig_Neck-Matrix-animation-output-transform-array" count="25" stride="16">
            <param type="float4x4"/>
          </accessor>
        </technique_common>
      </source>
      <source id="mixamorig_Neck-Interpolations">
        <Name_array id="mixamorig_Neck-Interpolations-array" count="25">
 LINEAR LINEAR LINEAR LINEAR LINEAR LINEAR LINEAR LINEAR LINEAR LINEAR LINEAR
LINEAR LINEAR LINEAR LINEAR LINEAR LINEAR LINEAR LINEAR LINEAR LINEAR LINEAR LINEAR
LINEAR LINEAR</Name_array>
        <technique_common>
          <accessor source="#mixamorig_Neck-Interpolations-array" count="25">
            <param type="name"/>
          </accessor>
        </technique_common>
      </source>
      <sampler id="mixamorig_Neck-Matrix-animation-transform">
        <input semantic="INPUT" source="#mixamorig_Neck-Matrix-animation-input"/>
        <input semantic="OUTPUT" source="#mixamorig_Neck-Matrix-animation-output-transform"/>
        <input semantic="INTERPOLATION" source="#mixamorig_Neck-Interpolations"/>
      </sampler>
      <channel source="#mixamorig_Neck-Matrix-animation-transform" target="mixamorig_Neck/matrix"/>
    </animation>
    <animation id="mixamorig_Head-anim" name="mixamorig_Head">
      <source id="mixamorig_Head-Matrix-animation-input">
        <float_array id="mixamorig_Head-Matrix-animation-input-array" count="25">

0.000000 0.033333 0.066667 0.100000 0.133333 0.166667 0.200000 0.233333 0.266667 0.300000 0.333333 0.366667 0.400000 0.433333 0.466667 0.500000
0.533333 0.566667 0.600000 0.633333 0.666667 0.700000 0.733333 0.766667 0.800000</float_array>
        <technique_common>
          <accessor source="#mixamorig_Head-Matrix-animation-input-array" count="25">
            <param name="TIME" type="float"/>
          </accessor>
        </technique_common>
      </source>
      <source id="mixamorig_Head-Matrix-animation-output-transform">
        <float_array id="mixamorig_Head-Matrix-animation-output-transform-array" count="400">

0.979181 -0.053729 0.195749 0.000000 -0.007192 0.954544 0.297982 5.564000 -0.202862 -0.293186 0.934285 0.988100 0.000000 0.000000 0.000000 1.000000
0.969651 0.043915 0.240516 0.000000 -0.095408 0.973709 0.206855 5.564000 -0.225108 -0.223524 0.948348 0.988100 0.000000 0.000000 0.000000 1.000000
0.932969 0.118940 0.339739 0.000000 -0.164225 0.980525 0.107711 5.564000 -0.320311 -0.156285 0.934332 0.988100 0.000000 0.000000 0.000000 1.000000
0.937140 0.133469 0.322421 0.000000 -0.166225 0.983142 0.076165 5.564000 -0.306820 -0.124972 0.943527 0.988100 0.000000 0.000000 0.000000 1.000000
0.971855 0.108885 0.208904 0.000000 -0.130755 0.986961 0.093869 5.564000 -0.195960 -0.118542 0.973421 0.988100 0.000000 0.000000 0.000000 1.000000
0.997494 0.029487 -0.064307 0.000000 -0.019570 0.988536 0.149713 5.564000 0.067984 -0.148080 0.986636 0.988100 0.000000 0.000000 0.000000 1.000000
0.952540 -0.043020 -0.301357 0.000000 0.094181 0.983041 0.157357 5.564000 0.289476 -0.178271 0.940438 0.988100 0.000000 0.000000 0.000000 1.000000
0.927163 -0.070801 -0.367908 0.000000 0.136402 0.978379 0.155464 5.564000 0.348946 -0.194324 0.916774 0.988100 0.000000 0.000000 0.000000 1.000000
0.902794 -0.093610 -0.419763 0.000000 0.169769 0.974331 0.147845 5.564000 0.395148 -0.204736 0.895512 0.988100 0.000000 0.000000 0.000000 1.000000
0.886536 -0.108397 -0.449782 0.000000 0.190554 0.971429 0.141474 5.564000 0.421596 -0.211129 0.881863 0.988100 0.000000 0.000000 0.000000 1.000000
0.875765 -0.119124 -0.467808 0.000000 0.205318 0.968970 0.137627 5.564000 0.436898 -0.216579 0.873049 0.988100 0.000000 0.000000 0.000000 1.000000
0.878000 -0.122638 -0.462684 -0.000000 0.210511 0.967054 0.143146 5.564000 0.429885 -0.223083 0.874890 0.988100 0.000000 0.000000 0.000000 1.000000
0.887711 -0.123453 -0.443542 0.000000 0.212185 0.964670 0.156170 5.564000 0.408592 -0.232747 0.882543 0.988100 0.000000 0.000000 0.000000 1.000000
0.900745 -0.123580 -0.416397 0.000000 0.211992 0.961814 0.173127 5.564000 0.379102 -0.244216 0.892547 0.988100 0.000000 0.000000 0.000000 1.000000
0.919223 -0.120068 -0.374984 0.000000 0.203378 0.960274 0.191079 5.564000 0.337145 -0.251907 0.907125 0.988100 0.000000 0.000000 0.000000 1.000000
0.937378 -0.115473 -0.328615 0.000000 0.191270 0.959121 0.208572 5.564000 0.291097 -0.258365 0.921146 0.988100 0.000000 0.000000 0.000000 1.000000
0.954319 -0.109966 -0.277818 0.000000 0.175978 0.958292 0.225184 5.564000 0.241468 -0.263787 0.933868 0.988100 0.000000 0.000000 0.000000 1.000000
0.969235 -0.103717 -0.223220 0.000000 0.157879 0.957717 0.240527 5.564000 0.188834 -0.268368 0.944627 0.988100 0.000000 0.000000 0.000000 1.000000
0.981430 -0.096899 -0.165548 -0.000000 0.137410 0.957320 0.254277 5.564000 0.133843 -0.272303 0.952857 0.988100 0.000000 0.000000 0.000000 1.000000
0.990354 -0.089684 -0.105619 -0.000000 0.115056 0.957027 0.266199 5.564000 0.077206 -0.275783 0.958114 0.988100 0.000000 0.000000 0.000000 1.000000
0.995626 -0.082246 -0.044320 -0.000000 0.091328 0.956761 0.276164 5.564000 0.019691 -0.279004 0.960088 0.988100 0.000000 0.000000 0.000000 1.000000
0.997050 -0.074756 0.017412 0.000000 0.066750 0.956451 0.284159 5.564000 -0.037897 -0.282159 0.958619 0.988100 0.000000 0.000000 0.000000 1.000000
0.994624 -0.067391 0.078624 0.000000 0.041828 0.956023 0.290292 5.564000 -0.094729 -0.285443 0.953703 0.988100 0.000000 0.000000 0.000000 1.000000
0.988542 -0.060324 0.138371 0.000000 0.017039 0.955410 0.294789 5.564000 -0.149984 -0.289054 0.945491 0.988100 0.000000 0.000000 0.000000 1.000000
0.979181 -0.053729 0.195749 -0.000000 -0.007192 0.954544 0.297983 5.564000 -0.202862 -0.293187 0.934285 0.988100 0.000000 0.000000 0.000000 1.000000</float_array>
        <technique_common>
          <accessor source="#mixamorig_Head-Matrix-animation-output-transform-array" count="25" stride="16">
            <param type="float4x4"/>
          </accessor>
        </technique_common>
      </source>
      <source id="mixamorig_Head-Interpolations">
        <Name_array id="mixamorig_Head-Interpolations-array" count="25">
 LINEAR LINEAR LINEAR LINEAR LINEAR LINEAR LINEAR LINEAR LINEAR LINEAR LINEAR
LINEAR LINEAR LINEAR LINEAR LINEAR LINEAR LINEAR LINEAR LINEAR LINEAR LINEAR LINEAR
LINEAR LINEAR</Name_array>
        <technique_common>
          <accessor source="#mixamorig_Head-Interpolations-array" count="25">
            <param type="name"/>
          </accessor>
        </technique_common>
      </source>
      <sampler id="mixamorig_Head-Matrix-animation-transform">
        <input semantic="INPUT" source="#mixamorig_Head-Matrix-animation-input"/>
        <input semantic="OUTPUT" source="#mixamorig_Head-Matrix-animation-output-transform"/>
        <input semantic="INTERPOLATION" source="#mixamorig_Head-Interpolations"/>
      </sampler>
      <channel source="#mixamorig_Head-Matrix-animation-transform" target="mixamorig_Head/matrix"/>
    </animation>
    <animation id="mixamorig_LeftShoulder-anim" name="mixamorig_LeftShoulder">
      <source id="mixamorig_LeftShoulder-Matrix-animation-input">
        <float_array id="mixamorig_LeftShoulder-Matrix-animation-input-array" count="25">

0.000000 0.033333 0.066667 0.100000 0.133333 0.166667 0.200000 0.233333 0.266667 0.300000 0.333333 0.366667 0.400000 0.433333 0.466667 0.500000
0.533333 0.566667 0.600000 0.633333 0.666667 0.700000 0.733333 0.766667 0.800000</float_array>
        <technique_common>
          <accessor source="#mixamorig_LeftShoulder-Matrix-animation-input-array" count="25">
            <param name="TIME" type="float"/>
          </accessor>
        </technique_common>
      </source>
      <source id="mixamorig_LeftShoulder-Matrix-animation-output-transform">
        <float_array id="mixamorig_LeftShoulder-Matrix-animation-output-transform-array" count="400">

0.247564 0.960744 -0.125229 5.935000 -0.017961 -0.124680 -0.992034 13.670200 -0.968705 0.247841 -0.013610 -1.662600 0.000000 0.000000 0.000000 1.000000
0.182535 0.961355 -0.206101 5.935000 -0.012061 -0.207417 -0.978178 13.670200 -0.983125 0.181038 -0.026266 -1.662600 0.000000 0.000000 0.000000 1.000000
0.116744 0.956278 -0.268149 5.935000 -0.002272 -0.269737 -0.962931 13.670200 -0.993159 0.113026 -0.029318 -1.662600 0.000000 0.000000 0.000000 1.000000
0.069599 0.947975 -0.310644 5.935000 0.008846 -0.311974 -0.950050 13.670200 -0.997536 0.063374 -0.030099 -1.662600 0.000000 0.000000 0.000000 1.000000
0.083750 0.946669 -0.311134 5.935000 0.009171 -0.312950 -0.949725 13.670200 -0.996445 0.076686 -0.034891 -1.662600 0.000000 0.000000 0.000000 1.000000
0.126461 0.934064 -0.333964 5.935000 0.006298 -0.337416 -0.941334 13.670200 -0.991952 0.116939 -0.048553 -1.662600 0.000000 0.000000 0.000000 1.000000
0.155739 0.919262 -0.361529 5.935000 0.002856 -0.366412 -0.930448 13.670200 -0.987794 0.143874 -0.059690 -1.662600 0.000000 0.000000 0.000000 1.000000
0.168051 0.915208 -0.366270 5.935000 0.000535 -0.371639 -0.928377 13.670200 -0.985778 0.155819 -0.062943 -1.662600 0.000000 0.000000 0.000000 1.000000
0.173761 0.917196 -0.358551 5.935000 -0.000886 -0.363944 -0.931420 13.670200 -0.984788 0.162162 -0.062427 -1.662600 0.000000 0.000000 0.000000 1.000000
0.176693 0.923337 -0.340923 5.935000 -0.001710 -0.346084 -0.938202 13.670200 -0.984264 0.166357 -0.059571 -1.662600 0.000000 0.000000 0.000000 1.000000
0.178074 0.929732 -0.322318 5.935000 -0.002094 -0.327194 -0.944955 13.670200 -0.984015 0.168947 -0.056318 -1.662600 0.000000 0.000000 0.000000 1.000000
0.182298 0.938999 -0.291629 5.935000 -0.003001 -0.296066 -0.955163 13.670200 -0.983239 0.175000 -0.051154 -1.662600 0.000000 0.000000 0.000000 1.000000
0.195553 0.944635 -0.263483 5.935000 -0.004864 -0.267732 -0.963481 13.670200 -0.980681 0.189693 -0.047761 -1.662600 0.000000 0.000000 0.000000 1.000000
0.214368 0.947479 -0.237338 5.935000 -0.006666 -0.241562 -0.970362 13.670200 -0.976730 0.209596 -0.045467 -1.662600 0.000000 0.000000 0.000000 1.000000
0.233028 0.949413 -0.210507 5.935000 -0.007963 -0.214596 -0.976670 13.670200 -0.972438 0.229267 -0.042447 -1.662600 0.000000 0.000000 0.000000 1.000000
0.247518 0.952123 -0.179436 5.935000 -0.009569 -0.182788 -0.983106 13.670200 -0.968836 0.245053 -0.036133 -1.662600 0.000000 0.000000 0.000000 1.000000
0.259741 0.954254 -0.148099 5.935000 -0.010819 -0.150477 -0.988554 13.670200 -0.965618 0.258370 -0.028761 -1.662600 0.000000 0.000000 0.000000 1.000000
0.268257 0.955431 -0.123243 5.935000 -0.011648 -0.124706 -0.992125 13.670200 -0.963277 0.267580 -0.022325 -1.662600 0.000000 0.000000 0.000000 1.000000
0.270254 0.956232 -0.112177 5.935000 -0.012557 -0.113001 -0.993515 13.670200 -0.962707 0.269910 -0.018531 -1.662600 0.000000 0.000000 0.000000 1.000000
0.265171 0.957439 -0.113999 5.935000 -0.014068 -0.114377 -0.993338 13.670200 -0.964099 0.265008 -0.016861 -1.662600 0.000000 0.000000 0.000000 1.000000
0.259767 0.958478 -0.117646 5.935000 -0.015356 -0.117713 -0.992929 13.670200 -0.965549 0.259736 -0.015859 -1.662600 0.000000 0.000000 0.000000 1.000000
0.256723 0.959062 -0.119553 5.935000 -0.016024 -0.119458 -0.992710 13.670200 -0.966352 0.256767 -0.015300 -1.662600 0.000000 0.000000 0.000000 1.000000
0.253675 0.959634 -0.121453 5.935000 -0.016681 -0.121201 -0.992488 13.670200 -0.967146 0.253795 -0.014738 -1.662600 0.000000 0.000000 0.000000 1.000000
0.250622 0.960195 -0.123345 5.935000 -0.017327 -0.122942 -0.992263 13.670200 -0.967930 0.250820 -0.014175 -1.662600 0.000000 0.000000 0.000000 1.000000
0.247564 0.960744 -0.125230 5.935000 -0.017961 -0.124680 -0.992034 13.670200 -0.968705 0.247841 -0.013610 -1.662600 0.000000 0.000000 0.000000 1.000000</float_array>
        <technique_common>
