<?xml version="1.0" encoding="utf-8"?>
<COLLADA xmlns="http://www.collada.org/2005/11/COLLADASchema" version="1.4.1">
  <asset>
    <contributor>
      <author>Mixamo</author>
      <authoring_tool>COLLADA Mixamo exporter</authoring_tool>
      <comments/>
    </contributor>
    <created>2022-12-10T03:17:25Z</created>
    <modified>2022-12-10T03:17:25Z</modified>
    <revision/>
    <title/>
    <unit meter="0.010000"/>
    <up_axis>Y_UP</up_axis>
  </asset>
  <library_animations>
    <animation id="mixamorig_Hips-anim" name="mixamorig_Hips">
      <source id="mixamorig_Hips-Matrix-animation-input">
        <float_array id="mixamorig_Hips-Matrix-animation-input-array" count="39">

0.000000 0.033333 0.066667 0.100000 0.133333 0.166667 0.200000 0.233333 0.266667 0.300000 0.333333 0.366667 0.400000 0.433333 0.466667 0.500000
0.533333 0.566667 0.600000 0.633333 0.666667 0.700000 0.733333 0.766667 0.800000 0.833333 0.866667 0.900000 0.933333 0.966667 1.000000 1.033333
1.066667 1.100000 1.133333 1.166667 1.200000 1.233333 1.266667</float_array>
        <technique_common>
          <accessor source="#mixamorig_Hips-Matrix-animation-input-array" count="39">
            <param name="TIME" type="float"/>
          </accessor>
        </technique_common>
      </source>
      <source id="mixamorig_Hips-Matrix-animation-output-transform">
        <float_array id="mixamorig_Hips-Matrix-animation-output-transform-array" count="624">

0.999673 -0.025529 0.001260 0.002431 0.025498 0.999470 0.020221 91.759216 -0.001775 -0.020183 0.999795 0.033493 0.000000 0.000000 0.000000 1.000000
0.999424 -0.022529 0.025385 0.121874 0.022109 0.999616 0.016722 91.755821 -0.025752 -0.016152 0.999538 0.632899 0.000000 0.000000 0.000000 1.000000
0.998692 -0.020260 0.046948 0.487211 0.019958 0.999777 0.006891 91.466782 -0.047077 -0.005945 0.998874 1.227006 0.000000 0.000000 0.000000 1.000000
0.997597 -0.018032 0.066889 0.948151 0.018474 0.999811 -0.005991 91.063324 -0.066769 0.007213 0.997742 1.844525 0.000000 0.000000 0.000000 1.000000
0.996105 -0.015883 0.086733 1.478577 0.017683 0.999643 -0.020023 90.584328 -0.086384 0.021478 0.996030 2.432205 0.000000 0.000000 0.000000 1.000000
0.994053 -0.013877 0.108006 2.053467 0.017573 0.999289 -0.033345 90.066467 -0.107466 0.035045 0.993591 2.935883 0.000000 0.000000 0.000000 1.000000
0.991144 -0.012127 0.132235 2.645016 0.018106 0.998863 -0.044104 89.549805 -0.131549 0.046107 0.990237 3.307241 0.000000 0.000000 0.000000 1.000000
0.986793 -0.011682 0.161566 3.288294 0.019677 0.998655 -0.047973 88.992470 -0.160789 0.050518 0.985695 3.215750 0.000000 0.000000 0.000000 1.000000
0.984628 -0.012430 0.174221 3.888781 0.021972 0.998355 -0.052949 88.643204 -0.173276 0.055963 0.983282 3.136474 0.000000 0.000000 0.000000 1.000000
0.984711 -0.015558 0.173500 4.713552 0.025338 0.998203 -0.054295 88.407074 -0.172344 0.057861 0.983336 3.034271 0.000000 0.000000 0.000000 1.000000
0.986929 -0.019636 0.159957 5.565156 0.028662 0.998112 -0.054315 88.369156 -0.158588 0.058190 0.985629 3.058450 0.000000 0.000000 0.000000 1.000000
0.990802 -0.023495 0.133263 6.344657 0.031226 0.997930 -0.056227 88.553978 -0.131667 0.059871 0.989484 2.801436 0.000000 0.000000 0.000000 1.000000
0.994369 -0.026783 0.102535 7.080047 0.033019 0.997675 -0.059617 88.870102 -0.100700 0.062666 0.992941 2.433594 0.000000 0.000000 0.000000 1.000000
0.996859 -0.028978 0.073699 7.751075 0.033828 0.997283 -0.065433 89.349327 -0.071602 0.067721 0.995132 2.042751 0.000000 0.000000 0.000000 1.000000
0.998299 -0.028502 0.050862 8.247909 0.032361 0.996526 -0.076743 90.278732 -0.048498 0.078258 0.995753 1.642314 0.000000 0.000000 0.000000 1.000000
0.999126 -0.029296 0.029801 8.587721 0.031769 0.995770 -0.086215 91.373886 -0.027149 0.087086 0.995831 1.376005 0.000000 0.000000 0.000000 1.000000
0.999448 -0.031837 0.009456 8.581584 0.032565 0.995344 -0.090719 91.774536 -0.006524 0.090977 0.995832 1.372683 0.000000 0.000000 0.000000 1.000000
0.999322 -0.034949 -0.011621 8.396315 0.033721 0.995105 -0.092895 91.768768 0.014811 0.092440 0.995608 1.425112 0.000000 0.000000 0.000000 1.000000
0.998720 -0.038311 -0.033013 8.131394 0.035059 0.994954 -0.094009 91.581276 0.036448 0.092731 0.995024 1.502710 0.000000 0.000000 0.000000 1.000000
0.997646 -0.041716 -0.054435 7.859528 0.036422 0.994823 -0.094871 91.374329 0.058111 0.092665 0.994000 1.579120 0.000000 0.000000 0.000000 1.000000
0.996100 -0.045061 -0.075861 7.592374 0.037745 0.994738 -0.095249 91.165115 0.079754 0.092014 0.992559 1.645019 0.000000 0.000000 0.000000 1.000000
0.994065 -0.048235 -0.097514 7.292036 0.039080 0.994832 -0.093709 90.846184 0.101530 0.089342 0.990813 1.701247 0.000000 0.000000 0.000000 1.000000
0.991535 -0.050718 -0.119522 6.914265 0.040532 0.995456 -0.086166 90.222977 0.123350 0.080592 0.989085 1.683543 0.000000 0.000000 0.000000 1.000000
0.988548 -0.053091 -0.141262 6.557299 0.042638 0.996194 -0.076026 89.597321 0.144760 0.069132 0.987049 1.646636 0.000000 0.000000 0.000000 1.000000
0.984399 -0.058879 -0.165809 6.120829 0.048309 0.996577 -0.067082 88.842537 0.169191 0.058026 0.983874 1.484416 0.000000 0.000000 0.000000 1.000000
0.979575 -0.058566 -0.192359 5.588845 0.048796 0.997285 -0.055144 88.107178 0.195067 0.044631 0.979774 1.247977 0.000000 0.000000 0.000000 1.000000
0.976805 -0.060811 -0.205313 5.030865 0.052527 0.997580 -0.045562 87.711899 0.207587 0.033720 0.977635 0.678726 0.000000 0.000000 0.000000 1.000000
0.975916 -0.062292 -0.209065 4.433836 0.056089 0.997795 -0.035474 87.615738 0.210814 0.022893 0.977258 -0.021576 0.000000 0.000000 0.000000 1.000000
0.976358 -0.063761 -0.206544 3.815817 0.059789 0.997887 -0.025423 87.689850 0.207728 0.012473 0.978107 -0.771191 0.000000 0.000000 0.000000 1.000000
0.978476 -0.066103 -0.195488 3.179171 0.064190 0.997808 -0.016113 87.932175 0.196124 0.003218 0.980574 -1.510396 0.000000 0.000000 0.000000 1.000000
0.982319 -0.070197 -0.173554 2.526992 0.069837 0.997525 -0.008192 88.341927 0.173700 -0.004073 0.984790 -2.181187 0.000000 0.000000 0.000000 1.000000
0.988855 -0.077813 -0.126931 1.843727 0.078045 0.996945 -0.003155 89.151764 0.126789 -0.006786 0.991907 -2.664132 0.000000 0.000000 0.000000 1.000000
0.993183 -0.078107 -0.086531 1.263594 0.078775 0.996883 0.004318 89.924637 0.085924 -0.011105 0.996240 -2.856561 0.000000 0.000000 0.000000 1.000000
0.995040 -0.070993 -0.069682 0.791957 0.071819 0.997373 0.009417 90.476234 0.068830 -0.014374 0.997525 -2.941036 0.000000 0.000000 0.000000 1.000000
0.996285 -0.061612 -0.060174 0.518386 0.062501 0.997960 0.013007 90.803421 0.059250 -0.016720 0.998103 -2.614822 0.000000 0.000000 0.000000 1.000000
0.997433 -0.052582 -0.048597 0.298812 0.053415 0.998444 0.015991 91.091736 0.047681 -0.018546 0.998690 -2.155520 0.000000 0.000000 0.000000 1.000000
0.998439 -0.043853 -0.034577 0.124398 0.044503 0.998843 0.018249 91.354172 0.033737 -0.019759 0.999235 -1.583674 0.000000 0.000000 0.000000 1.000000
0.999251 -0.034432 -0.017647 0.003219 0.034784 0.999194 0.020030 91.603416 0.016943 -0.020629 0.999644 -0.896027 0.000000 0.000000 0.000000 1.000000
0.999673 -0.025529 0.001260 0.003519 0.025499 0.999470 0.020221 91.759201 -0.001775 -0.020183 0.999795 0.033494 0.000000 0.000000 0.000000 1.000000</float_array>
        <technique_common>
          <accessor source="#mixamorig_Hips-Matrix-animation-output-transform-array" count="39" stride="16">
            <param type="float4x4"/>
          </accessor>
        </technique_common>
      </source>
      <source id="mixamorig_Hips-Interpolations">
        <Name_array id="mixamorig_Hips-Interpolations-array" count="39">
 LINEAR LINEAR LINEAR LINEAR LINEAR LINEAR LINEAR LINEAR LINEAR LINEAR LINEAR
LINEAR LINEAR LINEAR LINEAR LINEAR LINEAR LINEAR LINEAR LINEAR LINEAR LINEAR LINEAR
LINEAR LINEAR LINEAR LINEAR LINEAR LINEAR LINEAR LINEAR LINEAR LINEAR LINEAR LINEAR
LINEAR LINEAR LINEAR LINEAR</Name_array>
        <technique_common>
          <accessor source="#mixamorig_Hips-Interpolations-array" count="39">
            <param type="name"/>
          </accessor>
        </technique_common>
      </source>
      <sampler id="mixamorig_Hips-Matrix-animation-transform">
        <input semantic="INPUT" source="#mixamorig_Hips-Matrix-animation-input"/>
        <input semantic="OUTPUT" source="#mixamorig_Hips-Matrix-animation-output-transform"/>
        <input semantic="INTERPOLATION" source="#mixamorig_Hips-Interpolations"/>
      </sampler>
      <channel source="#mixamorig_Hips-Matrix-animation-transform" target="mixamorig_Hips/matrix"/>
    </animation>
    <animation id="mixamorig_Spine-anim" name="mixamorig_Spine">
      <source id="mixamorig_Spine-Matrix-animation-input">
        <float_array id="mixamorig_Spine-Matrix-animation-input-array" count="39">

0.000000 0.033333 0.066667 0.100000 0.133333 0.166667 0.200000 0.233333 0.266667 0.300000 0.333333 0.366667 0.400000 0.433333 0.466667 0.500000
0.533333 0.566667 0.600000 0.633333 0.666667 0.700000 0.733333 0.766667 0.800000 0.833333 0.866667 0.900000 0.933333 0.966667 1.000000 1.033333
1.066667 1.100000 1.133333 1.166667 1.200000 1.233333 1.266667</float_array>
        <technique_common>
          <accessor source="#mixamorig_Spine-Matrix-animation-input-array" count="39">
            <param name="TIME" type="float"/>
          </accessor>
        </technique_common>
      </source>
      <source id="mixamorig_Spine-Matrix-animation-output-transform">
        <float_array id="mixamorig_Spine-Matrix-animation-output-transform-array" count="624">

0.987729 -0.021663 -0.154669 0.017300 -0.017292 0.969075 -0.246158 10.574800 0.155218 0.245812 0.956809 -1.117200 0.000000 0.000000 0.000000 1.000000
0.985556 -0.031004 -0.166487 0.017300 -0.011382 0.968749 -0.247781 10.574800 0.168966 0.246097 0.954404 -1.117200 0.000000 0.000000 0.000000 1.000000
0.983190 -0.038987 -0.178375 0.017300 -0.005872 0.969681 -0.244305 10.574800 0.182492 0.241245 0.953151 -1.117200 0.000000 0.000000 0.000000 1.000000
0.980633 -0.046715 -0.190200 0.017300 0.000046 0.971192 -0.238297 10.574800 0.195853 0.233673 0.952386 -1.117200 0.000000 0.000000 0.000000 1.000000
0.977902 -0.053645 -0.202064 0.017300 0.005442 0.972723 -0.231906 10.574800 0.208993 0.225681 0.951520 -1.117200 0.000000 0.000000 0.000000 1.000000
0.975018 -0.059239 -0.214080 0.017300 0.009275 0.973799 -0.227223 10.574800 0.221931 0.219561 0.950021 -1.117200 0.000000 0.000000 0.000000 1.000000
0.972003 -0.062944 -0.226381 0.017300 0.010372 0.974006 -0.226283 10.574800 0.234739 0.217599 0.947390 -1.117200 0.000000 0.000000 0.000000 1.000000
0.969523 -0.060852 -0.237322 0.017300 0.003670 0.972162 -0.234279 10.574800 0.244972 0.226268 0.942757 -1.117200 0.000000 0.000000 0.000000 1.000000
0.969280 -0.057050 -0.239252 0.017300 -0.000624 0.972155 -0.234339 10.574800 0.245959 0.227289 0.942255 -1.117200 0.000000 0.000000 0.000000 1.000000
0.970040 -0.052935 -0.237109 0.017300 -0.003962 0.972398 -0.233296 10.574800 0.242914 0.227246 0.943055 -1.117200 0.000000 0.000000 0.000000 1.000000
0.972108 -0.048661 -0.229431 0.017300 -0.006750 0.972029 -0.234763 10.574800 0.234437 0.229764 0.944589 -1.117200 0.000000 0.000000 0.000000 1.000000
0.975034 -0.044893 -0.217472 0.017300 -0.008313 0.971285 -0.237775 10.574800 0.221901 0.233647 0.946662 -1.117200 0.000000 0.000000 0.000000 1.000000
0.978007 -0.042388 -0.204220 0.017300 -0.008310 0.970434 -0.241222 10.574800 0.208407 0.237614 0.948739 -1.117200 0.000000 0.000000 0.000000 1.000000
0.980503 -0.040899 -0.192200 0.017300 -0.007355 0.969776 -0.243884 10.574800 0.196365 0.240543 0.950568 -1.117200 0.000000 0.000000 0.000000 1.000000
0.982121 -0.039512 -0.184060 0.017300 -0.006726 0.969736 -0.244062 10.574800 0.188133 0.240936 0.952132 -1.117200 0.000000 0.000000 0.000000 1.000000
0.983205 -0.038560 -0.178387 0.017300 -0.006009 0.970056 -0.242805 10.574800 0.182408 0.239799 0.953532 -1.117200 0.000000 0.000000 0.000000 1.000000
0.984792 -0.034906 -0.170194 0.017300 -0.006402 0.971652 -0.236327 10.574800 0.173618 0.233823 0.956652 -1.117200 0.000000 0.000000 0.000000 1.000000
0.986760 -0.029365 -0.159507 0.017300 -0.007571 0.974061 -0.226158 10.574800 0.162010 0.224372 0.960942 -1.117200 0.000000 0.000000 0.000000 1.000000
0.988766 -0.023025 -0.147687 0.017300 -0.009310 0.976657 -0.214602 10.574800 0.149181 0.213566 0.965471 -1.117200 0.000000 0.000000 0.000000 1.000000
0.990614 -0.016545 -0.135683 0.017300 -0.011484 0.979063 -0.203234 10.574800 0.136205 0.202885 0.969683 -1.117200 0.000000 0.000000 0.000000 1.000000
0.992278 -0.009824 -0.123644 0.017300 -0.014295 0.981158 -0.192679 10.574800 0.123207 0.192959 0.973441 -1.117200 0.000000 0.000000 0.000000 1.000000
0.993819 -0.002127 -0.110994 0.017300 -0.018360 0.982899 -0.183229 10.574800 0.109486 0.184134 0.976784 -1.117200 0.000000 0.000000 0.000000 1.000000
0.995252 0.007422 -0.097050 0.017300 -0.024721 0.983669 -0.178283 10.574800 0.094142 0.179835 0.979182 -1.117200 0.000000 0.000000 0.000000 1.000000
0.996171 0.015767 -0.085993 0.017300 -0.030865 0.983693 -0.177190 10.574800 0.081797 0.179166 0.980413 -1.117200 0.000000 0.000000 0.000000 1.000000
0.996893 0.025096 -0.074657 0.017300 -0.037618 0.984487 -0.171375 10.574800 0.069198 0.173651 0.982373 -1.117200 0.000000 0.000000 0.000000 1.000000
0.997524 0.034463 -0.061299 0.017300 -0.044572 0.984078 -0.172057 10.574800 0.054393 0.174363 0.983178 -1.117200 0.000000 0.000000 0.000000 1.000000
0.997641 0.040309 -0.055571 0.017300 -0.049315 0.983926 -0.171633 10.574800 0.047760 0.173969 0.983592 -1.117200 0.000000 0.000000 0.000000 1.000000
0.997626 0.043322 -0.053527 0.017300 -0.052033 0.983395 -0.173861 10.574800 0.045106 0.176234 0.983314 -1.117200 0.000000 0.000000 0.000000 1.000000
0.997528 0.044683 -0.054236 0.017300 -0.053647 0.982735 -0.177073 10.574800 0.045387 0.179545 0.982702 -1.117200 0.000000 0.000000 0.000000 1.000000
0.997268 0.044322 -0.059098 0.017300 -0.054327 0.982130 -0.180190 10.574800 0.050055 0.182909 0.981855 -1.117200 0.000000 0.000000 0.000000 1.000000
0.996688 0.042164 -0.069540 0.017300 -0.054243 0.981770 -0.182168 10.574800 0.060592 0.185336 0.980805 -1.117200 0.000000 0.000000 0.000000 1.000000
0.995083 0.036160 -0.092202 0.017300 -0.052551 0.981880 -0.182071 10.574800 0.083948 0.186021 0.978953 -1.117200 0.000000 0.000000 0.000000 1.000000
0.993788 0.031158 -0.106842 0.017300 -0.051141 0.980501 -0.189744 10.574800 0.098846 0.194030 0.976003 -1.117200 0.000000 0.000000 0.000000 1.000000
0.993547 0.026861 -0.110198 0.017300 -0.048741 0.978385 -0.200964 10.574800 0.102418 0.205038 0.973381 -1.117200 0.000000 0.000000 0.000000 1.000000
0.992910 0.020536 -0.117078 0.017300 -0.045006 0.976581 -0.210388 10.574800 0.110015 0.214166 0.970582 -1.117200 0.000000 0.000000 0.000000 1.000000
0.991925 0.012978 -0.126157 0.017300 -0.040609 0.974877 -0.219012 10.574800 0.120145 0.222367 0.967532 -1.117200 0.000000 0.000000 0.000000 1.000000
0.990602 0.004063 -0.136718 0.017300 -0.035325 0.973248 -0.227026 10.574800 0.132139 0.229722 0.964244 -1.117200 0.000000 0.000000 0.000000 1.000000
0.989045 -0.007147 -0.147441 0.017300 -0.028184 0.971309 -0.236144 10.574800 0.144899 0.237712 0.960467 -1.117200 0.000000 0.000000 0.000000 1.000000
0.987729 -0.021663 -0.154669 0.017300 -0.017292 0.969076 -0.246158 10.574800 0.155218 0.245812 0.956809 -1.117200 0.000000 0.000000 0.000000 1.000000</float_array>
        <technique_common>
          <accessor source="#mixamorig_Spine-Matrix-animation-output-transform-array" count="39" stride="16">
            <param type="float4x4"/>
          </accessor>
        </technique_common>
      </source>
      <source id="mixamorig_Spine-Interpolations">
        <Name_array id="mixamorig_Spine-Interpolations-array" count="39">
 LINEAR LINEAR LINEAR LINEAR LINEAR LINEAR LINEAR LINEAR LINEAR LINEAR LINEAR
LINEAR LINEAR LINEAR LINEAR LINEAR LINEAR LINEAR LINEAR LINEAR LINEAR LINEAR LINEAR
LINEAR LINEAR LINEAR LINEAR LINEAR LINEAR LINEAR LINEAR LINEAR LINEAR LINEAR LINEAR
LINEAR LINEAR LINEAR LINEAR</Name_array>
        <technique_common>
          <accessor source="#mixamorig_Spine-Interpolations-array" count="39">
            <param type="name"/>
          </accessor>
        </technique_common>
      </source>
      <sampler id="mixamorig_Spine-Matrix-animation-transform">
        <input semantic="INPUT" source="#mixamorig_Spine-Matrix-animation-input"/>
        <input semantic="OUTPUT" source="#mixamorig_Spine-Matrix-animation-output-transform"/>
        <input semantic="INTERPOLATION" source="#mixamorig_Spine-Interpolations"/>
      </sampler>
      <channel source="#mixamorig_Spine-Matrix-animation-transform" target="mixamorig_Spine/matrix"/>
    </animation>
    <animation id="mixamorig_Spine1-anim" name="mixamorig_Spine1">
      <source id="mixamorig_Spine1-Matrix-animation-input">
        <float_array id="mixamorig_Spine1-Matrix-animation-input-array" count="39">

0.000000 0.033333 0.066667 0.100000 0.133333 0.166667 0.200000 0.233333 0.266667 0.300000 0.333333 0.366667 0.400000 0.433333 0.466667 0.500000
0.533333 0.566667 0.600000 0.633333 0.666667 0.700000 0.733333 0.766667 0.800000 0.833333 0.866667 0.900000 0.933333 0.966667 1.000000 1.033333
1.066667 1.100000 1.133333 1.166667 1.200000 1.233333 1.266667</float_array>
        <technique_common>
          <accessor source="#mixamorig_Spine1-Matrix-animation-input-array" count="39">
            <param name="TIME" type="float"/>
          </accessor>
        </technique_common>
      </source>
      <source id="mixamorig_Spine1-Matrix-animation-output-transform">
        <float_array id="mixamorig_Spine1-Matrix-animation-output-transform-array" count="624">

0.999069 0.013643 -0.040924 0.000000 -0.014701 0.999563 -0.025663 12.406000 0.040556 0.026241 0.998833 0.000000 0.000000 0.000000 0.000000 1.000000
0.998928 0.012411 -0.044601 0.000000 -0.013517 0.999607 -0.024568 12.406000 0.044278 0.025145 0.998703 0.000000 0.000000 0.000000 0.000000 1.000000
0.998766 0.010729 -0.048494 0.000000 -0.011869 0.999658 -0.023286 12.406000 0.048228 0.023833 0.998552 -0.000000 0.000000 0.000000 0.000000 1.000000
0.998583 0.008795 -0.052482 -0.000000 -0.009953 0.999712 -0.021850 12.406000 0.052274 0.022342 0.998383 0.000000 0.000000 0.000000 0.000000 1.000000
0.998378 0.006820 -0.056518 0.000000 -0.007989 0.999758 -0.020479 12.406000 0.056364 0.020897 0.998192 0.000000 0.000000 0.000000 0.000000 1.000000
0.998152 0.005014 -0.060557 0.000000 -0.006198 0.999793 -0.019387 12.406000 0.060448 0.019726 0.997976 -0.000000 0.000000 0.000000 0.000000 1.000000
0.997908 0.003585 -0.064556 0.000000 -0.004806 0.999812 -0.018782 12.406000 0.064476 0.019053 0.997737 0.000000 0.000000 0.000000 0.000000 1.000000
0.997710 0.003402 -0.067557 0.000000 -0.004731 0.999798 -0.019534 12.406000 0.067476 0.019809 0.997524 0.000000 0.000000 0.000000 0.000000 1.000000
0.997739 0.004612 -0.067044 0.000000 -0.005939 0.999790 -0.019616 12.406000 0.066939 0.019970 0.997557 0.000000 0.000000 0.000000 0.000000 1.000000
0.997859 0.005764 -0.065141 0.000000 -0.007136 0.999757 -0.020848 12.406000 0.065005 0.021268 0.997658 0.000000 0.000000 0.000000 0.000000 1.000000
0.998049 0.006285 -0.062118 0.000000 -0.007720 0.999708 -0.022887 12.406000 0.061956 0.023321 0.997806 0.000000 0.000000 0.000000 0.000000 1.000000
0.998283 0.005996 -0.058275 -0.000000 -0.007421 0.999678 -0.024257 12.406000 0.058110 0.024648 0.998006 -0.000000 0.000000 0.000000 0.000000 1.000000
0.998506 0.005417 -0.054375 -0.000000 -0.006798 0.999658 -0.025256 12.406000 0.054220 0.025588 0.998201 0.000000 0.000000 0.000000 0.000000 1.000000
0.998681 0.004799 -0.051113 0.000000 -0.006128 0.999646 -0.025891 12.406000 0.050970 0.026170 0.998357 -0.000000 0.000000 0.000000 0.000000 1.000000
0.998770 0.004066 -0.049424 0.000000 -0.005338 0.999657 -0.025648 12.406000 0.049303 0.025880 0.998449 0.000000 0.000000 0.000000 0.000000 1.000000
0.998817 0.003040 -0.048531 -0.000000 -0.004249 0.999682 -0.024839 12.406000 0.048440 0.025016 0.998513 0.000000 0.000000 0.000000 0.000000 1.000000
0.998910 0.002030 -0.046627 -0.000000 -0.003151 0.999708 -0.023971 12.406000 0.046565 0.024092 0.998625 0.000000 0.000000 0.000000 0.000000 1.000000
0.999037 0.001020 -0.043871 0.000000 -0.002042 0.999728 -0.023243 12.406000 0.043835 0.023310 0.998767 0.000000 0.000000 0.000000 0.000000 1.000000
0.999170 0.000019 -0.040742 0.000000 -0.000939 0.999745 -0.022570 12.406000 0.040731 0.022590 0.998915 0.000000 0.000000 0.000000 0.000000 1.000000
0.999294 -0.000965 -0.037562 0.000000 0.000142 0.999760 -0.021897 12.406000 0.037574 0.021876 0.999054 0.000000 0.000000 0.000000 0.000000 1.000000
0.999408 -0.001894 -0.034359 0.000000 0.001165 0.999774 -0.021214 12.406000 0.034392 0.021162 0.999184 0.000000 0.000000 0.000000 0.000000 1.000000
0.999519 -0.002671 -0.030899 0.000000 0.002036 0.999787 -0.020550 12.406000 0.030947 0.020477 0.999311 0.000000 0.000000 0.000000 0.000000 1.000000
0.999635 -0.002874 -0.026860 0.000000 0.002338 0.999798 -0.019963 12.406000 0.026911 0.019893 0.999440 -0.000000 0.000000 0.000000 0.000000 1.000000
0.999723 -0.002020 -0.023445 0.000000 0.001552 0.999799 -0.019965 12.406000 0.023481 0.019923 0.999526 0.000000 0.000000 0.000000 0.000000 1.000000
0.999803 -0.000985 -0.019837 0.000000 0.000595 0.999806 -0.019670 12.406000 0.019853 0.019654 0.999610 0.000000 0.000000 0.000000 0.000000 1.000000
0.999878 0.000216 -0.015611 0.000000 -0.000534 0.999792 -0.020385 12.406000 0.015603 0.020391 0.999670 0.000000 0.000000 0.000000 0.000000 1.000000
0.999907 0.002484 -0.013423 0.000000 -0.002765 0.999776 -0.020976 12.406000 0.013368 0.021012 0.999690 0.000000 0.000000 0.000000 0.000000 1.000000
0.999912 0.004963 -0.012336 0.000000 -0.005235 0.999742 -0.022095 12.406000 0.012223 0.022158 0.999680 -0.000000 0.000000 0.000000 0.000000 1.000000
0.999899 0.007577 -0.012054 0.000000 -0.007858 0.999696 -0.023366 12.406000 0.011873 0.023459 0.999654 0.000000 0.000000 0.000000 0.000000 1.000000
0.999862 0.010360 -0.012963 0.000000 -0.010675 0.999644 -0.024473 12.406000 0.012705 0.024608 0.999616 0.000000 0.000000 0.000000 0.000000 1.000000
0.999792 0.013343 -0.015449 0.000000 -0.013728 0.999591 -0.025091 12.406000 0.015107 0.025298 0.999566 0.000000 0.000000 0.000000 0.000000 1.000000
0.999631 0.016761 -0.021371 0.000000 -0.017285 0.999549 -0.024553 12.406000 0.020950 0.024914 0.999470 -0.000000 0.000000 0.000000 0.000000 1.000000
0.999496 0.019612 -0.024981 0.000000 -0.020223 0.999497 -0.024423 12.406000 0.024490 0.024916 0.999390 0.000000 0.000000 0.000000 0.000000 1.000000
0.999471 0.019708 -0.025881 -0.000000 -0.020362 0.999474 -0.025255 12.406000 0.025370 0.025769 0.999346 0.000000 0.000000 0.000000 0.000000 1.000000
0.999433 0.018534 -0.028095 -0.000000 -0.019254 0.999487 -0.025584 12.406000 0.027606 0.026111 0.999278 0.000000 0.000000 0.000000 0.000000 1.000000
0.999370 0.017294 -0.031008 0.000000 -0.018091 0.999508 -0.025607 12.406000 0.030550 0.026151 0.999191 -0.000000 0.000000 0.000000 0.000000 1.000000
0.999278 0.016050 -0.034424 0.000000 -0.016936 0.999529 -0.025582 12.406000 0.033997 0.026147 0.999080 0.000000 0.000000 0.000000 0.000000 1.000000
0.999167 0.014817 -0.038033 -0.000000 -0.015800 0.999546 -0.025669 12.406000 0.037635 0.026249 0.998947 0.000000 0.000000 0.000000 0.000000 1.000000
0.999069 0.013643 -0.040924 -0.000000 -0.014701 0.999563 -0.025663 12.406000 0.040556 0.026241 0.998833 0.000000 0.000000 0.000000 0.000000 1.000000</float_array>
        <technique_common>
          <accessor source="#mixamorig_Spine1-Matrix-animation-output-transform-array" count="39" stride="16">
            <param type="float4x4"/>
          </accessor>
        </technique_common>
      </source>
      <source id="mixamorig_Spine1-Interpolations">
        <Name_array id="mixamorig_Spine1-Interpolations-array" count="39">
 LINEAR LINEAR LINEAR LINEAR LINEAR LINEAR LINEAR LINEAR LINEAR LINEAR LINEAR
LINEAR LINEAR LINEAR LINEAR LINEAR LINEAR LINEAR LINEAR LINEAR LINEAR LINEAR LINEAR
LINEAR LINEAR LINEAR LINEAR LINEAR LINEAR LINEAR LINEAR LINEAR LINEAR LINEAR LINEAR
LINEAR LINEAR LINEAR LINEAR</Name_array>
        <technique_common>
          <accessor source="#mixamorig_Spine1-Interpolations-array" count="39">
            <param type="name"/>
          </accessor>
        </technique_common>
      </source>
      <sampler id="mixamorig_Spine1-Matrix-animation-transform">
        <input semantic="INPUT" source="#mixamorig_Spine1-Matrix-animation-input"/>
        <input semantic="OUTPUT" source="#mixamorig_Spine1-Matrix-animation-output-transform"/>
        <input semantic="INTERPOLATION" source="#mixamorig_Spine1-Interpolations"/>
      </sampler>
      <channel source="#mixamorig_Spine1-Matrix-animation-transform" target="mixamorig_Spine1/matrix"/>
    </animation>
    <animation id="mixamorig_Spine2-anim" name="mixamorig_Spine2">
      <source id="mixamorig_Spine2-Matrix-animation-input">
        <float_array id="mixamorig_Spine2-Matrix-animation-input-array" count="39">

0.000000 0.033333 0.066667 0.100000 0.133333 0.166667 0.200000 0.233333 0.266667 0.300000 0.333333 0.366667 0.400000 0.433333 0.466667 0.500000
0.533333 0.566667 0.600000 0.633333 0.666667 0.700000 0.733333 0.766667 0.800000 0.833333 0.866667 0.900000 0.933333 0.966667 1.000000 1.033333
1.066667 1.100000 1.133333 1.166667 1.200000 1.233333 1.266667</float_array>
        <technique_common>
          <accessor source="#mixamorig_Spine2-Matrix-animation-input-array" count="39">
            <param name="TIME" type="float"/>
          </accessor>
        </technique_common>
      </source>
      <source id="mixamorig_Spine2-Matrix-animation-output-transform">
        <float_array id="mixamorig_Spine2-Matrix-animation-output-transform-array" count="624">

0.999121 0.006577 -0.041394 0.000000 -0.011946 0.991335 -0.130816 14.178300 0.040175 0.131195 0.990542 -0.000000 0.000000 0.000000 0.000000 1.000000
0.998976 0.004881 -0.044971 -0.000000 -0.010683 0.991494 -0.129717 14.178300 0.043955 0.130064 0.990531 0.000000 0.000000 0.000000 0.000000 1.000000
0.998808 0.002726 -0.048743 0.000000 -0.008972 0.991683 -0.128390 14.178300 0.047987 0.128674 0.990525 0.000000 0.000000 0.000000 0.000000 1.000000
0.998616 0.000319 -0.052596 0.000000 -0.007000 0.991892 -0.126893 14.178300 0.052129 0.127085 0.990521 -0.000000 0.000000 0.000000 0.000000 1.000000
0.998400 -0.002132 -0.056497 0.000000 -0.004980 0.992087 -0.125450 14.178300 0.056318 0.125531 0.990490 0.000000 0.000000 0.000000 0.000000 1.000000
0.998164 -0.004422 -0.060414 0.000000 -0.003126 0.992242 -0.124283 14.178300 0.060494 0.124243 0.990406 0.000000 0.000000 0.000000 0.000000 1.000000
0.997910 -0.006345 -0.064313 0.000000 -0.001657 0.992330 -0.123606 14.178300 0.064604 0.123455 0.990245 -0.000000 0.000000 0.000000 0.000000 1.000000
0.997709 -0.006940 -0.067297 -0.000000 -0.001483 0.992242 -0.124314 14.178300 0.067637 0.124129 0.989958 -0.000000 0.000000 0.000000 0.000000 1.000000
0.997746 -0.005666 -0.066862 0.000000 -0.002705 0.992222 -0.124451 14.178300 0.067047 0.124351 0.989970 0.000000 0.000000 0.000000 0.000000 1.000000
0.997875 -0.004302 -0.065018 0.000000 -0.003917 0.992054 -0.125751 14.178300 0.065043 0.125739 0.989929 0.000000 0.000000 0.000000 0.000000 1.000000
0.998069 -0.003445 -0.062012 -0.000000 -0.004519 0.991786 -0.127827 14.178300 0.061943 0.127861 0.989856 -0.000000 0.000000 0.000000 0.000000 1.000000
0.998302 -0.003277 -0.058158 0.000000 -0.004272 0.991608 -0.129214 14.178300 0.058093 0.129243 0.989910 -0.000000 0.000000 0.000000 0.000000 1.000000
0.998522 -0.003384 -0.054237 0.000000 -0.003713 0.991478 -0.130220 14.178300 0.054216 0.130229 0.990001 -0.000000 0.000000 0.000000 0.000000 1.000000
0.998695 -0.003604 -0.050949 0.000000 -0.003098 0.991397 -0.130855 14.178300 0.050982 0.130842 0.990091 0.000000 0.000000 0.000000 0.000000 1.000000
0.998780 -0.004121 -0.049219 -0.000000 -0.002345 0.991433 -0.130596 14.178300 0.049335 0.130552 0.990213 -0.000000 0.000000 0.000000 0.000000 1.000000
0.998821 -0.005025 -0.048280 0.000000 -0.001285 0.991543 -0.129772 14.178300 0.048523 0.129681 0.990368 0.000000 0.000000 0.000000 0.000000 1.000000
0.998909 -0.005781 -0.046335 0.000000 -0.000241 0.991656 -0.128909 14.178300 0.046694 0.128780 0.990573 0.000000 0.000000 0.000000 0.000000 1.000000
0.999031 -0.006429 -0.043535 0.000000 0.000795 0.991748 -0.128197 14.178300 0.043999 0.128038 0.990793 0.000000 0.000000 0.000000 0.000000 1.000000
0.999161 -0.007021 -0.040360 0.000000 0.001818 0.991831 -0.127546 14.178300 0.040926 0.127365 0.991011 0.000000 0.000000 0.000000 0.000000 1.000000
0.999281 -0.007590 -0.037135 -0.000000 0.002818 0.991912 -0.126895 14.178300 0.037798 0.126699 0.991221 0.000000 0.000000 0.000000 0.000000 1.000000
0.999393 -0.008103 -0.033892 -0.000000 0.003762 0.991993 -0.126235 14.178300 0.034644 0.126031 0.991421 0.000000 0.000000 0.000000 0.000000 1.000000
0.999502 -0.008437 -0.030400 0.000000 0.004554 0.992071 -0.125595 14.178300 0.031219 0.125394 0.991616 0.000000 0.000000 0.000000 0.000000 1.000000
0.999619 -0.008140 -0.026366 0.000000 0.004781 0.992141 -0.125036 14.178300 0.027177 0.124862 0.991802 0.000000 0.000000 0.000000 0.000000 1.000000
0.999711 -0.006868 -0.023024 0.000000 0.003936 0.992142 -0.125052 14.178300 0.023702 0.124926 0.991883 0.000000 0.000000 0.000000 0.000000 1.000000
0.999795 -0.005393 -0.019496 0.000000 0.002919 0.992182 -0.124763 14.178300 0.020017 0.124680 0.991995 0.000000 0.000000 0.000000 0.000000 1.000000
0.999875 -0.003676 -0.015376 0.000000 0.001718 0.992097 -0.125465 14.178300 0.015716 0.125423 0.991979 0.000000 0.000000 0.000000 0.000000 1.000000
0.999910 -0.001139 -0.013360 0.000000 -0.000554 0.992026 -0.126034 14.178300 0.013397 0.126030 0.991936 0.000000 0.000000 0.000000 0.000000 1.000000
0.999921 0.001479 -0.012460 0.000000 -0.003051 0.991882 -0.127123 14.178300 0.012170 0.127151 0.991809 0.000000 0.000000 0.000000 0.000000 1.000000
0.999915 0.004134 -0.012372 0.000000 -0.005689 0.991711 -0.128365 14.178300 0.011739 0.128425 0.991650 0.000000 0.000000 0.000000 0.000000 1.000000
0.999886 0.006810 -0.013481 0.000000 -0.008498 0.991549 -0.129451 14.178300 0.012486 0.129551 0.991494 -0.000000 0.000000 0.000000 0.000000 1.000000
0.999824 0.009487 -0.016169 -0.000000 -0.011511 0.991438 -0.130069 14.178300 0.014796 0.130232 0.991373 0.000000 0.000000 0.000000 0.000000 1.000000
0.999677 0.012165 -0.022295 -0.000000 -0.014955 0.991457 -0.129576 14.178300 0.020529 0.129868 0.991319 0.000000 0.000000 0.000000 0.000000 1.000000
0.999554 0.014572 -0.026059 0.000000 -0.017829 0.991422 -0.129478 14.178300 0.023949 0.129885 0.991240 0.000000 0.000000 0.000000 0.000000 1.000000
0.999531 0.014558 -0.026932 0.000000 -0.017949 0.991310 -0.130313 14.178300 0.024801 0.130735 0.991107 0.000000 0.000000 0.000000 0.000000 1.000000
0.999493 0.013104 -0.029029 0.000000 -0.016791 0.991285 -0.130663 14.178300 0.027064 0.131084 0.991002 0.000000 0.000000 0.000000 0.000000 1.000000
0.999428 0.011496 -0.031820 0.000000 -0.015565 0.991295 -0.130739 14.178300 0.030040 0.131159 0.990906 0.000000 0.000000 0.000000 0.000000 1.000000
0.999335 0.009818 -0.035113 0.000000 -0.014332 0.991315 -0.130723 14.178300 0.033525 0.131140 0.990797 0.000000 0.000000 0.000000 0.000000 1.000000
0.999222 0.008123 -0.038604 0.000000 -0.013113 0.991319 -0.130823 14.178300 0.037206 0.131228 0.990654 0.000000 0.000000 0.000000 0.000000 1.000000
0.999121 0.006577 -0.041394 0.000000 -0.011946 0.991335 -0.130816 14.178300 0.040175 0.131195 0.990542 -0.000000 0.000000 0.000000 0.000000 1.000000</float_array>
        <technique_common>
          <accessor source="#mixamorig_Spine2-Matrix-animation-output-transform-array" count="39" stride="16">
            <param type="float4x4"/>
          </accessor>
        </technique_common>
      </source>
      <source id="mixamorig_Spine2-Interpolations">
        <Name_array id="mixamorig_Spine2-Interpolations-array" count="39">
 LINEAR LINEAR LINEAR LINEAR LINEAR LINEAR LINEAR LINEAR LINEAR LINEAR LINEAR
LINEAR LINEAR LINEAR LINEAR LINEAR LINEAR LINEAR LINEAR LINEAR LINEAR LINEAR LINEAR
LINEAR LINEAR LINEAR LINEAR LINEAR LINEAR LINEAR LINEAR LINEAR LINEAR LINEAR LINEAR
LINEAR LINEAR LINEAR LINEAR</Name_array>
        <technique_common>
          <accessor source="#mixamorig_Spine2-Interpolations-array" count="39">
            <param type="name"/>
          </accessor>
        </technique_common>
      </source>
      <sampler id="mixamorig_Spine2-Matrix-animation-transform">
        <input semantic="INPUT" source="#mixamorig_Spine2-Matrix-animation-input"/>
        <input semantic="OUTPUT" source="#mixamorig_Spine2-Matrix-animation-output-transform"/>
        <input semantic="INTERPOLATION" source="#mixamorig_Spine2-Interpolations"/>
      </sampler>
      <channel source="#mixamorig_Spine2-Matrix-animation-transform" target="mixamorig_Spine2/matrix"/>
    </animation>
    <animation id="mixamorig_Neck-anim" name="mixamorig_Neck">
      <source id="mixamorig_Neck-Matrix-animation-input">
        <float_array id="mixamorig_Neck-Matrix-animation-input-array" count="39">

0.000000 0.033333 0.066667 0.100000 0.133333 0.166667 0.200000 0.233333 0.266667 0.300000 0.333333 0.366667 0.400000 0.433333 0.466667 0.500000
0.533333 0.566667 0.600000 0.633333 0.666667 0.700000 0.733333 0.766667 0.800000 0.833333 0.866667 0.900000 0.933333 0.966667 1.000000 1.033333
1.066667 1.100000 1.133333 1.166667 1.200000 1.233333 1.266667</float_array>
        <technique_common>
          <accessor source="#mixamorig_Neck-Matrix-animation-input-array" count="39">
            <param name="TIME" type="float"/>
          </accessor>
        </technique_common>
      </source>
      <source id="mixamorig_Neck-Matrix-animation-output-transform">
        <float_array id="mixamorig_Neck-Matrix-animation-output-transform-array" count="624">

0.997691 0.065360 0.018444 0.024400 -0.061866 0.986723 -0.150170 15.862300 -0.028014 0.148682 0.988488 -1.675800 0.000000 0.000000 0.000000 1.000000
0.997876 0.063196 0.015810 0.024400 -0.060082 0.986618 -0.151577 15.862300 -0.025178 0.150305 0.988319 -1.675800 0.000000 0.000000 0.000000 1.000000
0.997765 0.065089 0.015126 0.024400 -0.062128 0.986929 -0.148695 15.862300 -0.024607 0.147423 0.988767 -1.675800 0.000000 0.000000 0.000000 1.000000
0.997467 0.069472 0.015294 0.024400 -0.066560 0.987347 -0.143929 15.862300 -0.025099 0.142547 0.989470 -1.675800 0.000000 0.000000 0.000000 1.000000
0.997112 0.074293 0.015760 0.024400 -0.071417 0.987825 -0.138208 15.862300 -0.025836 0.136683 0.990278 -1.675800 0.000000 0.000000 0.000000 1.000000
0.996862 0.077524 0.015987 0.024400 -0.074740 0.988371 -0.132428 15.862300 -0.026067 0.130817 0.991064 -1.675800 0.000000 0.000000 0.000000 1.000000
0.996901 0.077137 0.015432 0.024400 -0.074555 0.989034 -0.127485 15.862300 -0.025097 0.125939 0.991720 -1.675800 0.000000 0.000000 0.000000 1.000000
0.997705 0.066512 0.012682 0.024400 -0.064443 0.990235 -0.123622 15.862300 -0.020781 0.122521 0.992248 -1.675800 0.000000 0.000000 0.000000 1.000000
0.998294 0.057638 0.009292 0.024400 -0.056073 0.990906 -0.122313 15.862300 -0.016258 0.121583 0.992448 -1.675800 0.000000 0.000000 0.000000 1.000000
0.997932 0.063939 0.006566 0.024400 -0.062663 0.990551 -0.121993 15.862300 -0.014304 0.121329 0.992509 -1.675800 0.000000 0.000000 0.000000 1.000000
0.997673 0.067974 0.005372 0.024400 -0.066835 0.990465 -0.120466 15.862300 -0.013510 0.119827 0.992703 -1.675800 0.000000 0.000000 0.000000 1.000000
0.997615 0.068763 0.005950 0.024400 -0.067530 0.990261 -0.121747 15.862300 -0.014264 0.121055 0.992543 -1.675800 0.000000 0.000000 0.000000 1.000000
0.997644 0.068217 0.007237 0.024400 -0.066800 0.990053 -0.123827 15.862300 -0.015612 0.123052 0.992277 -1.675800 0.000000 0.000000 0.000000 1.000000
0.997746 0.066504 0.008934 0.024400 -0.064876 0.990070 -0.124713 15.862300 -0.017139 0.123852 0.992153 -1.675800 0.000000 0.000000 0.000000 1.000000
0.997941 0.063082 0.011569 0.024400 -0.061191 0.990544 -0.122796 15.862300 -0.019206 0.121835 0.992364 -1.675800 0.000000 0.000000 0.000000 1.000000
0.997920 0.062536 0.015652 0.024400 -0.060151 0.990600 -0.122854 15.862300 -0.023188 0.121657 0.992301 -1.675800 0.000000 0.000000 0.000000 1.000000
0.997943 0.061487 0.018117 0.024400 -0.058785 0.990564 -0.123806 15.862300 -0.025558 0.122486 0.992141 -1.675800 0.000000 0.000000 0.000000 1.000000
0.998006 0.060171 0.019072 0.024400 -0.057318 0.990445 -0.125433 15.862300 -0.026437 0.124090 0.991919 -1.675800 0.000000 0.000000 0.000000 1.000000
0.998083 0.058770 0.019400 0.024400 -0.055836 0.990287 -0.127335 15.862300 -0.026695 0.126007 0.991670 -1.675800 0.000000 0.000000 0.000000 1.000000
0.998155 0.057427 0.019716 0.024400 -0.054412 0.990121 -0.129229 15.862300 -0.026942 0.127918 0.991419 -1.675800 0.000000 0.000000 0.000000 1.000000
0.998209 0.056301 0.020225 0.024400 -0.053181 0.989955 -0.131001 15.862300 -0.027397 0.129691 0.991176 -1.675800 0.000000 0.000000 0.000000 1.000000
0.998227 0.055717 0.020922 0.024400 -0.052467 0.989781 -0.132593 15.862300 -0.028096 0.131261 0.990950 -1.675800 0.000000 0.000000 0.000000 1.000000
0.998121 0.057087 0.022245 0.024400 -0.053632 0.989629 -0.133258 15.862300 -0.029621 0.131815 0.990832 -1.675800 0.000000 0.000000 0.000000 1.000000
0.997969 0.059079 0.023809 0.024400 -0.055463 0.989792 -0.131282 15.862300 -0.031322 0.129694 0.991059 -1.675800 0.000000 0.000000 0.000000 1.000000
0.997668 0.063501 0.025007 0.024400 -0.059697 0.989560 -0.131175 15.862300 -0.033076 0.129376 0.991044 -1.675800 0.000000 0.000000 0.000000 1.000000
0.997456 0.066505 0.025673 0.024400 -0.062590 0.989380 -0.131188 15.862300 -0.034125 0.129247 0.991025 -1.675800 0.000000 0.000000 0.000000 1.000000
0.997351 0.067904 0.026066 0.024400 -0.063877 0.989110 -0.132591 15.862300 -0.034786 0.130575 0.990828 -1.675800 0.000000 0.000000 0.000000 1.000000
0.997152 0.070771 0.026049 0.024400 -0.066661 0.988693 -0.134325 15.862300 -0.035261 0.132206 0.990595 -1.675800 0.000000 0.000000 0.000000 1.000000
0.996922 0.074067 0.025704 0.024400 -0.069908 0.988211 -0.136203 15.862300 -0.035489 0.133987 0.990347 -1.675800 0.000000 0.000000 0.000000 1.000000
0.996727 0.076933 0.024831 0.024400 -0.072798 0.987734 -0.138137 15.862300 -0.035154 0.135877 0.990102 -1.675800 0.000000 0.000000 0.000000 1.000000
0.996643 0.078507 0.023227 0.024400 -0.074510 0.987338 -0.140041 15.862300 -0.033928 0.137841 0.989873 -1.675800 0.000000 0.000000 0.000000 1.000000
0.996915 0.075910 0.019934 0.024400 -0.072334 0.987229 -0.141941 15.862300 -0.030454 0.140061 0.989674 -1.675800 0.000000 0.000000 0.000000 1.000000
0.997738 0.065237 0.016243 0.024400 -0.062226 0.987589 -0.144210 15.862300 -0.025449 0.142873 0.989414 -1.675800 0.000000 0.000000 0.000000 1.000000
0.997849 0.063969 0.014344 0.024400 -0.061285 0.987910 -0.142404 15.862300 -0.023280 0.141219 0.989705 -1.675800 0.000000 0.000000 0.000000 1.000000
0.997779 0.064975 0.014684 0.024400 -0.062188 0.987586 -0.144242 15.862300 -0.023874 0.143009 0.989433 -1.675800 0.000000 0.000000 0.000000 1.000000
0.997767 0.064346 0.017880 0.024400 -0.061030 0.987234 -0.147117 15.862300 -0.027118 0.145697 0.988957 -1.675800 0.000000 0.000000 0.000000 1.000000
0.997661 0.065339 0.020066 0.024400 -0.061557 0.986506 -0.151714 15.862300 -0.029709 0.150124 0.988221 -1.675800 0.000000 0.000000 0.000000 1.000000
0.997683 0.064975 0.020175 0.024400 -0.061205 0.986655 -0.150882 15.862300 -0.029709 0.149298 0.988346 -1.675800 0.000000 0.000000 0.000000 1.000000
0.997691 0.065360 0.018444 0.024400 -0.061866 0.986723 -0.150170 15.862300 -0.028014 0.148683 0.988488 -1.675800 0.000000 0.000000 0.000000 1.000000</float_array>
        <technique_common>
          <accessor source="#mixamorig_Neck-Matrix-animation-output-transform-array" count="39" stride="16">
            <param type="float4x4"/>
          </accessor>
        </technique_common>
      </source>
      <source id="mixamorig_Neck-Interpolations">
