<?xml version="1.0" encoding="utf-8"?>
<COLLADA xmlns="http://www.collada.org/2005/11/COLLADASchema" version="1.4.1">
  <asset>
    <contributor>
      <author>Mixamo</author>
      <authoring_tool>COLLADA Mixamo exporter</authoring_tool>
      <comments/>
    </contributor>
    <created>2022-12-10T03:31:05Z</created>
    <modified>2022-12-10T03:31:05Z</modified>
    <revision/>
    <title/>
    <unit meter="0.010000"/>
    <up_axis>Y_UP</up_axis>
  </asset>
  <library_animations>
    <animation id="mixamorig_Hips-anim" name="mixamorig_Hips">
      <source id="mixamorig_Hips-Matrix-animation-input">
        <float_array id="mixamorig_Hips-Matrix-animation-input-array" count="40">

0.000000 0.033333 0.066667 0.100000 0.133333 0.166667 0.200000 0.233333 0.266667 0.300000 0.333333 0.366667 0.400000 0.433333 0.466667 0.500000
0.533333 0.566667 0.600000 0.633333 0.666667 0.700000 0.733333 0.766667 0.800000 0.833333 0.866667 0.900000 0.933333 0.966667 1.000000 1.033333
1.066667 1.100000 1.133333 1.166667 1.200000 1.233333 1.266667 1.300000</float_array>
        <technique_common>
          <accessor source="#mixamorig_Hips-Matrix-animation-input-array" count="40">
            <param name="TIME" type="float"/>
          </accessor>
        </technique_common>
      </source>
      <source id="mixamorig_Hips-Matrix-animation-output-transform">
        <float_array id="mixamorig_Hips-Matrix-animation-output-transform-array" count="640">

0.483425 -0.058570 -0.873424 -0.010000 0.037141 0.998233 -0.046382 76.725121 0.874597 -0.010018 0.484746 0.023721 0.000000 0.000000 0.000000 1.000000
0.472862 -0.070591 -0.878304 0.526771 0.027459 0.997482 -0.065386 77.252449 0.880709 0.006801 0.473610 0.930660 0.000000 0.000000 0.000000 1.000000
0.452261 -0.083373 -0.887980 1.172308 0.018504 0.996284 -0.084118 78.128723 0.891694 0.021612 0.452123 1.782077 0.000000 0.000000 0.000000 1.000000
0.423925 -0.098207 -0.900357 1.911908 0.007084 0.994433 -0.105133 79.125046 0.905670 0.038191 0.422261 2.547174 0.000000 0.000000 0.000000 1.000000
0.396230 -0.107094 -0.911884 2.573732 -0.006136 0.992843 -0.119269 79.981194 0.918131 0.052854 0.392737 3.102295 0.000000 0.000000 0.000000 1.000000
0.384155 -0.109154 -0.916793 2.950800 -0.014075 0.992179 -0.124027 80.435631 0.923161 0.060549 0.379615 3.393015 0.000000 0.000000 0.000000 1.000000
0.369253 -0.099398 -0.923998 3.094326 -0.024045 0.992909 -0.116420 80.641251 0.929018 0.065206 0.364245 3.588217 0.000000 0.000000 0.000000 1.000000
0.354526 -0.092748 -0.930435 3.188911 -0.033756 0.993150 -0.111862 80.850899 0.934437 0.071066 0.348967 3.648526 0.000000 0.000000 0.000000 1.000000
0.328988 -0.084560 -0.940541 3.110437 -0.041787 0.993704 -0.103956 80.924370 0.943409 0.073503 0.323383 3.536675 0.000000 0.000000 0.000000 1.000000
0.301482 -0.077809 -0.950292 3.033755 -0.046659 0.994267 -0.096212 80.924553 0.952329 0.073346 0.296123 3.404171 0.000000 0.000000 0.000000 1.000000
0.275198 -0.071766 -0.958705 3.019588 -0.051983 0.994640 -0.089378 80.798157 0.959981 0.074433 0.269993 3.234622 0.000000 0.000000 0.000000 1.000000
0.253215 -0.064484 -0.965258 2.893889 -0.054947 0.995207 -0.080899 80.549568 0.965848 0.073523 0.248458 2.980357 0.000000 0.000000 0.000000 1.000000
0.235414 -0.055745 -0.970295 2.759204 -0.053066 0.996127 -0.070104 80.093430 0.970445 0.067993 0.231544 2.638546 0.000000 0.000000 0.000000 1.000000
0.218369 -0.047138 -0.974727 2.654117 -0.049955 0.996983 -0.059405 79.397057 0.974587 0.061665 0.215355 2.290725 0.000000 0.000000 0.000000 1.000000
0.199717 -0.038874 -0.979082 2.490831 -0.045315 0.997777 -0.048860 78.592621 0.978805 0.054125 0.197512 1.937227 0.000000 0.000000 0.000000 1.000000
0.181642 -0.026788 -0.983000 2.447405 -0.039053 0.998644 -0.034430 77.578354 0.982589 0.044643 0.180350 1.507506 0.000000 0.000000 0.000000 1.000000
0.159321 -0.011365 -0.987161 2.365928 -0.030832 0.999389 -0.016481 76.565544 0.986745 0.033062 0.158873 1.032644 0.000000 0.000000 0.000000 1.000000
0.139841 -0.002855 -0.990170 2.297475 -0.022216 0.999735 -0.006020 75.836075 0.989925 0.022839 0.139740 0.353388 0.000000 0.000000 0.000000 1.000000
0.132987 -0.005214 -0.991104 2.371473 -0.012498 0.999898 -0.006937 75.555138 0.991039 0.013309 0.132908 -0.499471 0.000000 0.000000 0.000000 1.000000
0.129691 -0.010495 -0.991499 2.479493 -0.002544 0.999937 -0.010917 75.402718 0.991551 0.003939 0.129656 -1.394120 0.000000 0.000000 0.000000 1.000000
0.134939 -0.019722 -0.990658 2.549058 0.007844 0.999792 -0.018835 75.589294 0.990823 -0.005230 0.135065 -2.272588 0.000000 0.000000 0.000000 1.000000
0.144035 -0.030334 -0.989108 2.581619 0.018433 0.999439 -0.027966 75.936409 0.989401 -0.014204 0.144514 -3.128631 0.000000 0.000000 0.000000 1.000000
0.162392 -0.042940 -0.985792 2.472234 0.029448 0.998819 -0.038657 76.688583 0.986287 -0.022752 0.163464 -3.895753 0.000000 0.000000 0.000000 1.000000
0.185044 -0.056432 -0.981109 2.286344 0.040741 0.997932 -0.049716 77.639442 0.981885 -0.030772 0.186961 -4.613311 0.000000 0.000000 0.000000 1.000000
0.207220 -0.068989 -0.975859 2.064115 0.051457 0.996898 -0.059549 78.605087 0.976940 -0.037875 0.210127 -5.303048 0.000000 0.000000 0.000000 1.000000
0.228044 -0.077235 -0.970583 1.712257 0.059017 0.996112 -0.065400 79.596069 0.971861 -0.042367 0.231716 -5.891448 0.000000 0.000000 0.000000 1.000000
0.246505 -0.078454 -0.965961 1.138575 0.060437 0.996022 -0.065473 80.506882 0.967255 -0.042241 0.250266 -6.269019 0.000000 0.000000 0.000000 1.000000
0.261040 -0.089228 -0.961195 0.514928 0.063125 0.995166 -0.075238 81.198624 0.963262 -0.041035 0.265411 -6.516117 0.000000 0.000000 0.000000 1.000000
0.275689 -0.094054 -0.956634 -0.059019 0.065064 0.994745 -0.079050 81.675003 0.959042 -0.040449 0.280360 -6.671032 0.000000 0.000000 0.000000 1.000000
0.291148 -0.092162 -0.952228 -0.708024 0.063871 0.995001 -0.076773 81.821960 0.954544 -0.038468 0.295579 -6.722892 0.000000 0.000000 0.000000 1.000000
0.308220 -0.084335 -0.947570 -1.298807 0.062800 0.995694 -0.068191 81.684784 0.949240 -0.038490 0.312189 -6.663033 0.000000 0.000000 0.000000 1.000000
0.325516 -0.079672 -0.942174 -1.813420 0.060034 0.996175 -0.063497 81.199982 0.943629 -0.035893 0.329054 -6.445179 0.000000 0.000000 0.000000 1.000000
0.344587 -0.074916 -0.935760 -2.264682 0.055354 0.996698 -0.059411 80.423454 0.937121 -0.031326 0.347596 -6.106046 0.000000 0.000000 0.000000 1.000000
0.364618 -0.069420 -0.928566 -2.541489 0.050791 0.997215 -0.054608 79.452019 0.929771 -0.027252 0.367128 -5.666366 0.000000 0.000000 0.000000 1.000000
0.382031 -0.064676 -0.921884 -2.641492 0.047570 0.997602 -0.050275 78.395226 0.922924 -0.024647 0.384191 -5.096376 0.000000 0.000000 0.000000 1.000000
0.402616 -0.060751 -0.913351 -2.608035 0.041814 0.997974 -0.047947 77.294449 0.914413 -0.018887 0.404341 -4.409257 0.000000 0.000000 0.000000 1.000000
0.430522 -0.050696 -0.901155 -2.460565 0.034875 0.998610 -0.039516 76.461082 0.901906 -0.014415 0.431692 -3.557681 0.000000 0.000000 0.000000 1.000000
0.457505 -0.049085 -0.887851 -1.958836 0.034605 0.998702 -0.037381 76.047485 0.888533 -0.013622 0.458610 -2.531261 0.000000 0.000000 0.000000 1.000000
0.476340 -0.055540 -0.877505 -1.095883 0.036314 0.998394 -0.043479 76.173378 0.878511 -0.011155 0.477592 -1.390521 0.000000 0.000000 0.000000 1.000000
0.483425 -0.058570 -0.873424 -0.010002 0.037141 0.998233 -0.046382 76.725128 0.874597 -0.010018 0.484746 0.022494 0.000000 0.000000 0.000000 1.000000</float_array>
        <technique_common>
          <accessor source="#mixamorig_Hips-Matrix-animation-output-transform-array" count="40" stride="16">
            <param type="float4x4"/>
          </accessor>
        </technique_common>
      </source>
      <source id="mixamorig_Hips-Interpolations">
        <Name_array id="mixamorig_Hips-Interpolations-array" count="40">
 LINEAR LINEAR LINEAR LINEAR LINEAR LINEAR LINEAR LINEAR LINEAR LINEAR LINEAR
LINEAR LINEAR LINEAR LINEAR LINEAR LINEAR LINEAR LINEAR LINEAR LINEAR LINEAR LINEAR
LINEAR LINEAR LINEAR LINEAR LINEAR LINEAR LINEAR LINEAR LINEAR LINEAR LINEAR LINEAR
LINEAR LINEAR LINEAR LINEAR LINEAR</Name_array>
        <technique_common>
          <accessor source="#mixamorig_Hips-Interpolations-array" count="40">
            <param type="name"/>
          </accessor>
        </technique_common>
      </source>
      <sampler id="mixamorig_Hips-Matrix-animation-transform">
        <input semantic="INPUT" source="#mixamorig_Hips-Matrix-animation-input"/>
        <input semantic="OUTPUT" source="#mixamorig_Hips-Matrix-animation-output-transform"/>
        <input semantic="INTERPOLATION" source="#mixamorig_Hips-Interpolations"/>
      </sampler>
      <channel source="#mixamorig_Hips-Matrix-animation-transform" target="mixamorig_Hips/matrix"/>
    </animation>
    <animation id="mixamorig_Spine-anim" name="mixamorig_Spine">
      <source id="mixamorig_Spine-Matrix-animation-input">
        <float_array id="mixamorig_Spine-Matrix-animation-input-array" count="40">

0.000000 0.033333 0.066667 0.100000 0.133333 0.166667 0.200000 0.233333 0.266667 0.300000 0.333333 0.366667 0.400000 0.433333 0.466667 0.500000
0.533333 0.566667 0.600000 0.633333 0.666667 0.700000 0.733333 0.766667 0.800000 0.833333 0.866667 0.900000 0.933333 0.966667 1.000000 1.033333
1.066667 1.100000 1.133333 1.166667 1.200000 1.233333 1.266667 1.300000</float_array>
        <technique_common>
          <accessor source="#mixamorig_Spine-Matrix-animation-input-array" count="40">
            <param name="TIME" type="float"/>
          </accessor>
        </technique_common>
      </source>
      <source id="mixamorig_Spine-Matrix-animation-output-transform">
        <float_array id="mixamorig_Spine-Matrix-animation-output-transform-array" count="640">

0.997338 0.042375 -0.059340 0.017300 -0.053060 0.979962 -0.191988 10.574800 0.050016 0.194625 0.979602 -1.117200 0.000000 0.000000 0.000000 1.000000
0.997344 0.040856 -0.060296 0.017300 -0.050896 0.983125 -0.175710 10.574800 0.052100 0.178313 0.982594 -1.117200 0.000000 0.000000 0.000000 1.000000
0.997664 0.044453 -0.051875 0.017300 -0.052377 0.985223 -0.163069 10.574800 0.043859 0.165405 0.985250 -1.117200 0.000000 0.000000 0.000000 1.000000
0.998057 0.048250 -0.039433 0.017300 -0.053619 0.987389 -0.148954 10.574800 0.031749 0.150779 0.988058 -1.117200 0.000000 0.000000 0.000000 1.000000
0.998507 0.045627 -0.030042 0.017300 -0.049524 0.988153 -0.145260 10.574800 0.023058 0.146531 0.988937 -1.117200 0.000000 0.000000 0.000000 1.000000
0.998497 0.046805 -0.028525 0.017300 -0.050415 0.988462 -0.142833 10.574800 0.021511 0.144057 0.989336 -1.117200 0.000000 0.000000 0.000000 1.000000
0.998718 0.045675 -0.021797 0.017300 -0.048422 0.987638 -0.149086 10.574800 0.014718 0.149951 0.988584 -1.117200 0.000000 0.000000 0.000000 1.000000
0.998945 0.041888 -0.018815 0.017300 -0.044312 0.986807 -0.155720 10.574800 0.012044 0.156390 0.987622 -1.117200 0.000000 0.000000 0.000000 1.000000
0.998976 0.044371 -0.008828 0.017300 -0.045221 0.985115 -0.165841 10.574800 0.001338 0.166070 0.986113 -1.117200 0.000000 0.000000 0.000000 1.000000
0.998765 0.049680 0.000350 0.017300 -0.048831 0.982955 -0.177240 10.574800 -0.009150 0.177005 0.984168 -1.117200 0.000000 0.000000 0.000000 1.000000
0.998787 0.047873 0.011497 0.017300 -0.044862 0.981130 -0.188073 10.574800 -0.020284 0.187329 0.982088 -1.117200 0.000000 0.000000 0.000000 1.000000
0.998610 0.049263 0.018718 0.017300 -0.044500 0.978526 -0.201260 10.574800 -0.028231 0.200148 0.979359 -1.117200 0.000000 0.000000 0.000000 1.000000
0.998213 0.055767 0.021482 0.017300 -0.049861 0.975334 -0.215027 10.574800 -0.032943 0.213571 0.976372 -1.117200 0.000000 0.000000 0.000000 1.000000
0.998049 0.057353 0.024694 0.017300 -0.050297 0.972737 -0.226392 10.574800 -0.037005 0.224708 0.973723 -1.117200 0.000000 0.000000 0.000000 1.000000
0.997741 0.059959 0.030295 0.017300 -0.051083 0.970041 -0.237509 10.574800 -0.043628 0.235425 0.970913 -1.117200 0.000000 0.000000 0.000000 1.000000
0.997571 0.061267 0.033140 0.017300 -0.050997 0.966473 -0.251655 10.574800 -0.047447 0.249353 0.967250 -1.117200 0.000000 0.000000 0.000000 1.000000
0.997289 0.062896 0.038187 0.017300 -0.050594 0.962982 -0.264775 10.574800 -0.053426 0.262125 0.963554 -1.117200 0.000000 0.000000 0.000000 1.000000
0.996862 0.062300 0.048843 0.017300 -0.046943 0.962005 -0.268968 10.574800 -0.063744 0.265831 0.961910 -1.117200 0.000000 0.000000 0.000000 1.000000
0.996555 0.062051 0.055024 0.017300 -0.045205 0.962668 -0.266882 10.574800 -0.069530 0.263475 0.962157 -1.117200 0.000000 0.000000 0.000000 1.000000
0.996361 0.061793 0.058706 0.017300 -0.044308 0.963893 -0.262576 10.574800 -0.072812 0.259019 0.963124 -1.117200 0.000000 0.000000 0.000000 1.000000
0.996648 0.062540 0.052737 0.017300 -0.047091 0.965719 -0.255282 10.574800 -0.066894 0.251943 0.965427 -1.117200 0.000000 0.000000 0.000000 1.000000
0.996975 0.063807 0.044389 0.017300 -0.050895 0.967513 -0.247647 10.574800 -0.058748 0.244638 0.967833 -1.117200 0.000000 0.000000 0.000000 1.000000
0.997118 0.066500 0.036514 0.017300 -0.055730 0.968624 -0.242202 10.574800 -0.051475 0.239469 0.969538 -1.117200 0.000000 0.000000 0.000000 1.000000
0.997123 0.069977 0.029139 0.017300 -0.061074 0.969348 -0.237982 10.574800 -0.044899 0.235517 0.970832 -1.117200 0.000000 0.000000 0.000000 1.000000
0.997050 0.073523 0.022061 0.017300 -0.066354 0.970005 -0.233852 10.574800 -0.038593 0.231698 0.972022 -1.117200 0.000000 0.000000 0.000000 1.000000
0.996934 0.076692 0.015523 0.017300 -0.071114 0.970795 -0.229128 10.574800 -0.032641 0.227322 0.973272 -1.117200 0.000000 0.000000 0.000000 1.000000
0.996835 0.078805 0.010502 0.017300 -0.074493 0.971993 -0.222890 10.574800 -0.027773 0.221402 0.974787 -1.117200 0.000000 0.000000 0.000000 1.000000
0.996827 0.078960 0.010040 0.017300 -0.075014 0.974124 -0.213204 10.574800 -0.026615 0.211774 0.976956 -1.117200 0.000000 0.000000 0.000000 1.000000
0.996879 0.078650 0.006792 0.017300 -0.075503 0.975021 -0.208888 10.574800 -0.023051 0.207723 0.977916 -1.117200 0.000000 0.000000 0.000000 1.000000
0.997147 0.075477 0.001414 0.017300 -0.073535 0.975392 -0.207856 10.574800 -0.017068 0.207159 0.978158 -1.117200 0.000000 0.000000 0.000000 1.000000
0.997368 0.072382 -0.004224 0.017300 -0.071636 0.974747 -0.211509 10.574800 -0.011192 0.211255 0.977367 -1.117200 0.000000 0.000000 0.000000 1.000000
0.997769 0.066177 -0.008764 0.017300 -0.066546 0.975689 -0.208814 10.574800 -0.005268 0.208931 0.977916 -1.117200 0.000000 0.000000 0.000000 1.000000
0.998202 0.057881 -0.015557 0.017300 -0.059845 0.976762 -0.205800 10.574800 0.003283 0.206361 0.978470 -1.117200 0.000000 0.000000 0.000000 1.000000
0.998458 0.050517 -0.022998 0.017300 -0.054160 0.977381 -0.204435 10.574800 0.012151 0.205365 0.978610 -1.117200 0.000000 0.000000 0.000000 1.000000
0.998530 0.044864 -0.030427 0.017300 -0.050109 0.978036 -0.202325 10.574800 0.020682 0.203553 0.978846 -1.117200 0.000000 0.000000 0.000000 1.000000
0.998657 0.038065 -0.035154 0.017300 -0.044381 0.978540 -0.201219 10.574800 0.026740 0.202509 0.978915 -1.117200 0.000000 0.000000 0.000000 1.000000
0.998541 0.030502 -0.044569 0.017300 -0.038902 0.978650 -0.201819 10.574800 0.037461 0.203258 0.978408 -1.117200 0.000000 0.000000 0.000000 1.000000
0.998023 0.031755 -0.054238 0.017300 -0.041905 0.979367 -0.197698 10.574800 0.046841 0.199580 0.978761 -1.117200 0.000000 0.000000 0.000000 1.000000
0.997493 0.035961 -0.060952 0.017300 -0.047077 0.980247 -0.192095 10.574800 0.052840 0.194483 0.979482 -1.117200 0.000000 0.000000 0.000000 1.000000
0.997338 0.042376 -0.059341 0.017300 -0.053060 0.979962 -0.191988 10.574800 0.050016 0.194626 0.979602 -1.117200 0.000000 0.000000 0.000000 1.000000</float_array>
        <technique_common>
          <accessor source="#mixamorig_Spine-Matrix-animation-output-transform-array" count="40" stride="16">
            <param type="float4x4"/>
          </accessor>
        </technique_common>
      </source>
      <source id="mixamorig_Spine-Interpolations">
        <Name_array id="mixamorig_Spine-Interpolations-array" count="40">
 LINEAR LINEAR LINEAR LINEAR LINEAR LINEAR LINEAR LINEAR LINEAR LINEAR LINEAR
LINEAR LINEAR LINEAR LINEAR LINEAR LINEAR LINEAR LINEAR LINEAR LINEAR LINEAR LINEAR
LINEAR LINEAR LINEAR LINEAR LINEAR LINEAR LINEAR LINEAR LINEAR LINEAR LINEAR LINEAR
LINEAR LINEAR LINEAR LINEAR LINEAR</Name_array>
        <technique_common>
          <accessor source="#mixamorig_Spine-Interpolations-array" count="40">
            <param type="name"/>
          </accessor>
        </technique_common>
      </source>
      <sampler id="mixamorig_Spine-Matrix-animation-transform">
        <input semantic="INPUT" source="#mixamorig_Spine-Matrix-animation-input"/>
        <input semantic="OUTPUT" source="#mixamorig_Spine-Matrix-animation-output-transform"/>
        <input semantic="INTERPOLATION" source="#mixamorig_Spine-Interpolations"/>
      </sampler>
      <channel source="#mixamorig_Spine-Matrix-animation-transform" target="mixamorig_Spine/matrix"/>
    </animation>
    <animation id="mixamorig_Spine1-anim" name="mixamorig_Spine1">
      <source id="mixamorig_Spine1-Matrix-animation-input">
        <float_array id="mixamorig_Spine1-Matrix-animation-input-array" count="40">

0.000000 0.033333 0.066667 0.100000 0.133333 0.166667 0.200000 0.233333 0.266667 0.300000 0.333333 0.366667 0.400000 0.433333 0.466667 0.500000
0.533333 0.566667 0.600000 0.633333 0.666667 0.700000 0.733333 0.766667 0.800000 0.833333 0.866667 0.900000 0.933333 0.966667 1.000000 1.033333
1.066667 1.100000 1.133333 1.166667 1.200000 1.233333 1.266667 1.300000</float_array>
        <technique_common>
          <accessor source="#mixamorig_Spine1-Matrix-animation-input-array" count="40">
            <param name="TIME" type="float"/>
          </accessor>
        </technique_common>
      </source>
      <source id="mixamorig_Spine1-Matrix-animation-output-transform">
        <float_array id="mixamorig_Spine1-Matrix-animation-output-transform-array" count="640">

0.999701 0.022120 -0.010400 0.000000 -0.022353 0.999490 -0.022787 12.406000 0.009890 0.023013 0.999686 0.000000 0.000000 0.000000 0.000000 1.000000
0.999737 0.019730 -0.011694 0.000000 -0.020011 0.999502 -0.024399 12.406000 0.011207 0.024627 0.999634 0.000000 0.000000 0.000000 0.000000 1.000000
0.999807 0.016700 -0.010344 0.000000 -0.016978 0.999481 -0.027393 12.406000 0.009881 0.027563 0.999571 -0.000000 0.000000 0.000000 0.000000 1.000000
0.999873 0.013948 -0.007767 0.000000 -0.014172 0.999461 -0.029608 12.406000 0.007350 0.029715 0.999531 0.000000 0.000000 0.000000 0.000000 1.000000
0.999911 0.012014 -0.005740 0.000000 -0.012190 0.999427 -0.031578 12.406000 0.005357 0.031645 0.999485 0.000000 0.000000 0.000000 0.000000 1.000000
0.999910 0.012251 -0.005475 -0.000000 -0.012430 0.999343 -0.034034 12.406000 0.005054 0.034099 0.999406 0.000000 0.000000 0.000000 0.000000 1.000000
0.999913 0.012714 -0.003581 0.000000 -0.012838 0.999222 -0.037293 12.406000 0.003104 0.037336 0.999298 0.000000 0.000000 0.000000 0.000000 1.000000
0.999915 0.012767 -0.002667 0.000000 -0.012859 0.999197 -0.037939 12.406000 0.002181 0.037970 0.999277 0.000000 0.000000 0.000000 0.000000 1.000000
0.999899 0.014195 0.000639 -0.000000 -0.014161 0.999186 -0.037777 12.406000 -0.001175 0.037764 0.999286 0.000000 0.000000 0.000000 0.000000 1.000000
0.999872 0.015541 0.003762 -0.000000 -0.015389 0.999181 -0.037426 12.406000 -0.004341 0.037363 0.999292 0.000000 0.000000 0.000000 0.000000 1.000000
0.999852 0.015656 0.007115 0.000000 -0.015385 0.999208 -0.036687 12.406000 -0.007684 0.036572 0.999301 0.000000 0.000000 0.000000 0.000000 1.000000
0.999827 0.016011 0.009490 0.000000 -0.015658 0.999222 -0.036189 12.406000 -0.010062 0.036034 0.999300 -0.000000 0.000000 0.000000 0.000000 1.000000
0.999796 0.017032 0.010896 -0.000000 -0.016636 0.999233 -0.035451 12.406000 -0.011491 0.035263 0.999312 -0.000000 0.000000 0.000000 0.000000 1.000000
0.999757 0.018229 0.012366 -0.000000 -0.017789 0.999237 -0.034757 12.406000 -0.012990 0.034528 0.999319 0.000000 0.000000 0.000000 0.000000 1.000000
0.999715 0.018999 0.014448 0.000000 -0.018493 0.999238 -0.034374 12.406000 -0.015090 0.034097 0.999305 0.000000 0.000000 0.000000 0.000000 1.000000
0.999662 0.020514 0.015973 0.000000 -0.019950 0.999198 -0.034718 12.406000 -0.016672 0.034388 0.999269 0.000000 0.000000 0.000000 0.000000 1.000000
0.999588 0.022211 0.018170 0.000000 -0.021553 0.999132 -0.035644 12.406000 -0.018946 0.035237 0.999199 0.000000 0.000000 0.000000 0.000000 1.000000
0.999490 0.023534 0.021602 0.000000 -0.022738 0.999080 -0.036371 12.406000 -0.022438 0.035861 0.999105 -0.000000 0.000000 0.000000 0.000000 1.000000
0.999402 0.025221 0.023672 0.000000 -0.024324 0.999003 -0.037434 12.406000 -0.024593 0.036836 0.999019 0.000000 0.000000 0.000000 0.000000 1.000000
0.999322 0.027030 0.024996 0.000000 -0.026055 0.998917 -0.038555 12.406000 -0.026011 0.037878 0.998944 0.000000 0.000000 0.000000 0.000000 1.000000
0.999308 0.028814 0.023503 0.000000 -0.027876 0.998838 -0.039310 12.406000 -0.024609 0.038628 0.998951 0.000000 0.000000 0.000000 0.000000 1.000000
0.999306 0.030534 0.021322 0.000000 -0.029666 0.998762 -0.039923 12.406000 -0.022515 0.039263 0.998975 -0.000000 0.000000 0.000000 0.000000 1.000000
0.999302 0.031978 0.019310 0.000000 -0.031180 0.998700 -0.040336 12.406000 -0.020575 0.039705 0.999000 0.000000 0.000000 0.000000 0.000000 1.000000
0.999294 0.033256 0.017458 0.000000 -0.032525 0.998645 -0.040633 12.406000 -0.018786 0.040037 0.999022 -0.000000 0.000000 0.000000 0.000000 1.000000
0.999283 0.034471 0.015681 0.000000 -0.033806 0.998592 -0.040885 12.406000 -0.017068 0.040325 0.999041 -0.000000 0.000000 0.000000 0.000000 1.000000
0.999268 0.035589 0.014003 0.000000 -0.034988 0.998544 -0.041061 12.406000 -0.015444 0.040541 0.999059 -0.000000 0.000000 0.000000 0.000000 1.000000
0.999256 0.036436 0.012605 0.000000 -0.035891 0.998513 -0.041033 12.406000 -0.014081 0.040550 0.999078 0.000000 0.000000 0.000000 0.000000 1.000000
0.999269 0.036273 0.012099 0.000000 -0.035761 0.998552 -0.040184 12.406000 -0.013539 0.039722 0.999119 -0.000000 0.000000 0.000000 0.000000 1.000000
0.999311 0.035478 0.010910 0.000000 -0.035022 0.998609 -0.039408 12.406000 -0.012293 0.038999 0.999164 0.000000 0.000000 0.000000 0.000000 1.000000
0.999363 0.034483 0.009162 -0.000000 -0.034100 0.998652 -0.039145 12.406000 -0.010499 0.038808 0.999192 0.000000 0.000000 0.000000 0.000000 1.000000
0.999412 0.033447 0.007515 0.000000 -0.033129 0.998685 -0.039127 12.406000 -0.008814 0.038856 0.999206 0.000000 0.000000 0.000000 0.000000 1.000000
0.999469 0.032060 0.005881 0.000000 -0.031814 0.998767 -0.038099 12.406000 -0.007095 0.037892 0.999257 0.000000 0.000000 0.000000 0.000000 1.000000
0.999527 0.030547 0.003598 -0.000000 -0.030398 0.998889 -0.036020 12.406000 -0.004694 0.035894 0.999345 0.000000 0.000000 0.000000 0.000000 1.000000
0.999552 0.029896 0.001422 0.000000 -0.029833 0.999007 -0.033103 12.406000 -0.002410 0.033045 0.999451 -0.000000 0.000000 0.000000 0.000000 1.000000
0.999573 0.029210 -0.000792 -0.000000 -0.029221 0.999110 -0.030426 12.406000 -0.000098 0.030436 0.999537 0.000000 0.000000 0.000000 0.000000 1.000000
0.999615 0.027647 -0.002473 0.000000 -0.027706 0.999221 -0.028107 12.406000 0.001694 0.028165 0.999602 0.000000 0.000000 0.000000 0.000000 1.000000
0.999640 0.026277 -0.005457 0.000000 -0.026414 0.999296 -0.026642 12.406000 0.004753 0.026777 0.999630 0.000000 0.000000 0.000000 0.000000 1.000000
0.999650 0.025090 -0.008437 0.000000 -0.025292 0.999373 -0.024786 12.406000 0.007810 0.024991 0.999657 -0.000000 0.000000 0.000000 0.000000 1.000000
0.999659 0.023898 -0.010560 0.000000 -0.024133 0.999450 -0.022754 12.406000 0.010010 0.023001 0.999685 0.000000 0.000000 0.000000 0.000000 1.000000
0.999701 0.022120 -0.010400 -0.000000 -0.022353 0.999490 -0.022787 12.406000 0.009890 0.023012 0.999686 -0.000000 0.000000 0.000000 0.000000 1.000000</float_array>
        <technique_common>
          <accessor source="#mixamorig_Spine1-Matrix-animation-output-transform-array" count="40" stride="16">
            <param type="float4x4"/>
          </accessor>
        </technique_common>
      </source>
      <source id="mixamorig_Spine1-Interpolations">
        <Name_array id="mixamorig_Spine1-Interpolations-array" count="40">
 LINEAR LINEAR LINEAR LINEAR LINEAR LINEAR LINEAR LINEAR LINEAR LINEAR LINEAR
LINEAR LINEAR LINEAR LINEAR LINEAR LINEAR LINEAR LINEAR LINEAR LINEAR LINEAR LINEAR
LINEAR LINEAR LINEAR LINEAR LINEAR LINEAR LINEAR LINEAR LINEAR LINEAR LINEAR LINEAR
LINEAR LINEAR LINEAR LINEAR LINEAR</Name_array>
        <technique_common>
          <accessor source="#mixamorig_Spine1-Interpolations-array" count="40">
            <param type="name"/>
          </accessor>
        </technique_common>
      </source>
      <sampler id="mixamorig_Spine1-Matrix-animation-transform">
        <input semantic="INPUT" source="#mixamorig_Spine1-Matrix-animation-input"/>
        <input semantic="OUTPUT" source="#mixamorig_Spine1-Matrix-animation-output-transform"/>
        <input semantic="INTERPOLATION" source="#mixamorig_Spine1-Interpolations"/>
      </sampler>
      <channel source="#mixamorig_Spine1-Matrix-animation-transform" target="mixamorig_Spine1/matrix"/>
    </animation>
    <animation id="mixamorig_Spine2-anim" name="mixamorig_Spine2">
      <source id="mixamorig_Spine2-Matrix-animation-input">
        <float_array id="mixamorig_Spine2-Matrix-animation-input-array" count="40">

0.000000 0.033333 0.066667 0.100000 0.133333 0.166667 0.200000 0.233333 0.266667 0.300000 0.333333 0.366667 0.400000 0.433333 0.466667 0.500000
0.533333 0.566667 0.600000 0.633333 0.666667 0.700000 0.733333 0.766667 0.800000 0.833333 0.866667 0.900000 0.933333 0.966667 1.000000 1.033333
1.066667 1.100000 1.133333 1.166667 1.200000 1.233333 1.266667 1.300000</float_array>
        <technique_common>
          <accessor source="#mixamorig_Spine2-Matrix-animation-input-array" count="40">
            <param name="TIME" type="float"/>
          </accessor>
        </technique_common>
      </source>
      <source id="mixamorig_Spine2-Matrix-animation-output-transform">
        <float_array id="mixamorig_Spine2-Matrix-animation-output-transform-array" count="640">

0.999747 0.019249 -0.011655 -0.000000 -0.020582 0.991581 -0.127840 14.178300 0.009096 0.128048 0.991726 0.000000 0.000000 0.000000 0.000000 1.000000
0.999779 0.016660 -0.012834 0.000000 -0.018183 0.991419 -0.129451 14.178300 0.010568 0.129656 0.991503 0.000000 0.000000 0.000000 0.000000 1.000000
0.999840 0.013794 -0.011351 -0.000000 -0.015176 0.991081 -0.132393 14.178300 0.009424 0.132544 0.991132 -0.000000 0.000000 0.000000 0.000000 1.000000
0.999898 0.011378 -0.008660 -0.000000 -0.012440 0.990829 -0.134551 14.178300 0.007050 0.134645 0.990869 0.000000 0.000000 0.000000 0.000000 1.000000
0.999932 0.009711 -0.006519 -0.000000 -0.010510 0.990588 -0.136474 14.178300 0.005133 0.136534 0.990622 -0.000000 0.000000 0.000000 0.000000 1.000000
0.999930 0.009965 -0.006307 0.000000 -0.010745 0.990248 -0.138902 14.178300 0.004861 0.138960 0.990286 0.000000 0.000000 0.000000 0.000000 1.000000
0.999933 0.010676 -0.004471 0.000000 -0.011203 0.989788 -0.142109 14.178300 0.002908 0.142149 0.989841 0.000000 0.000000 0.000000 0.000000 1.000000
0.999935 0.010854 -0.003554 0.000000 -0.011250 0.989697 -0.142736 14.178300 0.001968 0.142767 0.989754 0.000000 0.000000 0.000000 0.000000 1.000000
0.999919 0.012746 -0.000374 0.000000 -0.012669 0.989707 -0.142543 14.178300 -0.001447 0.142536 0.989789 0.000000 0.000000 0.000000 0.000000 1.000000
0.999891 0.014534 0.002632 0.000000 -0.014012 0.989744 -0.142163 14.178300 -0.004671 0.142110 0.989840 0.000000 0.000000 0.000000 0.000000 1.000000
0.999868 0.015128 0.006000 0.000000 -0.014128 0.989852 -0.141399 14.178300 -0.008078 0.141296 0.989934 -0.000000 0.000000 0.000000 0.000000 1.000000
0.999840 0.015826 0.008375 0.000000 -0.014489 0.989920 -0.140881 14.178300 -0.010520 0.140738 0.989991 0.000000 0.000000 0.000000 0.000000 1.000000
0.999807 0.017053 0.009732 -0.000000 -0.015522 0.990012 -0.140125 14.178300 -0.012025 0.139947 0.990086 0.000000 0.000000 0.000000 0.000000 1.000000
0.999767 0.018472 0.011172 0.000000 -0.016735 0.990094 -0.139408 14.178300 -0.013636 0.139188 0.990172 0.000000 0.000000 0.000000 0.000000 1.000000
0.999721 0.019551 0.013244 -0.000000 -0.017522 0.990139 -0.138991 14.178300 -0.015831 0.138720 0.990205 -0.000000 0.000000 0.000000 0.000000 1.000000
0.999664 0.021315 0.014731 -0.000000 -0.019058 0.990068 -0.139294 14.178300 -0.017554 0.138966 0.990142 0.000000 0.000000 0.000000 0.000000 1.000000
0.999584 0.023367 0.016877 0.000000 -0.020774 0.989911 -0.140156 14.178300 -0.019981 0.139747 0.989986 0.000000 0.000000 0.000000 0.000000 1.000000
0.999477 0.025212 0.020254 0.000000 -0.022115 0.989790 -0.140805 14.178300 -0.023597 0.140283 0.989830 0.000000 0.000000 0.000000 0.000000 1.000000
0.999383 0.027220 0.022212 0.000000 -0.023802 0.989609 -0.141801 14.178300 -0.025841 0.141185 0.989646 -0.000000 0.000000 0.000000 0.000000 1.000000
0.999298 0.029238 0.023404 -0.000000 -0.025602 0.989411 -0.142865 14.178300 -0.027333 0.142166 0.989465 0.000000 0.000000 0.000000 0.000000 1.000000
0.999288 0.030806 0.021765 0.000000 -0.027369 0.989255 -0.143617 14.178300 -0.025956 0.142919 0.989394 0.000000 0.000000 0.000000 0.000000 1.000000
0.999292 0.032207 0.019439 0.000000 -0.029073 0.989115 -0.144241 14.178300 -0.023873 0.143574 0.989352 0.000000 0.000000 0.000000 0.000000 1.000000
0.999294 0.033355 0.017302 0.000000 -0.030507 0.989010 -0.144665 14.178300 -0.021937 0.144035 0.989329 0.000000 0.000000 0.000000 0.000000 1.000000
0.999292 0.034360 0.015337 0.000000 -0.031778 0.988925 -0.144975 14.178300 -0.020149 0.144384 0.989317 0.000000 0.000000 0.000000 0.000000 1.000000
0.999286 0.035312 0.013452 0.000000 -0.032988 0.988847 -0.145237 14.178300 -0.018431 0.144690 0.989305 0.000000 0.000000 0.000000 0.000000 1.000000
0.999277 0.036181 0.011672 0.000000 -0.034103 0.988781 -0.145425 14.178300 -0.016802 0.144922 0.989300 0.000000 0.000000 0.000000 0.000000 1.000000
0.999270 0.036815 0.010187 0.000000 -0.034946 0.988754 -0.145410 14.178300 -0.015426 0.144948 0.989319 0.000000 0.000000 0.000000 0.000000 1.000000
0.999285 0.036556 0.009655 0.000000 -0.034778 0.988882 -0.144577 14.178300 -0.014833 0.144138 0.989446 -0.000000 0.000000 0.000000 0.000000 1.000000
0.999331 0.035575 0.008519 0.000000 -0.033982 0.989017 -0.143842 14.178300 -0.013543 0.143456 0.989564 0.000000 0.000000 0.000000 0.000000 1.000000
0.999387 0.034327 0.006866 0.000000 -0.032986 0.989081 -0.143632 14.178300 -0.011721 0.143318 0.989607 0.000000 0.000000 0.000000 0.000000 1.000000
0.999439 0.033061 0.005337 0.000000 -0.031952 0.989111 -0.143663 14.178300 -0.010029 0.143411 0.989612 0.000000 0.000000 0.000000 0.000000 1.000000
0.999498 0.031436 0.003828 0.000000 -0.030568 0.989294 -0.142698 14.178300 -0.008273 0.142509 0.989759 0.000000 0.000000 0.000000 0.000000 1.000000
0.999560 0.029599 0.001694 -0.000000 -0.029066 0.989624 -0.140707 14.178300 -0.005841 0.140596 0.990050 0.000000 0.000000 0.000000 0.000000 1.000000
0.999589 0.028650 -0.000385 0.000000 -0.028429 0.990041 -0.137876 14.178300 -0.003569 0.137830 0.990449 -0.000000 0.000000 0.000000 0.000000 1.000000
0.999614 0.027664 -0.002522 -0.000000 -0.027751 0.990419 -0.135277 14.178300 -0.001245 0.135295 0.990805 0.000000 0.000000 0.000000 0.000000 1.000000
0.999657 0.025877 -0.004072 0.000000 -0.026189 0.990768 -0.133015 14.178300 0.000593 0.133076 0.991106 0.000000 0.000000 0.000000 0.000000 1.000000
0.999686 0.024100 -0.006923 0.000000 -0.024801 0.990991 -0.131610 14.178300 0.003688 0.131740 0.991277 -0.000000 0.000000 0.000000 0.000000 1.000000
0.999698 0.022498 -0.009837 0.000000 -0.023586 0.991258 -0.129809 14.178300 0.006830 0.130002 0.991490 0.000000 0.000000 0.000000 0.000000 1.000000
0.999708 0.021018 -0.011906 0.000000 -0.022369 0.991545 -0.127819 14.178300 0.009118 0.128048 0.991726 0.000000 0.000000 0.000000 0.000000 1.000000
0.999747 0.019249 -0.011655 0.000000 -0.020582 0.991581 -0.127840 14.178300 0.009096 0.128048 0.991726 -0.000000 0.000000 0.000000 0.000000 1.000000</float_array>
        <technique_common>
          <accessor source="#mixamorig_Spine2-Matrix-animation-output-transform-array" count="40" stride="16">
            <param type="float4x4"/>
          </accessor>
        </technique_common>
      </source>
      <source id="mixamorig_Spine2-Interpolations">
        <Name_array id="mixamorig_Spine2-Interpolations-array" count="40">
 LINEAR LINEAR LINEAR LINEAR LINEAR LINEAR LINEAR LINEAR LINEAR LINEAR LINEAR
LINEAR LINEAR LINEAR LINEAR LINEAR LINEAR LINEAR LINEAR LINEAR LINEAR LINEAR LINEAR
LINEAR LINEAR LINEAR LINEAR LINEAR LINEAR LINEAR LINEAR LINEAR LINEAR LINEAR LINEAR
LINEAR LINEAR LINEAR LINEAR LINEAR</Name_array>
        <technique_common>
          <accessor source="#mixamorig_Spine2-Interpolations-array" count="40">
            <param type="name"/>
          </accessor>
        </technique_common>
      </source>
      <sampler id="mixamorig_Spine2-Matrix-animation-transform">
        <input semantic="INPUT" source="#mixamorig_Spine2-Matrix-animation-input"/>
        <input semantic="OUTPUT" source="#mixamorig_Spine2-Matrix-animation-output-transform"/>
        <input semantic="INTERPOLATION" source="#mixamorig_Spine2-Interpolations"/>
      </sampler>
      <channel source="#mixamorig_Spine2-Matrix-animation-transform" target="mixamorig_Spine2/matrix"/>
    </animation>
    <animation id="mixamorig_Neck-anim" name="mixamorig_Neck">
      <source id="mixamorig_Neck-Matrix-animation-input">
        <float_array id="mixamorig_Neck-Matrix-animation-input-array" count="40">

0.000000 0.033333 0.066667 0.100000 0.133333 0.166667 0.200000 0.233333 0.266667 0.300000 0.333333 0.366667 0.400000 0.433333 0.466667 0.500000
0.533333 0.566667 0.600000 0.633333 0.666667 0.700000 0.733333 0.766667 0.800000 0.833333 0.866667 0.900000 0.933333 0.966667 1.000000 1.033333
1.066667 1.100000 1.133333 1.166667 1.200000 1.233333 1.266667 1.300000</float_array>
        <technique_common>
          <accessor source="#mixamorig_Neck-Matrix-animation-input-array" count="40">
            <param name="TIME" type="float"/>
          </accessor>
        </technique_common>
      </source>
      <source id="mixamorig_Neck-Matrix-animation-output-transform">
        <float_array id="mixamorig_Neck-Matrix-animation-output-transform-array" count="640">

0.963184 0.030797 0.267072 0.024400 -0.020290 0.998911 -0.042016 15.862300 -0.268076 0.035050 0.962760 -1.675800 0.000000 0.000000 0.000000 1.000000
0.959178 0.028851 0.281328 0.024400 -0.020231 0.999234 -0.033496 15.862300 -0.282079 0.026437 0.959027 -1.675800 0.000000 0.000000 0.000000 1.000000
0.956807 0.029496 0.289223 0.024400 -0.025807 0.999530 -0.016561 15.862300 -0.289576 0.008382 0.957118 -1.675800 0.000000 0.000000 0.000000 1.000000
0.952494 0.038157 0.302158 0.024400 -0.037599 0.999264 -0.007663 15.862300 -0.302228 -0.004062 0.953227 -1.675800 0.000000 0.000000 0.000000 1.000000
0.947289 0.045281 0.317165 0.024400 -0.047266 0.998881 -0.001437 15.862300 -0.316875 -0.013630 0.948369 -1.675800 0.000000 0.000000 0.000000 1.000000
0.943326 0.047420 0.328461 0.024400 -0.052327 0.998611 0.006112 15.862300 -0.327715 -0.022953 0.944498 -1.675800 0.000000 0.000000 0.000000 1.000000
0.939411 0.047957 0.339423 0.024400 -0.055115 0.998414 0.011474 15.862300 -0.338334 -0.029486 0.940564 -1.675800 0.000000 0.000000 0.000000 1.000000
0.933361 0.054786 0.354734 0.024400 -0.064263 0.997821 0.014981 15.862300 -0.353140 -0.036779 0.934847 -1.675800 0.000000 0.000000 0.000000 1.000000
0.928867 0.049778 0.367054 0.024400 -0.062057 0.997836 0.021719 15.862300 -0.365179 -0.042953 0.929946 -1.675800 0.000000 0.000000 0.000000 1.000000
0.923944 0.046538 0.379687 0.024400 -0.062549 0.997593 0.029935 15.862300 -0.377380 -0.051408 0.924630 -1.675800 0.000000 0.000000 0.000000 1.000000
0.919553 0.051400 0.389591 0.024400 -0.069064 0.997116 0.031460 15.862300 -0.386850 -0.055836 0.920451 -1.675800 0.000000 0.000000 0.000000 1.000000
0.915571 0.050544 0.398968 0.024400 -0.070265 0.996916 0.034951 15.862300 -0.395971 -0.060033 0.916298 -1.675800 0.000000 0.000000 0.000000 1.000000
0.912229 0.045720 0.407121 0.024400 -0.066396 0.997115 0.036795 15.862300 -0.404264 -0.060597 0.912633 -1.675800 0.000000 0.000000 0.000000 1.000000
0.908415 0.044865 0.415656 0.024400 -0.065577 0.997209 0.035680 15.862300 -0.412895 -0.059670 0.908822 -1.675800 0.000000 0.000000 0.000000 1.000000
0.904707 0.047223 0.423409 0.024400 -0.068068 0.997093 0.034236 15.862300 -0.420561 -0.059794 0.905291 -1.675800 0.000000 0.000000 0.000000 1.000000
0.901975 0.047641 0.429152 0.024400 -0.068169 0.997142 0.032580 15.862300 -0.426374 -0.058642 0.902644 -1.675800 0.000000 0.000000 0.000000 1.000000
0.899511 0.050680 0.433948 0.024400 -0.069111 0.997249 0.026789 15.862300 -0.431397 -0.054088 0.900540 -1.675800 0.000000 0.000000 0.000000 1.000000
0.898217 0.055908 0.435983 0.024400 -0.069581 0.997457 0.015442 15.862300 -0.434011 -0.044207 0.899822 -1.675800 0.000000 0.000000 0.000000 1.000000
0.896455 0.060923 0.438927 0.024400 -0.071172 0.997440 0.006915 15.862300 -0.437382 -0.037439 0.898496 -1.675800 0.000000 0.000000 0.000000 1.000000
0.894521 0.065238 0.442241 0.024400 -0.075247 0.997152 0.005105 15.862300 -0.440648 -0.037844 0.896882 -1.675800 0.000000 0.000000 0.000000 1.000000
0.893180 0.069097 0.444360 0.024400 -0.078414 0.996918 0.002596 15.862300 -0.442810 -0.037163 0.895845 -1.675800 0.000000 0.000000 0.000000 1.000000
0.892311 0.072442 0.445571 0.024400 -0.080987 0.996715 0.000138 15.862300 -0.444098 -0.036208 0.895247 -1.675800 0.000000 0.000000 0.000000 1.000000
0.891855 0.075314 0.446007 0.024400 -0.083076 0.996541 -0.002156 15.862300 -0.444627 -0.035130 0.895027 -1.675800 0.000000 0.000000 0.000000 1.000000
0.893150 0.076000 0.443292 0.024400 -0.083362 0.996515 -0.002887 15.862300 -0.441966 -0.034375 0.896373 -1.675800 0.000000 0.000000 0.000000 1.000000
0.894311 0.075481 0.441033 0.024400 -0.082436 0.996591 -0.003402 15.862300 -0.439786 -0.033314 0.897484 -1.675800 0.000000 0.000000 0.000000 1.000000
0.895727 0.077430 0.437810 0.024400 -0.084521 0.996416 -0.003299 15.862300 -0.436496 -0.034049 0.899061 -1.675800 0.000000 0.000000 0.000000 1.000000
0.897312 0.076802 0.434665 0.024400 -0.086336 0.996264 0.002198 15.862300 -0.432872 -0.039499 0.900590 -1.675800 0.000000 0.000000 0.000000 1.000000
0.900361 0.074407 0.428735 0.024400 -0.086550 0.996208 0.008867 15.862300 -0.426449 -0.045090 0.903387 -1.675800 0.000000 0.000000 0.000000 1.000000
0.902194 0.076897 0.424421 0.024400 -0.090669 0.995805 0.012314 15.862300 -0.421694 -0.049591 0.905381 -1.675800 0.000000 0.000000 0.000000 1.000000
0.905124 0.079567 0.417636 0.024400 -0.091949 0.995718 0.009576 15.862300 -0.415085 -0.047068 0.908564 -1.675800 0.000000 0.000000 0.000000 1.000000
0.908834 0.083451 0.408726 0.024400 -0.091477 0.995807 0.000088 15.862300 -0.407005 -0.037469 0.912657 -1.675800 0.000000 0.000000 0.000000 1.000000
0.913091 0.086105 0.398560 0.024400 -0.088568 0.995995 -0.012268 15.862300 -0.398020 -0.024098 0.917060 -1.675800 0.000000 0.000000 0.000000 1.000000
0.917761 0.084757 0.387983 0.024400 -0.082243 0.996344 -0.023114 15.862300 -0.388523 -0.010696 0.921377 -1.675800 0.000000 0.000000 0.000000 1.000000
0.924085 0.077494 0.374247 0.024400 -0.070041 0.996981 -0.033499 15.862300 -0.375713 0.004744 0.926724 -1.675800 0.000000 0.000000 0.000000 1.000000
0.930007 0.075057 0.359796 0.024400 -0.062446 0.996961 -0.046565 15.862300 -0.362198 0.020838 0.931868 -1.675800 0.000000 0.000000 0.000000 1.000000
0.936653 0.074204 0.342309 0.024400 -0.057028 0.996569 -0.059984 15.862300 -0.345586 0.036663 0.937671 -1.675800 0.000000 0.000000 0.000000 1.000000
