<?xml version="1.0" encoding="utf-8"?>
<COLLADA xmlns="http://www.collada.org/2005/11/COLLADASchema" version="1.4.1">
  <asset>
    <contributor>
      <author>Mixamo</author>
      <authoring_tool>COLLADA Mixamo exporter</authoring_tool>
      <comments/>
    </contributor>
    <created>2022-12-10T03:26:05Z</created>
    <modified>2022-12-10T03:26:05Z</modified>
    <revision/>
    <title/>
    <unit meter="0.010000"/>
    <up_axis>Y_UP</up_axis>
  </asset>
  <library_animations>
    <animation id="mixamorig_Hips-anim" name="mixamorig_Hips">
      <source id="mixamorig_Hips-Matrix-animation-input">
        <float_array id="mixamorig_Hips-Matrix-animation-input-array" count="74">

0.000000 0.033333 0.066667 0.100000 0.133333 0.166667 0.200000 0.233333 0.266667 0.300000 0.333333 0.366667 0.400000 0.433333 0.466667 0.500000
0.533333 0.566667 0.600000 0.633333 0.666667 0.700000 0.733333 0.766667 0.800000 0.833333 0.866667 0.900000 0.933333 0.966667 1.000000 1.033333
1.066667 1.100000 1.133333 1.166667 1.200000 1.233333 1.266667 1.300000 1.333333 1.366667 1.400000 1.433333 1.466667 1.500000 1.533333 1.566667
1.600000 1.633333 1.666667 1.700000 1.733333 1.766667 1.800000 1.833333 1.866667 1.900000 1.933333 1.966667 2.000000 2.033333 2.066667 2.100000
2.133333 2.166667 2.200000 2.233333 2.266667 2.300000 2.333333 2.366667 2.400000 2.433333</float_array>
        <technique_common>
          <accessor source="#mixamorig_Hips-Matrix-animation-input-array" count="74">
            <param name="TIME" type="float"/>
          </accessor>
        </technique_common>
      </source>
      <source id="mixamorig_Hips-Matrix-animation-output-transform">
        <float_array id="mixamorig_Hips-Matrix-animation-output-transform-array" count="1184">

0.772667 -0.195740 -0.603880 0.016705 0.126356 0.979662 -0.155871 41.088882 0.622109 0.044133 0.781686 0.053627 0.000000 0.000000 0.000000 1.000000
0.772770 -0.195561 -0.603807 0.021617 0.126577 0.979722 -0.155317 41.075153 0.621937 0.043596 0.781853 0.053524 0.000000 0.000000 0.000000 1.000000
0.772872 -0.195386 -0.603733 0.026505 0.126794 0.979780 -0.154769 41.059990 0.621766 0.043067 0.782018 0.053418 0.000000 0.000000 0.000000 1.000000
0.772969 -0.195220 -0.603662 0.031272 0.126999 0.979835 -0.154254 41.035484 0.621603 0.042570 0.782175 0.053294 0.000000 0.000000 0.000000 1.000000
0.773073 -0.195041 -0.603587 0.036235 0.127222 0.979894 -0.153694 41.003620 0.621428 0.042027 0.782343 0.053204 0.000000 0.000000 0.000000 1.000000
0.773182 -0.194845 -0.603510 0.041403 0.127464 0.979958 -0.153084 40.966347 0.621243 0.041436 0.782522 0.053148 0.000000 0.000000 0.000000 1.000000
0.773295 -0.194639 -0.603432 0.046716 0.127719 0.980026 -0.152440 40.924854 0.621049 0.040811 0.782708 0.053110 0.000000 0.000000 0.000000 1.000000
0.773411 -0.194428 -0.603352 0.052105 0.127981 0.980094 -0.151777 40.880302 0.620851 0.040169 0.782899 0.053093 0.000000 0.000000 0.000000 1.000000
0.773526 -0.194216 -0.603272 0.057513 0.128245 0.980162 -0.151113 40.833828 0.620653 0.039523 0.783089 0.053075 0.000000 0.000000 0.000000 1.000000
0.773641 -0.194008 -0.603192 0.062856 0.128503 0.980229 -0.150461 40.786633 0.620457 0.038891 0.783275 0.053033 0.000000 0.000000 0.000000 1.000000
0.773752 -0.193809 -0.603114 0.068087 0.128749 0.980292 -0.149838 40.739849 0.620268 0.038287 0.783455 0.052997 0.000000 0.000000 0.000000 1.000000
0.773857 -0.193624 -0.603038 0.073139 0.128978 0.980350 -0.149260 40.694675 0.620088 0.037727 0.783624 0.052911 0.000000 0.000000 0.000000 1.000000
0.773956 -0.193459 -0.602965 0.077943 0.129183 0.980402 -0.148741 40.652241 0.619923 0.037226 0.783779 0.052805 0.000000 0.000000 0.000000 1.000000
0.774045 -0.193318 -0.602895 0.082435 0.129358 0.980446 -0.148298 40.613731 0.619775 0.036800 0.783917 0.052639 0.000000 0.000000 0.000000 1.000000
0.774123 -0.193209 -0.602829 0.086556 0.129501 0.980480 -0.147949 40.580315 0.619647 0.036464 0.784033 0.052419 0.000000 0.000000 0.000000 1.000000
0.774178 -0.193113 -0.602790 0.090233 0.129581 0.980507 -0.147696 40.553146 0.619562 0.036233 0.784111 0.052115 0.000000 0.000000 0.000000 1.000000
0.774204 -0.193060 -0.602773 0.093403 0.129608 0.980522 -0.147578 40.533394 0.619524 0.036131 0.784146 0.051738 0.000000 0.000000 0.000000 1.000000
0.774222 -0.193061 -0.602750 0.096004 0.129601 0.980521 -0.147591 40.522209 0.619503 0.036151 0.784162 0.051270 0.000000 0.000000 0.000000 1.000000
0.774233 -0.193142 -0.602710 0.097991 0.129559 0.980498 -0.147778 40.520813 0.619498 0.036328 0.784157 0.050650 0.000000 0.000000 0.000000 1.000000
0.774246 -0.193251 -0.602658 0.099537 0.129429 0.980463 -0.148120 40.529667 0.619508 0.036680 0.784133 0.049480 0.000000 0.000000 0.000000 1.000000
0.774260 -0.193400 -0.602593 0.100717 0.129231 0.980415 -0.148615 40.547817 0.619533 0.037193 0.784089 0.047754 0.000000 0.000000 0.000000 1.000000
0.774271 -0.193591 -0.602518 0.101554 0.128977 0.980352 -0.149248 40.574200 0.619572 0.037847 0.784026 0.045561 0.000000 0.000000 0.000000 1.000000
0.774248 -0.193820 -0.602473 0.102060 0.128669 0.980276 -0.150008 40.607700 0.619664 0.038624 0.783916 0.043006 0.000000 0.000000 0.000000 1.000000
0.774214 -0.194081 -0.602433 0.102253 0.128317 0.980190 -0.150874 40.647228 0.619781 0.039506 0.783780 0.040169 0.000000 0.000000 0.000000 1.000000
0.774170 -0.194369 -0.602396 0.102167 0.127930 0.980093 -0.151827 40.691658 0.619914 0.040475 0.783625 0.037178 0.000000 0.000000 0.000000 1.000000
0.774119 -0.194679 -0.602361 0.101804 0.127516 0.979988 -0.152849 40.739891 0.620063 0.041513 0.783453 0.034093 0.000000 0.000000 0.000000 1.000000
0.774061 -0.195005 -0.602331 0.101197 0.127081 0.979877 -0.153923 40.790863 0.620225 0.042601 0.783266 0.031044 0.000000 0.000000 0.000000 1.000000
0.773997 -0.195343 -0.602303 0.100365 0.126634 0.979760 -0.155030 40.843426 0.620397 0.043721 0.783069 0.028103 0.000000 0.000000 0.000000 1.000000
0.773927 -0.195688 -0.602281 0.099318 0.126182 0.979640 -0.156154 40.896500 0.620576 0.044855 0.782862 0.025370 0.000000 0.000000 0.000000 1.000000
0.773852 -0.196035 -0.602265 0.098091 0.125732 0.979518 -0.157277 40.948975 0.620761 0.045985 0.782650 0.022973 0.000000 0.000000 0.000000 1.000000
0.773773 -0.196379 -0.602255 0.096689 0.125292 0.979396 -0.158381 40.999786 0.620949 0.047093 0.782435 0.020980 0.000000 0.000000 0.000000 1.000000
0.773689 -0.196715 -0.602253 0.095139 0.124870 0.979277 -0.159448 41.047821 0.621138 0.048160 0.782220 0.019491 0.000000 0.000000 0.000000 1.000000
0.773602 -0.197037 -0.602259 0.093459 0.124473 0.979162 -0.160461 41.091942 0.621326 0.049168 0.782008 0.018608 0.000000 0.000000 0.000000 1.000000
0.773513 -0.197342 -0.602274 0.091671 0.124109 0.979054 -0.161403 41.131104 0.621510 0.050099 0.781802 0.018437 0.000000 0.000000 0.000000 1.000000
0.773421 -0.197623 -0.602300 0.089795 0.123785 0.978954 -0.162255 41.164192 0.621689 0.050936 0.781606 0.019064 0.000000 0.000000 0.000000 1.000000
0.773327 -0.197876 -0.602337 0.087846 0.123509 0.978865 -0.163000 41.190090 0.621860 0.051659 0.781422 0.020591 0.000000 0.000000 0.000000 1.000000
0.773233 -0.198096 -0.602386 0.085844 0.123289 0.978789 -0.163621 41.207733 0.622021 0.052250 0.781255 0.023124 0.000000 0.000000 0.000000 1.000000
0.773138 -0.198278 -0.602448 0.083814 0.123132 0.978729 -0.164101 41.216019 0.622170 0.052692 0.781107 0.026750 0.000000 0.000000 0.000000 1.000000
0.773039 -0.198445 -0.602521 0.081752 0.123067 0.978680 -0.164441 41.213760 0.622307 0.052969 0.780979 0.031618 0.000000 0.000000 0.000000 1.000000
0.772928 -0.198561 -0.602624 0.079399 0.123053 0.978649 -0.164630 41.199509 0.622447 0.053093 0.780859 0.038527 0.000000 0.000000 0.000000 1.000000
0.772805 -0.198628 -0.602760 0.076661 0.123074 0.978636 -0.164696 41.173904 0.622596 0.053094 0.780740 0.047598 0.000000 0.000000 0.000000 1.000000
0.772665 -0.198693 -0.602918 0.073587 0.123157 0.978628 -0.164678 41.138409 0.622753 0.052987 0.780622 0.058514 0.000000 0.000000 0.000000 1.000000
0.772511 -0.198748 -0.603097 0.070222 0.123296 0.978629 -0.164572 41.094463 0.622916 0.052774 0.780507 0.070992 0.000000 0.000000 0.000000 1.000000
0.772349 -0.198786 -0.603293 0.066631 0.123476 0.978637 -0.164386 41.043449 0.623082 0.052471 0.780394 0.084724 0.000000 0.000000 0.000000 1.000000
0.772180 -0.198808 -0.603501 0.062851 0.123689 0.978653 -0.164132 40.986832 0.623249 0.052093 0.780286 0.099402 0.000000 0.000000 0.000000 1.000000
0.772007 -0.198815 -0.603720 0.058928 0.123930 0.978675 -0.163819 40.925987 0.623415 0.051650 0.780183 0.114745 0.000000 0.000000 0.000000 1.000000
0.771833 -0.198809 -0.603944 0.054926 0.124193 0.978702 -0.163457 40.862381 0.623578 0.051156 0.780086 0.130428 0.000000 0.000000 0.000000 1.000000
0.771662 -0.198791 -0.604169 0.050888 0.124471 0.978734 -0.163057 40.797443 0.623735 0.050623 0.779995 0.146173 0.000000 0.000000 0.000000 1.000000
0.771494 -0.198761 -0.604393 0.046854 0.124757 0.978768 -0.162629 40.732574 0.623885 0.050064 0.779911 0.161672 0.000000 0.000000 0.000000 1.000000
0.771334 -0.198721 -0.604610 0.042882 0.125047 0.978806 -0.162182 40.669205 0.624025 0.049492 0.779836 0.176626 0.000000 0.000000 0.000000 1.000000
0.771184 -0.198673 -0.604817 0.039021 0.125333 0.978844 -0.161727 40.608765 0.624153 0.048918 0.779769 0.190726 0.000000 0.000000 0.000000 1.000000
0.771047 -0.198616 -0.605010 0.035317 0.125609 0.978884 -0.161273 40.552666 0.624266 0.048355 0.779714 0.203692 0.000000 0.000000 0.000000 1.000000
0.770925 -0.198553 -0.605187 0.031822 0.125868 0.978923 -0.160832 40.502365 0.624365 0.047816 0.779668 0.215202 0.000000 0.000000 0.000000 1.000000
0.770826 -0.198484 -0.605336 0.028581 0.126106 0.978961 -0.160412 40.459278 0.624440 0.047313 0.779639 0.224976 0.000000 0.000000 0.000000 1.000000
0.770763 -0.198410 -0.605441 0.025645 0.126317 0.978998 -0.160020 40.424805 0.624475 0.046860 0.779638 0.232691 0.000000 0.000000 0.000000 1.000000
0.770716 -0.198333 -0.605525 0.023063 0.126491 0.979033 -0.159672 40.400402 0.624497 0.046468 0.779644 0.238066 0.000000 0.000000 0.000000 1.000000
0.770689 -0.198255 -0.605586 0.020882 0.126623 0.979063 -0.159378 40.387497 0.624504 0.046150 0.779657 0.240795 0.000000 0.000000 0.000000 1.000000
0.770684 -0.198148 -0.605627 0.019139 0.126691 0.979097 -0.159120 40.387039 0.624497 0.045904 0.779677 0.240612 0.000000 0.000000 0.000000 1.000000
0.770698 -0.198024 -0.605650 0.017792 0.126725 0.979132 -0.158877 40.397671 0.624473 0.045695 0.779709 0.237572 0.000000 0.000000 0.000000 1.000000
0.770747 -0.197897 -0.605629 0.016801 0.126749 0.979166 -0.158649 40.418114 0.624407 0.045515 0.779772 0.231983 0.000000 0.000000 0.000000 1.000000
0.770830 -0.197769 -0.605565 0.016113 0.126763 0.979199 -0.158433 40.447144 0.624302 0.045361 0.779865 0.224155 0.000000 0.000000 0.000000 1.000000
0.770933 -0.197640 -0.605476 0.015696 0.126769 0.979231 -0.158231 40.483540 0.624173 0.045229 0.779976 0.214418 0.000000 0.000000 0.000000 1.000000
0.771052 -0.197513 -0.605365 0.015489 0.126769 0.979262 -0.158039 40.526146 0.624025 0.045115 0.780101 0.203044 0.000000 0.000000 0.000000 1.000000
0.771185 -0.197385 -0.605237 0.015475 0.126762 0.979292 -0.157857 40.573723 0.623863 0.045016 0.780237 0.190397 0.000000 0.000000 0.000000 1.000000
0.771333 -0.197220 -0.605102 0.015592 0.126721 0.979329 -0.157657 40.625122 0.623688 0.044927 0.780381 0.176762 0.000000 0.000000 0.000000 1.000000
0.771489 -0.197052 -0.604959 0.015799 0.126675 0.979367 -0.157461 40.679119 0.623505 0.044846 0.780532 0.162439 0.000000 0.000000 0.000000 1.000000
0.771648 -0.196881 -0.604811 0.016061 0.126625 0.979405 -0.157266 40.734505 0.623318 0.044769 0.780686 0.147750 0.000000 0.000000 0.000000 1.000000
0.771808 -0.196710 -0.604663 0.016329 0.126575 0.979443 -0.157070 40.790131 0.623130 0.044693 0.780840 0.133011 0.000000 0.000000 0.000000 1.000000
0.771965 -0.196541 -0.604517 0.016565 0.126527 0.979480 -0.156875 40.844727 0.622945 0.044614 0.780992 0.118527 0.000000 0.000000 0.000000 1.000000
0.772116 -0.196374 -0.604379 0.016720 0.126484 0.979517 -0.156676 40.897160 0.622767 0.044528 0.781140 0.104613 0.000000 0.000000 0.000000 1.000000
0.772257 -0.196215 -0.604251 0.016755 0.126450 0.979554 -0.156477 40.946205 0.622599 0.044433 0.781279 0.091573 0.000000 0.000000 0.000000 1.000000
0.772389 -0.196057 -0.604133 0.016741 0.126421 0.979590 -0.156272 40.992004 0.622441 0.044328 0.781410 0.079389 0.000000 0.000000 0.000000 1.000000
0.772523 -0.195935 -0.604002 0.016714 0.126418 0.979619 -0.156094 41.040192 0.622276 0.044230 0.781548 0.066578 0.000000 0.000000 0.000000 1.000000
0.772654 -0.195885 -0.603850 0.016659 0.126438 0.979631 -0.156002 41.088879 0.622109 0.044186 0.781683 0.053629 0.000000 0.000000 0.000000 1.000000</float_array>
        <technique_common>
          <accessor source="#mixamorig_Hips-Matrix-animation-output-transform-array" count="74" stride="16">
            <param type="float4x4"/>
          </accessor>
        </technique_common>
      </source>
      <source id="mixamorig_Hips-Interpolations">
        <Name_array id="mixamorig_Hips-Interpolations-array" count="74">
 LINEAR LINEAR LINEAR LINEAR LINEAR LINEAR LINEAR LINEAR LINEAR LINEAR LINEAR
LINEAR LINEAR LINEAR LINEAR LINEAR LINEAR LINEAR LINEAR LINEAR LINEAR LINEAR LINEAR
LINEAR LINEAR LINEAR LINEAR LINEAR LINEAR LINEAR LINEAR LINEAR LINEAR LINEAR LINEAR
LINEAR LINEAR LINEAR LINEAR LINEAR LINEAR LINEAR LINEAR LINEAR LINEAR LINEAR LINEAR
LINEAR LINEAR LINEAR LINEAR LINEAR LINEAR LINEAR LINEAR LINEAR LINEAR LINEAR LINEAR
LINEAR LINEAR LINEAR LINEAR LINEAR LINEAR LINEAR LINEAR LINEAR LINEAR LINEAR LINEAR
LINEAR LINEAR LINEAR</Name_array>
        <technique_common>
          <accessor source="#mixamorig_Hips-Interpolations-array" count="74">
            <param type="name"/>
          </accessor>
        </technique_common>
      </source>
      <sampler id="mixamorig_Hips-Matrix-animation-transform">
        <input semantic="INPUT" source="#mixamorig_Hips-Matrix-animation-input"/>
        <input semantic="OUTPUT" source="#mixamorig_Hips-Matrix-animation-output-transform"/>
        <input semantic="INTERPOLATION" source="#mixamorig_Hips-Interpolations"/>
      </sampler>
      <channel source="#mixamorig_Hips-Matrix-animation-transform" target="mixamorig_Hips/matrix"/>
    </animation>
    <animation id="mixamorig_Spine-anim" name="mixamorig_Spine">
      <source id="mixamorig_Spine-Matrix-animation-input">
        <float_array id="mixamorig_Spine-Matrix-animation-input-array" count="74">

0.000000 0.033333 0.066667 0.100000 0.133333 0.166667 0.200000 0.233333 0.266667 0.300000 0.333333 0.366667 0.400000 0.433333 0.466667 0.500000
0.533333 0.566667 0.600000 0.633333 0.666667 0.700000 0.733333 0.766667 0.800000 0.833333 0.866667 0.900000 0.933333 0.966667 1.000000 1.033333
1.066667 1.100000 1.133333 1.166667 1.200000 1.233333 1.266667 1.300000 1.333333 1.366667 1.400000 1.433333 1.466667 1.500000 1.533333 1.566667
1.600000 1.633333 1.666667 1.700000 1.733333 1.766667 1.800000 1.833333 1.866667 1.900000 1.933333 1.966667 2.000000 2.033333 2.066667 2.100000
2.133333 2.166667 2.200000 2.233333 2.266667 2.300000 2.333333 2.366667 2.400000 2.433333</float_array>
        <technique_common>
          <accessor source="#mixamorig_Spine-Matrix-animation-input-array" count="74">
            <param name="TIME" type="float"/>
          </accessor>
        </technique_common>
      </source>
      <source id="mixamorig_Spine-Matrix-animation-output-transform">
        <float_array id="mixamorig_Spine-Matrix-animation-output-transform-array" count="1184">

0.954723 0.261045 0.142686 0.017300 -0.186249 0.898475 -0.397560 10.574800 -0.231981 0.352984 0.906414 -1.117200 0.000000 0.000000 0.000000 1.000000
0.954824 0.260866 0.142340 0.017300 -0.186225 0.898510 -0.397493 10.574800 -0.231586 0.353028 0.906498 -1.117200 0.000000 0.000000 0.000000 1.000000
0.954930 0.260676 0.141973 0.017300 -0.186199 0.898547 -0.397421 10.574800 -0.231168 0.353074 0.906587 -1.117200 0.000000 0.000000 0.000000 1.000000
0.955038 0.260482 0.141602 0.017300 -0.186173 0.898589 -0.397339 10.574800 -0.230742 0.353111 0.906681 -1.117200 0.000000 0.000000 0.000000 1.000000
0.955144 0.260287 0.141244 0.017300 -0.186147 0.898640 -0.397234 10.574800 -0.230323 0.353123 0.906783 -1.117200 0.000000 0.000000 0.000000 1.000000
0.955243 0.260111 0.140902 0.017300 -0.186133 0.898689 -0.397130 10.574800 -0.229925 0.353130 0.906881 -1.117200 0.000000 0.000000 0.000000 1.000000
0.955324 0.259997 0.140563 0.017300 -0.186170 0.898715 -0.397055 10.574800 -0.229559 0.353148 0.906967 -1.117200 0.000000 0.000000 0.000000 1.000000
0.955384 0.259934 0.140267 0.017300 -0.186226 0.898716 -0.397025 10.574800 -0.229261 0.353190 0.907026 -1.117200 0.000000 0.000000 0.000000 1.000000
0.955428 0.259911 0.140015 0.017300 -0.186283 0.898680 -0.397081 10.574800 -0.229034 0.353300 0.907041 -1.117200 0.000000 0.000000 0.000000 1.000000
0.955463 0.259916 0.139764 0.017300 -0.186343 0.898604 -0.397225 10.574800 -0.228838 0.353490 0.907016 -1.117200 0.000000 0.000000 0.000000 1.000000
0.955493 0.259937 0.139517 0.017300 -0.186405 0.898506 -0.397415 10.574800 -0.228660 0.353721 0.906971 -1.117200 0.000000 0.000000 0.000000 1.000000
0.955516 0.259985 0.139274 0.017300 -0.186481 0.898388 -0.397647 10.574800 -0.228505 0.353986 0.906906 -1.117200 0.000000 0.000000 0.000000 1.000000
0.955526 0.260076 0.139035 0.017300 -0.186586 0.898247 -0.397917 10.574800 -0.228377 0.354278 0.906825 -1.117200 0.000000 0.000000 0.000000 1.000000
0.955531 0.260181 0.138801 0.017300 -0.186696 0.898092 -0.398216 10.574800 -0.228264 0.354594 0.906730 -1.117200 0.000000 0.000000 0.000000 1.000000
0.955530 0.260305 0.138576 0.017300 -0.186814 0.897924 -0.398538 10.574800 -0.228172 0.354927 0.906622 -1.117200 0.000000 0.000000 0.000000 1.000000
0.955519 0.260453 0.138376 0.017300 -0.186940 0.897746 -0.398881 10.574800 -0.228116 0.355270 0.906502 -1.117200 0.000000 0.000000 0.000000 1.000000
0.955504 0.260609 0.138182 0.017300 -0.187069 0.897562 -0.399234 10.574800 -0.228071 0.355620 0.906376 -1.117200 0.000000 0.000000 0.000000 1.000000
0.955488 0.260770 0.137994 0.017300 -0.187201 0.897376 -0.399591 10.574800 -0.228034 0.355971 0.906248 -1.117200 0.000000 0.000000 0.000000 1.000000
0.955468 0.260936 0.137815 0.017300 -0.187333 0.897190 -0.399945 10.574800 -0.228006 0.356317 0.906119 -1.117200 0.000000 0.000000 0.000000 1.000000
0.955447 0.261102 0.137645 0.017300 -0.187464 0.897008 -0.400292 10.574800 -0.227985 0.356654 0.905991 -1.117200 0.000000 0.000000 0.000000 1.000000
0.955426 0.261266 0.137485 0.017300 -0.187594 0.896832 -0.400625 10.574800 -0.227971 0.356976 0.905868 -1.117200 0.000000 0.000000 0.000000 1.000000
0.955403 0.261425 0.137338 0.017300 -0.187719 0.896667 -0.400937 10.574800 -0.227961 0.357275 0.905753 -1.117200 0.000000 0.000000 0.000000 1.000000
0.955381 0.261577 0.137206 0.017300 -0.187839 0.896514 -0.401223 10.574800 -0.227958 0.357548 0.905646 -1.117200 0.000000 0.000000 0.000000 1.000000
0.955358 0.261720 0.137088 0.017300 -0.187952 0.896376 -0.401477 10.574800 -0.227957 0.357789 0.905551 -1.117200 0.000000 0.000000 0.000000 1.000000
0.955337 0.261850 0.136988 0.017300 -0.188057 0.896257 -0.401693 10.574800 -0.227960 0.357991 0.905470 -1.117200 0.000000 0.000000 0.000000 1.000000
0.955313 0.261971 0.136922 0.017300 -0.188151 0.896159 -0.401868 10.574800 -0.227982 0.358148 0.905403 -1.117200 0.000000 0.000000 0.000000 1.000000
0.955291 0.262071 0.136886 0.017300 -0.188235 0.896101 -0.401959 10.574800 -0.228006 0.358221 0.905368 -1.117200 0.000000 0.000000 0.000000 1.000000
0.955271 0.262155 0.136865 0.017300 -0.188310 0.896063 -0.402008 10.574800 -0.228028 0.358253 0.905350 -1.117200 0.000000 0.000000 0.000000 1.000000
0.955253 0.262220 0.136864 0.017300 -0.188368 0.896046 -0.402018 10.574800 -0.228054 0.358249 0.905345 -1.117200 0.000000 0.000000 0.000000 1.000000
0.955236 0.262272 0.136883 0.017300 -0.188417 0.896049 -0.401990 10.574800 -0.228085 0.358204 0.905355 -1.117200 0.000000 0.000000 0.000000 1.000000
0.955218 0.262308 0.136941 0.017300 -0.188462 0.896097 -0.401861 10.574800 -0.228124 0.358057 0.905403 -1.117200 0.000000 0.000000 0.000000 1.000000
0.955197 0.262335 0.137037 0.017300 -0.188502 0.896179 -0.401659 10.574800 -0.228179 0.357832 0.905478 -1.117200 0.000000 0.000000 0.000000 1.000000
0.955176 0.262348 0.137159 0.017300 -0.188534 0.896287 -0.401402 10.574800 -0.228241 0.357551 0.905574 -1.117200 0.000000 0.000000 0.000000 1.000000
0.955154 0.262353 0.137305 0.017300 -0.188561 0.896418 -0.401099 10.574800 -0.228312 0.357221 0.905686 -1.117200 0.000000 0.000000 0.000000 1.000000
0.955128 0.262357 0.137475 0.017300 -0.188588 0.896564 -0.400760 10.574800 -0.228397 0.356851 0.905810 -1.117200 0.000000 0.000000 0.000000 1.000000
0.955101 0.262358 0.137660 0.017300 -0.188613 0.896722 -0.400392 10.574800 -0.228489 0.356451 0.905945 -1.117200 0.000000 0.000000 0.000000 1.000000
0.955072 0.262359 0.137858 0.017300 -0.188638 0.896890 -0.400005 10.574800 -0.228589 0.356029 0.906085 -1.117200 0.000000 0.000000 0.000000 1.000000
0.955043 0.262358 0.138066 0.017300 -0.188661 0.897063 -0.399607 10.574800 -0.228694 0.355594 0.906230 -1.117200 0.000000 0.000000 0.000000 1.000000
0.955012 0.262356 0.138280 0.017300 -0.188682 0.897237 -0.399205 10.574800 -0.228804 0.355155 0.906374 -1.117200 0.000000 0.000000 0.000000 1.000000
0.954981 0.262354 0.138498 0.017300 -0.188700 0.897409 -0.398809 10.574800 -0.228919 0.354721 0.906515 -1.117200 0.000000 0.000000 0.000000 1.000000
0.954950 0.262352 0.138717 0.017300 -0.188714 0.897576 -0.398427 10.574800 -0.229037 0.354300 0.906650 -1.117200 0.000000 0.000000 0.000000 1.000000
0.954919 0.262351 0.138932 0.017300 -0.188725 0.897733 -0.398067 10.574800 -0.229157 0.353902 0.906775 -1.117200 0.000000 0.000000 0.000000 1.000000
0.954888 0.262350 0.139142 0.017300 -0.188731 0.897878 -0.397738 10.574800 -0.229279 0.353535 0.906887 -1.117200 0.000000 0.000000 0.000000 1.000000
0.954859 0.262350 0.139342 0.017300 -0.188731 0.898007 -0.397448 10.574800 -0.229401 0.353208 0.906984 -1.117200 0.000000 0.000000 0.000000 1.000000
0.954831 0.262353 0.139530 0.017300 -0.188725 0.898115 -0.397205 10.574800 -0.229522 0.352931 0.907061 -1.117200 0.000000 0.000000 0.000000 1.000000
0.954809 0.262337 0.139714 0.017300 -0.188691 0.898207 -0.397015 10.574800 -0.229644 0.352710 0.907116 -1.117200 0.000000 0.000000 0.000000 1.000000
0.954795 0.262295 0.139886 0.017300 -0.188620 0.898276 -0.396891 10.574800 -0.229758 0.352564 0.907144 -1.117200 0.000000 0.000000 0.000000 1.000000
0.954787 0.262247 0.140032 0.017300 -0.188532 0.898313 -0.396850 10.574800 -0.229866 0.352506 0.907139 -1.117200 0.000000 0.000000 0.000000 1.000000
0.954783 0.262187 0.140169 0.017300 -0.188423 0.898331 -0.396860 10.574800 -0.229970 0.352504 0.907113 -1.117200 0.000000 0.000000 0.000000 1.000000
0.954788 0.262106 0.140287 0.017300 -0.188273 0.898309 -0.396981 10.574800 -0.230072 0.352620 0.907042 -1.117200 0.000000 0.000000 0.000000 1.000000
0.954801 0.262002 0.140396 0.017300 -0.188073 0.898243 -0.397226 10.574800 -0.230184 0.352866 0.906918 -1.117200 0.000000 0.000000 0.000000 1.000000
0.954819 0.261879 0.140497 0.017300 -0.187834 0.898142 -0.397567 10.574800 -0.230301 0.353214 0.906753 -1.117200 0.000000 0.000000 0.000000 1.000000
0.954844 0.261737 0.140591 0.017300 -0.187559 0.898013 -0.397987 10.574800 -0.230420 0.353647 0.906554 -1.117200 0.000000 0.000000 0.000000 1.000000
0.954874 0.261583 0.140679 0.017300 -0.187259 0.897861 -0.398471 10.574800 -0.230543 0.354146 0.906328 -1.117200 0.000000 0.000000 0.000000 1.000000
0.954907 0.261418 0.140762 0.017300 -0.186939 0.897693 -0.399000 10.574800 -0.230667 0.354694 0.906082 -1.117200 0.000000 0.000000 0.000000 1.000000
0.954941 0.261248 0.140842 0.017300 -0.186607 0.897513 -0.399561 10.574800 -0.230792 0.355275 0.905823 -1.117200 0.000000 0.000000 0.000000 1.000000
0.954977 0.261075 0.140919 0.017300 -0.186270 0.897327 -0.400134 10.574800 -0.230915 0.355870 0.905558 -1.117200 0.000000 0.000000 0.000000 1.000000
0.955013 0.260904 0.140995 0.017300 -0.185936 0.897143 -0.400703 10.574800 -0.231038 0.356461 0.905294 -1.117200 0.000000 0.000000 0.000000 1.000000
0.955047 0.260738 0.141071 0.017300 -0.185611 0.896964 -0.401254 10.574800 -0.231157 0.357032 0.905038 -1.117200 0.000000 0.000000 0.000000 1.000000
0.955079 0.260580 0.141147 0.017300 -0.185304 0.896798 -0.401767 10.574800 -0.231273 0.357564 0.904799 -1.117200 0.000000 0.000000 0.000000 1.000000
0.955107 0.260436 0.141225 0.017300 -0.185021 0.896649 -0.402228 10.574800 -0.231384 0.358041 0.904582 -1.117200 0.000000 0.000000 0.000000 1.000000
0.955130 0.260306 0.141304 0.017300 -0.184770 0.896525 -0.402620 10.574800 -0.231487 0.358446 0.904395 -1.117200 0.000000 0.000000 0.000000 1.000000
0.955148 0.260194 0.141389 0.017300 -0.184554 0.896432 -0.402926 10.574800 -0.231584 0.358760 0.904246 -1.117200 0.000000 0.000000 0.000000 1.000000
0.955154 0.260127 0.141477 0.017300 -0.184406 0.896370 -0.403132 10.574800 -0.231681 0.358964 0.904140 -1.117200 0.000000 0.000000 0.000000 1.000000
0.955148 0.260099 0.141565 0.017300 -0.184327 0.896351 -0.403209 10.574800 -0.231766 0.359030 0.904092 -1.117200 0.000000 0.000000 0.000000 1.000000
0.955136 0.260092 0.141657 0.017300 -0.184295 0.896373 -0.403175 10.574800 -0.231841 0.358980 0.904092 -1.117200 0.000000 0.000000 0.000000 1.000000
0.955123 0.260082 0.141768 0.017300 -0.184302 0.896473 -0.402951 10.574800 -0.231891 0.358740 0.904175 -1.117200 0.000000 0.000000 0.000000 1.000000
0.955097 0.260103 0.141903 0.017300 -0.184391 0.896665 -0.402483 10.574800 -0.231927 0.358245 0.904362 -1.117200 0.000000 0.000000 0.000000 1.000000
0.955053 0.260207 0.142007 0.017300 -0.184621 0.896916 -0.401816 10.574800 -0.231924 0.357538 0.904642 -1.117200 0.000000 0.000000 0.000000 1.000000
0.955004 0.260336 0.142103 0.017300 -0.184915 0.897220 -0.401003 10.574800 -0.231893 0.356682 0.904988 -1.117200 0.000000 0.000000 0.000000 1.000000
0.954947 0.260488 0.142204 0.017300 -0.185251 0.897551 -0.400105 10.574800 -0.231858 0.355736 0.905369 -1.117200 0.000000 0.000000 0.000000 1.000000
0.954889 0.260647 0.142307 0.017300 -0.185599 0.897892 -0.399179 10.574800 -0.231821 0.354759 0.905762 -1.117200 0.000000 0.000000 0.000000 1.000000
0.954832 0.260799 0.142409 0.017300 -0.185934 0.898221 -0.398282 10.574800 -0.231786 0.353813 0.906141 -1.117200 0.000000 0.000000 0.000000 1.000000
0.954787 0.260900 0.142522 0.017300 -0.186197 0.898528 -0.397464 10.574800 -0.231759 0.352957 0.906482 -1.117200 0.000000 0.000000 0.000000 1.000000</float_array>
        <technique_common>
          <accessor source="#mixamorig_Spine-Matrix-animation-output-transform-array" count="74" stride="16">
            <param type="float4x4"/>
          </accessor>
        </technique_common>
      </source>
      <source id="mixamorig_Spine-Interpolations">
        <Name_array id="mixamorig_Spine-Interpolations-array" count="74">
 LINEAR LINEAR LINEAR LINEAR LINEAR LINEAR LINEAR LINEAR LINEAR LINEAR LINEAR
LINEAR LINEAR LINEAR LINEAR LINEAR LINEAR LINEAR LINEAR LINEAR LINEAR LINEAR LINEAR
LINEAR LINEAR LINEAR LINEAR LINEAR LINEAR LINEAR LINEAR LINEAR LINEAR LINEAR LINEAR
LINEAR LINEAR LINEAR LINEAR LINEAR LINEAR LINEAR LINEAR LINEAR LINEAR LINEAR LINEAR
LINEAR LINEAR LINEAR LINEAR LINEAR LINEAR LINEAR LINEAR LINEAR LINEAR LINEAR LINEAR
LINEAR LINEAR LINEAR LINEAR LINEAR LINEAR LINEAR LINEAR LINEAR LINEAR LINEAR LINEAR
LINEAR LINEAR LINEAR</Name_array>
        <technique_common>
          <accessor source="#mixamorig_Spine-Interpolations-array" count="74">
            <param type="name"/>
          </accessor>
        </technique_common>
      </source>
      <sampler id="mixamorig_Spine-Matrix-animation-transform">
        <input semantic="INPUT" source="#mixamorig_Spine-Matrix-animation-input"/>
        <input semantic="OUTPUT" source="#mixamorig_Spine-Matrix-animation-output-transform"/>
        <input semantic="INTERPOLATION" source="#mixamorig_Spine-Interpolations"/>
      </sampler>
      <channel source="#mixamorig_Spine-Matrix-animation-transform" target="mixamorig_Spine/matrix"/>
    </animation>
    <animation id="mixamorig_Spine1-anim" name="mixamorig_Spine1">
      <source id="mixamorig_Spine1-Matrix-animation-input">
        <float_array id="mixamorig_Spine1-Matrix-animation-input-array" count="74">

0.000000 0.033333 0.066667 0.100000 0.133333 0.166667 0.200000 0.233333 0.266667 0.300000 0.333333 0.366667 0.400000 0.433333 0.466667 0.500000
0.533333 0.566667 0.600000 0.633333 0.666667 0.700000 0.733333 0.766667 0.800000 0.833333 0.866667 0.900000 0.933333 0.966667 1.000000 1.033333
1.066667 1.100000 1.133333 1.166667 1.200000 1.233333 1.266667 1.300000 1.333333 1.366667 1.400000 1.433333 1.466667 1.500000 1.533333 1.566667
1.600000 1.633333 1.666667 1.700000 1.733333 1.766667 1.800000 1.833333 1.866667 1.900000 1.933333 1.966667 2.000000 2.033333 2.066667 2.100000
2.133333 2.166667 2.200000 2.233333 2.266667 2.300000 2.333333 2.366667 2.400000 2.433333</float_array>
        <technique_common>
          <accessor source="#mixamorig_Spine1-Matrix-animation-input-array" count="74">
            <param name="TIME" type="float"/>
          </accessor>
        </technique_common>
      </source>
      <source id="mixamorig_Spine1-Matrix-animation-output-transform">
        <float_array id="mixamorig_Spine1-Matrix-animation-output-transform-array" count="1184">

0.999327 0.029983 -0.021135 -0.000000 -0.030709 0.998917 -0.034940 12.406000 0.020064 0.035565 0.999166 0.000000 0.000000 0.000000 0.000000 1.000000
0.999327 0.029983 -0.021135 0.000000 -0.030709 0.998917 -0.034940 12.406000 0.020065 0.035566 0.999166 -0.000000 0.000000 0.000000 0.000000 1.000000
0.999327 0.029983 -0.021135 -0.000000 -0.030709 0.998917 -0.034940 12.406000 0.020064 0.035565 0.999166 0.000000 0.000000 0.000000 0.000000 1.000000
0.999326 0.029980 -0.021200 0.000000 -0.030709 0.998918 -0.034938 12.406000 0.020129 0.035565 0.999165 0.000000 0.000000 0.000000 0.000000 1.000000
0.999323 0.029976 -0.021330 0.000000 -0.030709 0.998918 -0.034934 12.406000 0.020260 0.035565 0.999162 0.000000 0.000000 0.000000 0.000000 1.000000
0.999321 0.029972 -0.021451 0.000000 -0.030709 0.998918 -0.034930 12.406000 0.020380 0.035565 0.999160 0.000000 0.000000 0.000000 0.000000 1.000000
0.999318 0.029968 -0.021556 0.000000 -0.030709 0.998918 -0.034927 12.406000 0.020486 0.035565 0.999157 0.000000 0.000000 0.000000 0.000000 1.000000
0.999317 0.029965 -0.021633 -0.000000 -0.030709 0.998918 -0.034925 12.406000 0.020563 0.035565 0.999156 0.000000 0.000000 0.000000 0.000000 1.000000
0.999316 0.029963 -0.021695 0.000000 -0.030709 0.998918 -0.034923 12.406000 0.020625 0.035565 0.999155 0.000000 0.000000 0.000000 0.000000 1.000000
0.999314 0.029961 -0.021748 0.000000 -0.030709 0.998918 -0.034921 12.406000 0.020679 0.035565 0.999153 -0.000000 0.000000 0.000000 0.000000 1.000000
0.999314 0.029959 -0.021787 0.000000 -0.030709 0.998918 -0.034925 12.406000 0.020718 0.035570 0.999152 -0.000000 0.000000 0.000000 0.000000 1.000000
0.999313 0.029958 -0.021815 0.000000 -0.030709 0.998916 -0.034970 12.406000 0.020744 0.035616 0.999150 0.000000 0.000000 0.000000 0.000000 1.000000
0.999313 0.029955 -0.021839 -0.000000 -0.030709 0.998914 -0.035035 12.406000 0.020766 0.035682 0.999147 -0.000000 0.000000 0.000000 0.000000 1.000000
0.999312 0.029953 -0.021860 0.000000 -0.030709 0.998911 -0.035111 12.406000 0.020785 0.035758 0.999144 -0.000000 0.000000 0.000000 0.000000 1.000000
0.999312 0.029950 -0.021879 0.000000 -0.030709 0.998908 -0.035208 12.406000 0.020801 0.035855 0.999140 0.000000 0.000000 0.000000 0.000000 1.000000
0.999312 0.029948 -0.021895 0.000000 -0.030709 0.998904 -0.035312 12.406000 0.020814 0.035960 0.999136 0.000000 0.000000 0.000000 0.000000 1.000000
0.999311 0.029945 -0.021909 -0.000000 -0.030709 0.998900 -0.035423 12.406000 0.020825 0.036071 0.999132 0.000000 0.000000 0.000000 0.000000 1.000000
0.999311 0.029942 -0.021921 0.000000 -0.030709 0.998896 -0.035537 12.406000 0.020833 0.036186 0.999128 0.000000 0.000000 0.000000 0.000000 1.000000
0.999311 0.029939 -0.021931 0.000000 -0.030709 0.998892 -0.035653 12.406000 0.020839 0.036302 0.999124 -0.000000 0.000000 0.000000 0.000000 1.000000
0.999311 0.029937 -0.021939 -0.000000 -0.030709 0.998888 -0.035770 12.406000 0.020843 0.036419 0.999119 0.000000 0.000000 0.000000 0.000000 1.000000
0.999311 0.029934 -0.021945 -0.000000 -0.030709 0.998884 -0.035885 12.406000 0.020846 0.036534 0.999115 -0.000000 0.000000 0.000000 0.000000 1.000000
0.999311 0.029931 -0.021950 0.000000 -0.030709 0.998880 -0.035997 12.406000 0.020848 0.036647 0.999111 0.000000 0.000000 0.000000 0.000000 1.000000
0.999311 0.029929 -0.021954 0.000000 -0.030709 0.998876 -0.036104 12.406000 0.020848 0.036753 0.999107 0.000000 0.000000 0.000000 0.000000 1.000000
0.999311 0.029927 -0.021956 -0.000000 -0.030709 0.998872 -0.036204 12.406000 0.020848 0.036853 0.999103 0.000000 0.000000 0.000000 0.000000 1.000000
0.999311 0.029925 -0.021958 0.000000 -0.030709 0.998869 -0.036295 12.406000 0.020847 0.036944 0.999100 0.000000 0.000000 0.000000 0.000000 1.000000
0.999311 0.029923 -0.021959 -0.000000 -0.030709 0.998866 -0.036377 12.406000 0.020845 0.037026 0.999097 0.000000 0.000000 0.000000 0.000000 1.000000
0.999311 0.029922 -0.021959 -0.000000 -0.030709 0.998864 -0.036445 12.406000 0.020844 0.037095 0.999094 -0.000000 0.000000 0.000000 0.000000 1.000000
0.999311 0.029921 -0.021959 -0.000000 -0.030709 0.998862 -0.036484 12.406000 0.020842 0.037133 0.999093 0.000000 0.000000 0.000000 0.000000 1.000000
0.999311 0.029920 -0.021959 0.000000 -0.030709 0.998861 -0.036515 12.406000 0.020841 0.037164 0.999092 0.000000 0.000000 0.000000 0.000000 1.000000
0.999311 0.029920 -0.021959 0.000000 -0.030709 0.998860 -0.036542 12.406000 0.020840 0.037192 0.999091 0.000000 0.000000 0.000000 0.000000 1.000000
0.999311 0.029919 -0.021958 0.000000 -0.030709 0.998859 -0.036567 12.406000 0.020839 0.037216 0.999090 0.000000 0.000000 0.000000 0.000000 1.000000
0.999311 0.029919 -0.021947 -0.000000 -0.030709 0.998859 -0.036587 12.406000 0.020827 0.037236 0.999089 0.000000 0.000000 0.000000 0.000000 1.000000
0.999312 0.029920 -0.021932 -0.000000 -0.030709 0.998858 -0.036605 12.406000 0.020812 0.037253 0.999089 0.000000 0.000000 0.000000 0.000000 1.000000
0.999312 0.029920 -0.021915 0.000000 -0.030709 0.998857 -0.036619 12.406000 0.020794 0.037267 0.999089 0.000000 0.000000 0.000000 0.000000 1.000000
0.999312 0.029920 -0.021896 -0.000000 -0.030709 0.998857 -0.036630 12.406000 0.020775 0.037278 0.999089 0.000000 0.000000 0.000000 0.000000 1.000000
0.999313 0.029921 -0.021876 0.000000 -0.030709 0.998857 -0.036639 12.406000 0.020755 0.037286 0.999089 0.000000 0.000000 0.000000 0.000000 1.000000
0.999313 0.029922 -0.021855 -0.000000 -0.030709 0.998856 -0.036645 12.406000 0.020733 0.037291 0.999089 0.000000 0.000000 0.000000 0.000000 1.000000
0.999314 0.029922 -0.021833 -0.000000 -0.030709 0.998856 -0.036649 12.406000 0.020711 0.037294 0.999090 0.000000 0.000000 0.000000 0.000000 1.000000
0.999314 0.029923 -0.021810 0.000000 -0.030709 0.998856 -0.036651 12.406000 0.020689 0.037295 0.999090 0.000000 0.000000 0.000000 0.000000 1.000000
0.999315 0.029924 -0.021787 -0.000000 -0.030709 0.998856 -0.036651 12.406000 0.020665 0.037295 0.999091 0.000000 0.000000 0.000000 0.000000 1.000000
0.999315 0.029925 -0.021759 0.000000 -0.030709 0.998856 -0.036649 12.406000 0.020638 0.037292 0.999091 0.000000 0.000000 0.000000 0.000000 1.000000
0.999316 0.029926 -0.021730 0.000000 -0.030709 0.998856 -0.036646 12.406000 0.020608 0.037288 0.999092 0.000000 0.000000 0.000000 0.000000 1.000000
0.999317 0.029928 -0.021699 0.000000 -0.030710 0.998857 -0.036641 12.406000 0.020578 0.037282 0.999093 -0.000000 0.000000 0.000000 0.000000 1.000000
0.999317 0.029929 -0.021669 -0.000000 -0.030710 0.998857 -0.036635 12.406000 0.020547 0.037275 0.999094 0.000000 0.000000 0.000000 0.000000 1.000000
0.999318 0.029930 -0.021638 0.000000 -0.030709 0.998857 -0.036628 12.406000 0.020517 0.037268 0.999095 0.000000 0.000000 0.000000 0.000000 1.000000
0.999318 0.029932 -0.021607 -0.000000 -0.030710 0.998857 -0.036621 12.406000 0.020486 0.037260 0.999096 0.000000 0.000000 0.000000 0.000000 1.000000
0.999319 0.029933 -0.021574 0.000000 -0.030710 0.998858 -0.036613 12.406000 0.020454 0.037251 0.999097 0.000000 0.000000 0.000000 0.000000 1.000000
0.999320 0.029934 -0.021542 0.000000 -0.030710 0.998858 -0.036604 12.406000 0.020421 0.037241 0.999098 -0.000000 0.000000 0.000000 0.000000 1.000000
0.999320 0.029936 -0.021509 0.000000 -0.030710 0.998858 -0.036595 12.406000 0.020389 0.037231 0.999099 -0.000000 0.000000 0.000000 0.000000 1.000000
0.999321 0.029937 -0.021476 -0.000000 -0.030710 0.998858 -0.036587 12.406000 0.020356 0.037222 0.999100 -0.000000 0.000000 0.000000 0.000000 1.000000
0.999322 0.029939 -0.021443 0.000000 -0.030710 0.998859 -0.036569 12.406000 0.020324 0.037202 0.999101 -0.000000 0.000000 0.000000 0.000000 1.000000
0.999322 0.029941 -0.021410 -0.000000 -0.030710 0.998860 -0.036540 12.406000 0.020291 0.037173 0.999103 0.000000 0.000000 0.000000 0.000000 1.000000
0.999323 0.029943 -0.021377 0.000000 -0.030710 0.998861 -0.036509 12.406000 0.020259 0.037141 0.999105 0.000000 0.000000 0.000000 0.000000 1.000000
0.999324 0.029944 -0.021343 0.000000 -0.030710 0.998863 -0.036478 12.406000 0.020227 0.037108 0.999107 -0.000000 0.000000 0.000000 0.000000 1.000000
0.999324 0.029946 -0.021310 0.000000 -0.030710 0.998864 -0.036445 12.406000 0.020195 0.037075 0.999108 0.000000 0.000000 0.000000 0.000000 1.000000
0.999325 0.029948 -0.021277 0.000000 -0.030710 0.998865 -0.036411 12.406000 0.020163 0.037040 0.999110 0.000000 0.000000 0.000000 0.000000 1.000000
0.999326 0.029950 -0.021245 -0.000000 -0.030710 0.998866 -0.036373 12.406000 0.020132 0.037001 0.999112 0.000000 0.000000 0.000000 0.000000 1.000000
0.999326 0.029952 -0.021213 0.000000 -0.030710 0.998868 -0.036332 12.406000 0.020101 0.036959 0.999115 0.000000 0.000000 0.000000 0.000000 1.000000
0.999327 0.029954 -0.021182 0.000000 -0.030710 0.998869 -0.036290 12.406000 0.020071 0.036916 0.999117 0.000000 0.000000 0.000000 0.000000 1.000000
0.999327 0.029956 -0.021150 -0.000000 -0.030710 0.998871 -0.036248 12.406000 0.020041 0.036873 0.999119 0.000000 0.000000 0.000000 0.000000 1.000000
0.999328 0.029958 -0.021121 -0.000000 -0.030710 0.998873 -0.036202 12.406000 0.020013 0.036826 0.999121 0.000000 0.000000 0.000000 0.000000 1.000000
0.999328 0.029959 -0.021120 -0.000000 -0.030710 0.998874 -0.036153 12.406000 0.020013 0.036778 0.999123 0.000000 0.000000 0.000000 0.000000 1.000000
0.999328 0.029960 -0.021118 0.000000 -0.030710 0.998876 -0.036104 12.406000 0.020013 0.036728 0.999125 0.000000 0.000000 0.000000 0.000000 1.000000
0.999328 0.029961 -0.021117 0.000000 -0.030710 0.998878 -0.036054 12.406000 0.020013 0.036678 0.999127 0.000000 0.000000 0.000000 0.000000 1.000000
0.999328 0.029962 -0.021115 0.000000 -0.030710 0.998880 -0.036001 12.406000 0.020013 0.036625 0.999129 0.000000 0.000000 0.000000 0.000000 1.000000
0.999328 0.029964 -0.021114 -0.000000 -0.030710 0.998882 -0.035946 12.406000 0.020013 0.036570 0.999131 0.000000 0.000000 0.000000 0.000000 1.000000
0.999328 0.029965 -0.021112 0.000000 -0.030710 0.998884 -0.035886 12.406000 0.020013 0.036510 0.999133 0.000000 0.000000 0.000000 0.000000 1.000000
0.999328 0.029966 -0.021109 0.000000 -0.030710 0.998887 -0.035810 12.406000 0.020013 0.036434 0.999136 0.000000 0.000000 0.000000 0.000000 1.000000
0.999328 0.029968 -0.021107 0.000000 -0.030710 0.998890 -0.035724 12.406000 0.020013 0.036349 0.999139 0.000000 0.000000 0.000000 0.000000 1.000000
0.999328 0.029970 -0.021104 0.000000 -0.030710 0.998893 -0.035626 12.406000 0.020013 0.036250 0.999142 0.000000 0.000000 0.000000 0.000000 1.000000
0.999328 0.029973 -0.021101 0.000000 -0.030710 0.998897 -0.035521 12.406000 0.020013 0.036145 0.999146 0.000000 0.000000 0.000000 0.000000 1.000000
