<?xml version="1.0" encoding="utf-8"?>
<COLLADA xmlns="http://www.collada.org/2005/11/COLLADASchema" version="1.4.1">
  <asset>
    <contributor>
      <author>Mixamo</author>
      <authoring_tool>COLLADA Mixamo exporter</authoring_tool>
      <comments/>
    </contributor>
    <created>2022-12-10T03:20:21Z</created>
    <modified>2022-12-10T03:20:21Z</modified>
    <revision/>
    <title/>
    <unit meter="0.010000"/>
    <up_axis>Y_UP</up_axis>
  </asset>
  <library_animations>
    <animation id="mixamorig_Hips-anim" name="mixamorig_Hips">
      <source id="mixamorig_Hips-Matrix-animation-input">
        <float_array id="mixamorig_Hips-Matrix-animation-input-array" count="118">

0.000000 0.033333 0.066667 0.100000 0.133333 0.166667 0.200000 0.233333 0.266667 0.300000 0.333333 0.366667 0.400000 0.433333 0.466667 0.500000
0.533333 0.566667 0.600000 0.633333 0.666667 0.700000 0.733333 0.766667 0.800000 0.833333 0.866667 0.900000 0.933333 0.966667 1.000000 1.033333
1.066667 1.100000 1.133333 1.166667 1.200000 1.233333 1.266667 1.300000 1.333333 1.366667 1.400000 1.433333 1.466667 1.500000 1.533333 1.566667
1.600000 1.633333 1.666667 1.700000 1.733333 1.766667 1.800000 1.833333 1.866667 1.900000 1.933333 1.966667 2.000000 2.033333 2.066667 2.100000
2.133333 2.166667 2.200000 2.233333 2.266667 2.300000 2.333333 2.366667 2.400000 2.433333 2.466667 2.500000 2.533333 2.566667 2.600000 2.633333
2.666667 2.700000 2.733333 2.766667 2.800000 2.833333 2.866667 2.900000 2.933333 2.966667 3.000000 3.033333 3.066667 3.100000 3.133333 3.166667
3.200000 3.233333 3.266667 3.300000 3.333333 3.366667 3.400000 3.433333 3.466667 3.500000 3.533333 3.566667 3.600000 3.633333 3.666667 3.700000
3.733333 3.766667 3.800000 3.833333 3.866667 3.900000</float_array>
        <technique_common>
          <accessor source="#mixamorig_Hips-Matrix-animation-input-array" count="118">
            <param name="TIME" type="float"/>
          </accessor>
        </technique_common>
      </source>
      <source id="mixamorig_Hips-Matrix-animation-output-transform">
        <float_array id="mixamorig_Hips-Matrix-animation-output-transform-array" count="1888">

0.582193 -0.121269 -0.803956 -0.025395 -0.014306 0.987133 -0.159259 80.564545 0.812925 0.104221 0.572967 0.027406 0.000000 0.000000 0.000000 1.000000
0.614073 -0.104387 -0.782316 -0.299283 -0.001507 0.991058 -0.133423 80.537605 0.789248 0.083110 0.608424 0.483414 0.000000 0.000000 0.000000 1.000000
0.653881 -0.082514 -0.752085 -0.622023 0.014592 0.995226 -0.096503 80.523293 0.756457 0.052127 0.651963 1.048710 0.000000 0.000000 0.000000 1.000000
0.704013 -0.053921 -0.708137 -1.014686 0.020846 0.998253 -0.055287 80.703522 0.709881 0.024161 0.703907 1.550952 0.000000 0.000000 0.000000 1.000000
0.746848 -0.041060 -0.663726 -1.236490 0.011474 0.998739 -0.048874 81.373894 0.664896 0.028886 0.746377 1.483062 0.000000 0.000000 0.000000 1.000000
0.777304 -0.060226 -0.626236 -0.963306 0.003550 0.995811 -0.091363 82.749283 0.629115 0.068793 0.774262 0.143404 0.000000 0.000000 0.000000 1.000000
0.806920 -0.082035 -0.584936 -0.278789 0.002736 0.990817 -0.135184 84.554611 0.590655 0.107483 0.799734 -2.170869 0.000000 0.000000 0.000000 1.000000
0.838520 -0.097572 -0.536064 0.601578 0.004938 0.985156 -0.171590 86.794830 0.544849 0.141235 0.826554 -4.993388 0.000000 0.000000 0.000000 1.000000
0.866792 -0.104087 -0.487686 1.377022 0.003683 0.979283 -0.202463 89.140388 0.498657 0.173697 0.849218 -7.514926 0.000000 0.000000 0.000000 1.000000
0.879283 -0.098716 -0.465957 1.834131 -0.005114 0.976274 -0.216481 90.830208 0.476272 0.192731 0.857916 -8.973978 0.000000 0.000000 0.000000 1.000000
0.876020 -0.085182 -0.474692 2.014872 -0.020804 0.976687 -0.213656 91.741486 0.481825 0.197043 0.853826 -9.476591 0.000000 0.000000 0.000000 1.000000
0.866387 -0.070911 -0.494314 2.096333 -0.038071 0.977607 -0.206967 92.269569 0.497921 0.198133 0.844286 -9.608987 0.000000 0.000000 0.000000 1.000000
0.861950 -0.062134 -0.503171 2.164471 -0.043792 0.979628 -0.195986 92.387733 0.505098 0.190966 0.841670 -9.425487 0.000000 0.000000 0.000000 1.000000
0.864118 -0.058896 -0.499831 2.270061 -0.040365 0.981820 -0.185475 92.370361 0.501667 0.180448 0.846031 -9.101695 0.000000 0.000000 0.000000 1.000000
0.867969 -0.057332 -0.493299 2.383571 -0.034614 0.983914 -0.175256 92.318665 0.495411 0.169192 0.852022 -8.740830 0.000000 0.000000 0.000000 1.000000
0.872190 -0.056590 -0.485883 2.496328 -0.028270 0.985794 -0.165561 92.259811 0.488350 0.158137 0.858200 -8.367437 0.000000 0.000000 0.000000 1.000000
0.876248 -0.056357 -0.478554 2.604364 -0.022026 0.987414 -0.156613 92.206062 0.481357 0.147772 0.863978 -7.990980 0.000000 0.000000 0.000000 1.000000
0.878314 -0.058387 -0.474505 2.671046 -0.017598 0.987893 -0.154132 92.218643 0.477760 0.143727 0.866654 -7.613432 0.000000 0.000000 0.000000 1.000000
0.877885 -0.060776 -0.474999 2.684637 -0.016216 0.987572 -0.156330 92.225113 0.478596 0.144942 0.865989 -7.207143 0.000000 0.000000 0.000000 1.000000
0.875934 -0.061218 -0.478531 2.653382 -0.017064 0.987364 -0.157548 92.153625 0.482129 0.146167 0.863821 -6.739161 0.000000 0.000000 0.000000 1.000000
0.874131 -0.060277 -0.481935 2.594331 -0.017371 0.987754 -0.155049 91.977249 0.485380 0.143905 0.862379 -6.224574 0.000000 0.000000 0.000000 1.000000
0.872719 -0.059189 -0.484622 2.526062 -0.016724 0.988417 -0.150836 91.745956 0.487936 0.139742 0.861621 -5.694037 0.000000 0.000000 0.000000 1.000000
0.871460 -0.058001 -0.487026 2.453515 -0.015773 0.989155 -0.146024 91.496834 0.490214 0.134936 0.861094 -5.155687 0.000000 0.000000 0.000000 1.000000
0.870246 -0.056747 -0.489339 2.379150 -0.014767 0.989891 -0.141056 91.243851 0.492397 0.129980 0.860611 -4.613726 0.000000 0.000000 0.000000 1.000000
0.869084 -0.055406 -0.491552 2.302128 -0.013741 0.990620 -0.135955 90.987709 0.494474 0.124911 0.860170 -4.065918 0.000000 0.000000 0.000000 1.000000
0.868818 -0.052565 -0.492333 2.185672 -0.012919 0.991604 -0.128667 90.703636 0.494962 0.118149 0.860844 -3.440218 0.000000 0.000000 0.000000 1.000000
0.872931 -0.049451 -0.485331 1.970341 -0.009811 0.992868 -0.118812 90.310661 0.487745 0.108476 0.866220 -2.543484 0.000000 0.000000 0.000000 1.000000
0.878114 -0.046756 -0.476162 1.736322 -0.005984 0.994063 -0.108645 89.921661 0.478414 0.098252 0.872620 -1.585361 0.000000 0.000000 0.000000 1.000000
0.884126 -0.044341 -0.465139 1.482910 -0.001674 0.995180 -0.098050 89.517998 0.467245 0.087468 0.879791 -0.572642 0.000000 0.000000 0.000000 1.000000
0.890733 -0.042029 -0.452579 1.210028 0.002843 0.996211 -0.086917 89.082047 0.454517 0.076133 0.887478 0.488337 0.000000 0.000000 0.000000 1.000000
0.897711 -0.039643 -0.438799 0.917467 0.007306 0.997146 -0.075140 88.595795 0.440525 0.064248 0.895438 1.591062 0.000000 0.000000 0.000000 1.000000
0.904852 -0.037000 -0.424116 0.605120 0.011455 0.997972 -0.062623 88.041451 0.425573 0.051806 0.903440 2.729002 0.000000 0.000000 0.000000 1.000000
0.911973 -0.033881 -0.408849 0.273252 0.015010 0.998672 -0.049279 87.401772 0.409976 0.038805 0.911271 3.895961 0.000000 0.000000 0.000000 1.000000
0.918912 -0.030083 -0.393314 -0.078111 0.017719 0.999229 -0.035030 86.658737 0.394064 0.025220 0.918737 5.085393 0.000000 0.000000 0.000000 1.000000
0.926056 -0.025778 -0.376504 -0.450710 0.019821 0.999610 -0.019688 85.835732 0.376864 0.010769 0.926206 6.298456 0.000000 0.000000 0.000000 1.000000
0.933667 -0.021352 -0.357504 -0.844930 0.021622 0.999761 -0.003242 84.966454 0.357488 -0.004703 0.933906 7.539265 0.000000 0.000000 0.000000 1.000000
0.941429 -0.016887 -0.336787 -1.258403 0.022976 0.999637 0.014104 84.048538 0.336427 -0.021016 0.941475 8.805934 0.000000 0.000000 0.000000 1.000000
0.949059 -0.012449 -0.314852 -1.688885 0.023769 0.999201 0.032140 83.079536 0.314200 -0.037986 0.948596 10.096431 0.000000 0.000000 0.000000 1.000000
0.956315 -0.008078 -0.292227 -2.134088 0.023908 0.998431 0.050638 82.056671 0.291359 -0.055413 0.955008 11.408674 0.000000 0.000000 0.000000 1.000000
0.963006 -0.003773 -0.269455 -2.591255 0.023317 0.997318 0.069370 80.977768 0.268471 -0.073086 0.960511 12.741076 0.000000 0.000000 0.000000 1.000000
0.968990 0.000491 -0.247099 -3.057473 0.021961 0.995870 0.088099 79.841454 0.246122 -0.090794 0.964977 14.091976 0.000000 0.000000 0.000000 1.000000
0.974173 0.004712 -0.225752 -3.530765 0.019894 0.994103 0.106596 78.645454 0.224923 -0.108334 0.968335 15.459217 0.000000 0.000000 0.000000 1.000000
0.978509 0.008936 -0.206010 -4.008612 0.017180 0.992054 0.124634 77.387329 0.205486 -0.125495 0.970580 16.840990 0.000000 0.000000 0.000000 1.000000
0.981992 0.013283 -0.188457 -4.487357 0.013864 0.989770 0.142000 76.064270 0.188415 -0.142056 0.971761 18.235905 0.000000 0.000000 0.000000 1.000000
0.984642 0.017897 -0.173668 -4.962970 0.010009 0.987309 0.158494 74.672707 0.174300 -0.157798 0.971967 19.642550 0.000000 0.000000 0.000000 1.000000
0.985785 0.024144 -0.166270 -5.440827 0.005099 0.984866 0.173245 73.051048 0.167936 -0.171630 0.970742 21.105043 0.000000 0.000000 0.000000 1.000000
0.985342 0.032115 -0.167540 -5.896678 -0.000604 0.982771 0.184828 70.830170 0.170589 -0.182017 0.968385 22.906698 0.000000 0.000000 0.000000 1.000000
0.983819 0.040715 -0.174476 -6.300029 -0.006388 0.981189 0.192943 67.871857 0.179049 -0.188707 0.965573 25.233438 0.000000 0.000000 0.000000 1.000000
0.980770 0.050434 -0.188537 -6.674154 -0.012508 0.980292 0.197160 63.825489 0.194765 -0.191010 0.962072 28.308523 0.000000 0.000000 0.000000 1.000000
0.973847 0.063179 -0.218246 -7.077056 -0.020112 0.980761 0.194174 57.348602 0.226315 -0.184707 0.956381 32.945370 0.000000 0.000000 0.000000 1.000000
0.963654 0.075651 -0.256220 -7.329146 -0.027676 0.982178 0.185903 50.558838 0.265718 -0.172055 0.948573 37.888432 0.000000 0.000000 0.000000 1.000000
0.952363 0.082460 -0.293608 -7.074093 -0.031874 0.984392 0.173080 46.713100 0.303298 -0.155476 0.940126 41.244167 0.000000 0.000000 0.000000 1.000000
0.941006 0.081541 -0.328417 -6.152793 -0.031536 0.987441 0.154809 46.758766 0.336916 -0.135319 0.931760 42.467884 0.000000 0.000000 0.000000 1.000000
0.929394 0.077302 -0.360904 -4.986104 -0.029959 0.990395 0.134984 47.865383 0.367872 -0.114641 0.922783 43.047390 0.000000 0.000000 0.000000 1.000000
0.917964 0.073581 -0.389780 -3.850776 -0.029733 0.992644 0.117362 48.840153 0.395549 -0.096144 0.913399 43.503986 0.000000 0.000000 0.000000 1.000000
0.908357 0.075768 -0.411275 -3.057508 -0.033885 0.993552 0.108199 48.696705 0.416821 -0.084347 0.905067 44.027630 0.000000 0.000000 0.000000 1.000000
0.897870 0.077873 -0.433319 -2.593881 -0.036586 0.994026 0.102830 47.613899 0.438738 -0.076474 0.895355 44.655216 0.000000 0.000000 0.000000 1.000000
0.886119 0.083345 -0.455901 -2.270233 -0.041042 0.993944 0.101936 47.288033 0.461636 -0.071617 0.884174 45.296577 0.000000 0.000000 0.000000 1.000000
0.879382 0.093919 -0.466761 -1.990128 -0.051358 0.993343 0.103117 47.643822 0.473338 -0.066707 0.878351 45.781181 0.000000 0.000000 0.000000 1.000000
0.880205 0.105811 -0.462648 -1.822123 -0.065808 0.992624 0.101820 48.202263 0.470009 -0.059177 0.880676 46.082157 0.000000 0.000000 0.000000 1.000000
0.886027 0.114810 -0.449194 -1.788126 -0.077515 0.991900 0.100626 48.657074 0.457108 -0.054338 0.887750 46.284035 0.000000 0.000000 0.000000 1.000000
0.892292 0.121424 -0.434823 -1.869161 -0.083908 0.990974 0.104544 49.022663 0.443593 -0.056798 0.894427 46.510513 0.000000 0.000000 0.000000 1.000000
0.896596 0.127816 -0.424003 -1.967714 -0.091077 0.990196 0.105906 49.307343 0.433383 -0.056338 0.899447 46.830215 0.000000 0.000000 0.000000 1.000000
0.902601 0.129793 -0.410446 -2.038857 -0.096950 0.990259 0.099943 49.540985 0.419420 -0.050415 0.906391 47.154194 0.000000 0.000000 0.000000 1.000000
0.909382 0.126116 -0.396382 -2.145498 -0.100022 0.991269 0.085917 49.735607 0.403757 -0.038485 0.914057 47.510841 0.000000 0.000000 0.000000 1.000000
0.913203 0.119742 -0.389516 -2.317901 -0.099722 0.992458 0.071299 49.879101 0.395116 -0.026267 0.918256 47.915257 0.000000 0.000000 0.000000 1.000000
0.915149 0.114423 -0.386535 -2.588727 -0.098738 0.993287 0.060264 49.992401 0.390836 -0.016984 0.920304 48.347775 0.000000 0.000000 0.000000 1.000000
0.916918 0.107846 -0.384227 -2.935439 -0.097924 0.994160 0.045358 50.052254 0.386874 -0.003965 0.922124 48.824009 0.000000 0.000000 0.000000 1.000000
0.916792 0.102084 -0.386099 -3.357631 -0.097470 0.994738 0.031564 50.091141 0.387289 0.008696 0.921917 49.335449 0.000000 0.000000 0.000000 1.000000
0.916817 0.096615 -0.387444 -3.818788 -0.097538 0.995081 0.017331 50.110016 0.387213 0.021901 0.921730 49.842018 0.000000 0.000000 0.000000 1.000000
0.918023 0.089132 -0.386380 -4.269120 -0.096544 0.995329 0.000222 50.101654 0.384595 0.037099 0.922340 50.358822 0.000000 0.000000 0.000000 1.000000
0.919721 0.080865 -0.384155 -4.710331 -0.094873 0.995333 -0.017620 50.083450 0.380937 0.052651 0.923101 50.872383 0.000000 0.000000 0.000000 1.000000
0.922311 0.071117 -0.379847 -5.139605 -0.091265 0.995202 -0.035273 50.057404 0.375516 0.067200 0.924376 51.351963 0.000000 0.000000 0.000000 1.000000
0.926945 0.057321 -0.370793 -5.538571 -0.082866 0.995133 -0.053319 50.009415 0.365932 0.080150 0.927184 51.750938 0.000000 0.000000 0.000000 1.000000
0.931302 0.041891 -0.361831 -6.013065 -0.073760 0.994474 -0.074711 49.942585 0.356702 0.096267 0.929245 52.214073 0.000000 0.000000 0.000000 1.000000
0.936126 0.028431 -0.350514 -6.534484 -0.066058 0.993200 -0.095861 49.848869 0.345405 0.112892 0.931639 52.732861 0.000000 0.000000 0.000000 1.000000
0.942112 0.016344 -0.334901 -7.106446 -0.058482 0.991511 -0.116128 49.726082 0.330160 0.128991 0.935070 53.317116 0.000000 0.000000 0.000000 1.000000
0.947976 0.004660 -0.318309 -7.684538 -0.050671 0.989354 -0.136421 49.587570 0.314284 0.145453 0.938120 53.924217 0.000000 0.000000 0.000000 1.000000
0.953648 -0.006998 -0.300844 -8.270092 -0.042613 0.986515 -0.158028 49.405254 0.297893 0.163523 0.940489 54.597157 0.000000 0.000000 0.000000 1.000000
0.959159 -0.018603 -0.282255 -8.865394 -0.034279 0.982837 -0.181264 49.182796 0.280783 0.183536 0.942059 55.327633 0.000000 0.000000 0.000000 1.000000
0.965009 -0.030254 -0.260464 -9.494317 -0.025826 0.977526 -0.209228 48.878078 0.260940 0.208633 0.942540 56.169888 0.000000 0.000000 0.000000 1.000000
0.970777 -0.041521 -0.236364 -10.142285 -0.016916 0.970630 -0.239983 48.518322 0.239386 0.236968 0.941563 57.081829 0.000000 0.000000 0.000000 1.000000
0.976019 -0.052061 -0.211368 -10.790162 -0.007328 0.962573 -0.270925 48.142456 0.217562 0.265977 0.939108 58.006683 0.000000 0.000000 0.000000 1.000000
0.980782 -0.061765 -0.185070 -11.440463 0.002953 0.953160 -0.302453 47.742340 0.195083 0.296094 0.935025 58.952087 0.000000 0.000000 0.000000 1.000000
0.985198 -0.070399 -0.156298 -12.101187 0.014023 0.941821 -0.335822 47.294785 0.170847 0.328659 0.928867 59.941944 0.000000 0.000000 0.000000 1.000000
0.989710 -0.077315 -0.120402 -12.803227 0.026596 0.926187 -0.376125 46.717194 0.140595 0.369052 0.918713 61.063515 0.000000 0.000000 0.000000 1.000000
0.993852 -0.086202 -0.069485 -13.654075 0.047498 0.898834 -0.435707 45.933144 0.100015 0.429728 0.897402 62.410103 0.000000 0.000000 0.000000 1.000000
0.995628 -0.092654 -0.011861 -14.548652 0.074317 0.862634 -0.500340 45.040127 0.056590 0.497270 0.865748 63.841778 0.000000 0.000000 0.000000 1.000000
0.994293 -0.095164 0.048215 -15.536697 0.105688 0.817141 -0.566667 43.929729 0.014528 0.568529 0.822535 65.517204 0.000000 0.000000 0.000000 1.000000
0.989798 -0.093218 0.107751 -16.765266 0.140697 0.758693 -0.636074 42.341076 -0.022457 0.644745 0.764068 67.805359 0.000000 0.000000 0.000000 1.000000
0.982079 -0.085690 0.167861 -18.257641 0.180494 0.683963 -0.706835 40.300621 -0.054242 0.724466 0.687173 70.768433 0.000000 0.000000 0.000000 1.000000
0.968122 -0.068008 0.241069 -20.112680 0.234957 0.580088 -0.779931 37.492603 -0.086800 0.811710 0.577575 74.599472 0.000000 0.000000 0.000000 1.000000
0.949220 -0.042617 0.311714 -21.875088 0.294890 0.465808 -0.834304 33.834038 -0.109643 0.883859 0.454721 78.412498 0.000000 0.000000 0.000000 1.000000
0.924677 -0.012350 0.380553 -23.413010 0.361193 0.344676 -0.866451 28.537069 -0.120467 0.938640 0.323175 81.958755 0.000000 0.000000 0.000000 1.000000
0.893958 0.011136 0.448012 -24.621332 0.433711 0.230215 -0.871146 22.147404 -0.112840 0.973076 0.200973 84.893784 0.000000 0.000000 0.000000 1.000000
0.862883 0.017524 0.505099 -25.572212 0.498704 0.132657 -0.856561 17.653572 -0.082016 0.991007 0.105729 87.344246 0.000000 0.000000 0.000000 1.000000
0.851391 0.005380 0.524504 -26.143265 0.523949 0.038415 -0.850883 16.620476 -0.024726 0.999247 0.029887 89.815186 0.000000 0.000000 0.000000 1.000000
0.873592 -0.002657 0.486653 -26.114876 0.485825 -0.053783 -0.872400 17.401783 0.028491 0.998549 -0.045694 92.436920 0.000000 0.000000 0.000000 1.000000
0.893161 0.005402 0.449705 -25.892473 0.447686 -0.106070 -0.887878 18.275379 0.042904 0.994344 -0.097156 94.521950 0.000000 0.000000 0.000000 1.000000
0.899590 0.014940 0.436480 -25.792217 0.434966 -0.120530 -0.892344 18.863083 0.039277 0.992597 -0.114926 95.442650 0.000000 0.000000 0.000000 1.000000
0.905503 0.018741 0.423926 -25.692469 0.422815 -0.124469 -0.897627 19.117556 0.035943 0.992046 -0.120631 96.049255 0.000000 0.000000 0.000000 1.000000
0.910658 0.014151 0.412919 -25.592230 0.411458 -0.121723 -0.903264 18.942547 0.037480 0.992463 -0.116670 96.281921 0.000000 0.000000 0.000000 1.000000
0.916187 0.007675 0.400678 -25.462038 0.398756 -0.117113 -0.909548 18.612295 0.039944 0.993089 -0.110358 96.368675 0.000000 0.000000 0.000000 1.000000
0.923191 0.001886 0.384337 -25.258144 0.382091 -0.112557 -0.917244 18.175419 0.041530 0.993643 -0.104632 96.344406 0.000000 0.000000 0.000000 1.000000
0.934535 0.000276 0.355872 -24.845327 0.353767 -0.109318 -0.928923 17.561737 0.038647 0.994007 -0.102259 96.112061 0.000000 0.000000 0.000000 1.000000
0.945032 0.000650 0.326976 -24.411814 0.325377 -0.100654 -0.940212 17.073017 0.032300 0.994921 -0.095333 95.814407 0.000000 0.000000 0.000000 1.000000
0.952896 0.003543 0.303277 -24.108202 0.302353 -0.089939 -0.948943 16.807156 0.023914 0.995941 -0.086773 95.339745 0.000000 0.000000 0.000000 1.000000
0.959132 0.009680 0.282795 -23.938620 0.282622 -0.081639 -0.955751 16.652479 0.013836 0.996615 -0.081038 94.569839 0.000000 0.000000 0.000000 1.000000
0.963265 0.018165 0.267938 -23.916042 0.268528 -0.078844 -0.960040 16.454279 0.003687 0.996721 -0.080826 93.480934 0.000000 0.000000 0.000000 1.000000
0.965686 0.023388 0.258657 -23.882034 0.259701 -0.077807 -0.962549 16.174681 -0.002387 0.996694 -0.081211 92.702011 0.000000 0.000000 0.000000 1.000000
0.967053 0.024241 0.253417 -23.803108 0.254535 -0.074709 -0.964173 15.986698 -0.004440 0.996911 -0.078418 92.469658 0.000000 0.000000 0.000000 1.000000
0.967963 0.024120 0.249933 -23.730413 0.251031 -0.070675 -0.965395 15.871078 -0.005621 0.997208 -0.074465 92.430916 0.000000 0.000000 0.000000 1.000000
0.968447 0.024204 0.248042 -23.669399 0.249127 -0.066830 -0.966162 15.781708 -0.006808 0.997471 -0.070752 92.454910 0.000000 0.000000 0.000000 1.000000
0.967508 0.026280 0.251470 -23.676401 0.252677 -0.064789 -0.965379 15.741243 -0.009077 0.997553 -0.069324 92.569862 0.000000 0.000000 0.000000 1.000000
0.964620 0.028236 0.262127 -23.797499 0.263479 -0.068119 -0.962257 15.751914 -0.009315 0.997278 -0.073148 92.775177 0.000000 0.000000 0.000000 1.000000
0.961565 0.028242 0.273122 -23.924984 0.274487 -0.073282 -0.958794 15.737720 -0.007063 0.996911 -0.078217 92.966057 0.000000 0.000000 0.000000 1.000000
0.959144 0.026823 0.281642 -24.015047 0.282895 -0.078503 -0.955933 15.663871 -0.003531 0.996553 -0.082884 93.112320 0.000000 0.000000 0.000000 1.000000
0.956787 0.025145 0.289700 -24.104271 0.290789 -0.083758 -0.953114 15.580200 0.000298 0.996169 -0.087451 93.251869 0.000000 0.000000 0.000000 1.000000</float_array>
        <technique_common>
          <accessor source="#mixamorig_Hips-Matrix-animation-output-transform-array" count="118" stride="16">
            <param type="float4x4"/>
          </accessor>
        </technique_common>
      </source>
      <source id="mixamorig_Hips-Interpolations">
        <Name_array id="mixamorig_Hips-Interpolations-array" count="118">
 LINEAR LINEAR LINEAR LINEAR LINEAR LINEAR LINEAR LINEAR LINEAR LINEAR LINEAR
LINEAR LINEAR LINEAR LINEAR LINEAR LINEAR LINEAR LINEAR LINEAR LINEAR LINEAR LINEAR
LINEAR LINEAR LINEAR LINEAR LINEAR LINEAR LINEAR LINEAR LINEAR LINEAR LINEAR LINEAR
LINEAR LINEAR LINEAR LINEAR LINEAR LINEAR LINEAR LINEAR LINEAR LINEAR LINEAR LINEAR
LINEAR LINEAR LINEAR LINEAR LINEAR LINEAR LINEAR LINEAR LINEAR LINEAR LINEAR LINEAR
LINEAR LINEAR LINEAR LINEAR LINEAR LINEAR LINEAR LINEAR LINEAR LINEAR LINEAR LINEAR
LINEAR LINEAR LINEAR LINEAR LINEAR LINEAR LINEAR LINEAR LINEAR LINEAR LINEAR LINEAR
LINEAR LINEAR LINEAR LINEAR LINEAR LINEAR LINEAR LINEAR LINEAR LINEAR LINEAR LINEAR
LINEAR LINEAR LINEAR LINEAR LINEAR LINEAR LINEAR LINEAR LINEAR LINEAR LINEAR LINEAR
LINEAR LINEAR LINEAR LINEAR LINEAR LINEAR LINEAR LINEAR LINEAR LINEAR LINEAR</Name_array>
        <technique_common>
          <accessor source="#mixamorig_Hips-Interpolations-array" count="118">
            <param type="name"/>
          </accessor>
        </technique_common>
      </source>
      <sampler id="mixamorig_Hips-Matrix-animation-transform">
        <input semantic="INPUT" source="#mixamorig_Hips-Matrix-animation-input"/>
        <input semantic="OUTPUT" source="#mixamorig_Hips-Matrix-animation-output-transform"/>
        <input semantic="INTERPOLATION" source="#mixamorig_Hips-Interpolations"/>
      </sampler>
      <channel source="#mixamorig_Hips-Matrix-animation-transform" target="mixamorig_Hips/matrix"/>
    </animation>
    <animation id="mixamorig_Spine-anim" name="mixamorig_Spine">
      <source id="mixamorig_Spine-Matrix-animation-input">
        <float_array id="mixamorig_Spine-Matrix-animation-input-array" count="118">

0.000000 0.033333 0.066667 0.100000 0.133333 0.166667 0.200000 0.233333 0.266667 0.300000 0.333333 0.366667 0.400000 0.433333 0.466667 0.500000
0.533333 0.566667 0.600000 0.633333 0.666667 0.700000 0.733333 0.766667 0.800000 0.833333 0.866667 0.900000 0.933333 0.966667 1.000000 1.033333
1.066667 1.100000 1.133333 1.166667 1.200000 1.233333 1.266667 1.300000 1.333333 1.366667 1.400000 1.433333 1.466667 1.500000 1.533333 1.566667
1.600000 1.633333 1.666667 1.700000 1.733333 1.766667 1.800000 1.833333 1.866667 1.900000 1.933333 1.966667 2.000000 2.033333 2.066667 2.100000
2.133333 2.166667 2.200000 2.233333 2.266667 2.300000 2.333333 2.366667 2.400000 2.433333 2.466667 2.500000 2.533333 2.566667 2.600000 2.633333
2.666667 2.700000 2.733333 2.766667 2.800000 2.833333 2.866667 2.900000 2.933333 2.966667 3.000000 3.033333 3.066667 3.100000 3.133333 3.166667
3.200000 3.233333 3.266667 3.300000 3.333333 3.366667 3.400000 3.433333 3.466667 3.500000 3.533333 3.566667 3.600000 3.633333 3.666667 3.700000
3.733333 3.766667 3.800000 3.833333 3.866667 3.900000</float_array>
        <technique_common>
          <accessor source="#mixamorig_Spine-Matrix-animation-input-array" count="118">
            <param name="TIME" type="float"/>
          </accessor>
        </technique_common>
      </source>
      <source id="mixamorig_Spine-Matrix-animation-output-transform">
        <float_array id="mixamorig_Spine-Matrix-animation-output-transform-array" count="1888">

0.996513 0.049322 0.067303 0.017300 -0.047807 0.998570 -0.023943 10.574800 -0.068388 0.020642 0.997445 -1.117200 0.000000 0.000000 0.000000 1.000000
0.996930 0.051353 0.059111 0.017300 -0.049348 0.998172 -0.034897 10.574800 -0.060795 0.031873 0.997641 -1.117200 0.000000 0.000000 0.000000 1.000000
0.997560 0.055047 0.042944 0.017300 -0.052663 0.997108 -0.054797 10.574800 -0.045836 0.052402 0.997574 -1.117200 0.000000 0.000000 0.000000 1.000000
0.998235 0.057132 0.016226 0.017300 -0.055655 0.995221 -0.080229 10.574800 -0.020732 0.079184 0.996644 -1.117200 0.000000 0.000000 0.000000 1.000000
0.998084 0.061313 -0.008272 0.017300 -0.061839 0.992802 -0.102570 10.574800 0.001923 0.102885 0.994691 -1.117200 0.000000 0.000000 0.000000 1.000000
0.997149 0.072933 -0.019374 0.017300 -0.074870 0.988264 -0.133148 10.574800 0.009436 0.134219 0.990907 -1.117200 0.000000 0.000000 0.000000 1.000000
0.995878 0.087444 -0.024078 0.017300 -0.090408 0.978295 -0.186456 10.574800 0.007251 0.187864 0.982168 -1.117200 0.000000 0.000000 0.000000 1.000000
0.994794 0.096538 -0.032637 0.017300 -0.101691 0.961216 -0.256365 10.574800 0.006622 0.258350 0.966029 -1.117200 0.000000 0.000000 0.000000 1.000000
0.994299 0.097045 -0.044184 0.017300 -0.106124 0.940929 -0.321544 10.574800 0.010370 0.324400 0.945863 -1.117200 0.000000 0.000000 0.000000 1.000000
0.994438 0.095541 -0.044322 0.017300 -0.105137 0.925411 -0.364088 10.574800 0.006231 0.366723 0.930309 -1.117200 0.000000 0.000000 0.000000 1.000000
0.994634 0.100222 -0.025651 0.017300 -0.102258 0.914882 -0.390556 10.574800 -0.015674 0.391084 0.920222 -1.117200 0.000000 0.000000 0.000000 1.000000
0.993885 0.110405 0.001558 0.017300 -0.100075 0.906671 -0.409796 10.574800 -0.046656 0.407134 0.912176 -1.117200 0.000000 0.000000 0.000000 1.000000
0.992648 0.119456 0.019498 0.017300 -0.099964 0.899949 -0.424380 10.574800 -0.068242 0.419311 0.905274 -1.117200 0.000000 0.000000 0.000000 1.000000
0.992123 0.122948 0.023990 0.017300 -0.100568 0.895947 -0.432625 10.574800 -0.074684 0.426804 0.901255 -1.117200 0.000000 0.000000 0.000000 1.000000
0.991853 0.124927 0.024934 0.017300 -0.101412 0.892764 -0.438962 10.574800 -0.077098 0.432857 0.898159 -1.117200 0.000000 0.000000 0.000000 1.000000
0.991681 0.126308 0.024814 0.017300 -0.102249 0.890059 -0.444230 10.574800 -0.078196 0.437997 0.895569 -1.117200 0.000000 0.000000 0.000000 1.000000
0.991542 0.127426 0.024623 0.017300 -0.102945 0.887751 -0.448666 10.574800 -0.079031 0.442336 0.893360 -1.117200 0.000000 0.000000 0.000000 1.000000
0.991485 0.127546 0.026240 0.017300 -0.102413 0.888243 -0.447812 10.574800 -0.080424 0.441312 0.893743 -1.117200 0.000000 0.000000 0.000000 1.000000
0.991490 0.126964 0.028771 0.017300 -0.101224 0.890841 -0.442896 10.574800 -0.081862 0.436214 0.896111 -1.117200 0.000000 0.000000 0.000000 1.000000
0.991596 0.125823 0.030112 0.017300 -0.100153 0.893875 -0.436987 10.574800 -0.081899 0.430298 0.898964 -1.117200 0.000000 0.000000 0.000000 1.000000
0.991770 0.124515 0.029788 0.017300 -0.099517 0.896125 -0.432500 10.574800 -0.080546 0.425976 0.901142 -1.117200 0.000000 0.000000 0.000000 1.000000
0.991947 0.123499 0.028090 0.017300 -0.099633 0.897820 -0.428944 10.574800 -0.078194 0.422691 0.902894 -1.117200 0.000000 0.000000 0.000000 1.000000
0.992115 0.122678 0.025642 0.017300 -0.100200 0.899310 -0.425677 10.574800 -0.075281 0.419752 0.904512 -1.117200 0.000000 0.000000 0.000000 1.000000
0.992275 0.121898 0.023039 0.017300 -0.100843 0.900739 -0.422492 10.574800 -0.072253 0.416905 0.906074 -1.117200 0.000000 0.000000 0.000000 1.000000
0.992453 0.120930 0.020335 0.017300 -0.101340 0.902182 -0.419283 10.574800 -0.069049 0.414057 0.907628 -1.117200 0.000000 0.000000 0.000000 1.000000
0.992678 0.119485 0.017691 0.017300 -0.101373 0.903769 -0.415842 10.574800 -0.065675 0.411004 0.909265 -1.117200 0.000000 0.000000 0.000000 1.000000
0.993043 0.116752 0.015321 0.017300 -0.100105 0.905548 -0.412264 10.574800 -0.062007 0.407862 0.910936 -1.117200 0.000000 0.000000 0.000000 1.000000
0.993441 0.113622 0.012858 0.017300 -0.098492 0.907393 -0.408581 10.574800 -0.058091 0.404634 0.912632 -1.117200 0.000000 0.000000 0.000000 1.000000
0.993855 0.110205 0.010387 0.017300 -0.096593 0.909261 -0.404862 10.574800 -0.054063 0.401371 0.914319 -1.117200 0.000000 0.000000 0.000000 1.000000
0.994272 0.106577 0.008015 0.017300 -0.094430 0.911121 -0.401176 10.574800 -0.050058 0.398121 0.915966 -1.117200 0.000000 0.000000 0.000000 1.000000
0.994682 0.102825 0.005842 0.017300 -0.092040 0.912937 -0.397587 10.574800 -0.046215 0.394935 0.917546 -1.117200 0.000000 0.000000 0.000000 1.000000
0.995076 0.099033 0.003974 0.017300 -0.089458 0.914678 -0.394160 10.574800 -0.042670 0.391864 0.919033 -1.117200 0.000000 0.000000 0.000000 1.000000
0.995449 0.095262 0.002522 0.017300 -0.086698 0.916315 -0.390961 10.574800 -0.039555 0.388963 0.920404 -1.117200 0.000000 0.000000 0.000000 1.000000
0.995795 0.091591 0.001592 0.017300 -0.083799 0.917822 -0.388048 10.574800 -0.037003 0.386283 0.921638 -1.117200 0.000000 0.000000 0.000000 1.000000
0.996125 0.087942 0.001212 0.017300 -0.080676 0.919141 -0.385580 10.574800 -0.035023 0.383988 0.922674 -1.117200 0.000000 0.000000 0.000000 1.000000
0.996448 0.084197 0.001294 0.017300 -0.077262 0.920267 -0.383588 10.574800 -0.033488 0.382125 0.923504 -1.117200 0.000000 0.000000 0.000000 1.000000
0.996763 0.080380 0.001761 0.017300 -0.073616 0.921249 -0.381943 10.574800 -0.032323 0.380577 0.924184 -1.117200 0.000000 0.000000 0.000000 1.000000
0.997065 0.076518 0.002537 0.017300 -0.069799 0.922137 -0.380516 10.574800 -0.031456 0.379222 0.924771 -1.117200 0.000000 0.000000 0.000000 1.000000
0.997352 0.072635 0.003549 0.017300 -0.065869 0.922976 -0.379179 10.574800 -0.030817 0.377941 0.925317 -1.117200 0.000000 0.000000 0.000000 1.000000
0.997623 0.068741 0.004720 0.017300 -0.061868 0.923815 -0.377806 10.574800 -0.030331 0.376616 0.925873 -1.117200 0.000000 0.000000 0.000000 1.000000
0.997877 0.064852 0.005970 0.017300 -0.057846 0.924702 -0.376272 10.574800 -0.029923 0.375127 0.926490 -1.117200 0.000000 0.000000 0.000000 1.000000
0.998109 0.061042 0.007215 0.017300 -0.053906 0.925679 -0.374450 10.574800 -0.029536 0.373353 0.927219 -1.117200 0.000000 0.000000 0.000000 1.000000
0.998318 0.057366 0.008373 0.017300 -0.050134 0.926790 -0.372218 10.574800 -0.029113 0.371172 0.928107 -1.117200 0.000000 0.000000 0.000000 1.000000
0.998506 0.053828 0.009371 0.017300 -0.046565 0.928082 -0.369453 10.574800 -0.028584 0.368464 0.929202 -1.117200 0.000000 0.000000 0.000000 1.000000
0.998676 0.050431 0.010127 0.017300 -0.043231 0.929598 -0.366030 10.574800 -0.027874 0.365108 0.930548 -1.117200 0.000000 0.000000 0.000000 1.000000
0.998819 0.047451 0.010442 0.017300 -0.040491 0.931725 -0.360901 10.574800 -0.026854 0.360052 0.932546 -1.117200 0.000000 0.000000 0.000000 1.000000
0.999069 0.041753 0.010868 0.017300 -0.035291 0.935782 -0.350808 10.574800 -0.024818 0.350098 0.936384 -1.117200 0.000000 0.000000 0.000000 1.000000
0.999476 0.030096 0.011905 0.017300 -0.024421 0.942659 -0.332862 10.574800 -0.021240 0.332396 0.942901 -1.117200 0.000000 0.000000 0.000000 1.000000
0.999874 0.007153 0.014143 0.017300 -0.002558 0.953499 -0.301386 10.574800 -0.015641 0.301312 0.953397 -1.117200 0.000000 0.000000 0.000000 1.000000
0.999083 -0.038315 0.019084 0.017300 0.041936 0.965485 -0.257061 10.574800 -0.008576 0.257626 0.966207 -1.117200 0.000000 0.000000 0.000000 1.000000
0.996285 -0.082639 0.024246 0.017300 0.085990 0.970114 -0.226900 10.574800 -0.004771 0.228142 0.973616 -1.117200 0.000000 0.000000 0.000000 1.000000
0.994483 -0.100881 0.028741 0.017300 0.104704 0.971224 -0.213920 10.574800 -0.006334 0.215749 0.976428 -1.117200 0.000000 0.000000 0.000000 1.000000
0.994970 -0.094630 0.032872 0.017300 0.099436 0.972756 -0.209423 10.574800 -0.012158 0.211638 0.977272 -1.117200 0.000000 0.000000 0.000000 1.000000
0.995913 -0.082670 0.036381 0.017300 0.088486 0.973820 -0.209391 10.574800 -0.018119 0.211755 0.977155 -1.117200 0.000000 0.000000 0.000000 1.000000
0.996300 -0.078077 0.035910 0.017300 0.084005 0.972937 -0.215262 10.574800 -0.018131 0.217482 0.975896 -1.117200 0.000000 0.000000 0.000000 1.000000
0.996350 -0.080228 0.029143 0.017300 0.084724 0.971042 -0.223381 10.574800 -0.010377 0.225035 0.974295 -1.117200 0.000000 0.000000 0.000000 1.000000
0.996463 -0.081412 0.020844 0.017300 0.084023 0.969840 -0.228802 10.574800 -0.001588 0.229744 0.973250 -1.117200 0.000000 0.000000 0.000000 1.000000
0.996744 -0.079113 0.015579 0.017300 0.080570 0.969572 -0.231169 10.574800 0.003183 0.231671 0.972789 -1.117200 0.000000 0.000000 0.000000 1.000000
0.997060 -0.075461 0.013276 0.017300 0.076477 0.969562 -0.232594 10.574800 0.004680 0.232926 0.972483 -1.117200 0.000000 0.000000 0.000000 1.000000
0.997421 -0.070466 0.013629 0.017300 0.071697 0.969578 -0.234047 10.574800 0.003278 0.234421 0.972130 -1.117200 0.000000 0.000000 0.000000 1.000000
0.997883 -0.062373 0.018410 0.017300 0.064961 0.969276 -0.237244 10.574800 -0.003047 0.237938 0.971276 -1.117200 0.000000 0.000000 0.000000 1.000000
0.998220 -0.052737 0.027842 0.017300 0.057910 0.968703 -0.241372 10.574800 -0.014242 0.242555 0.970033 -1.117200 0.000000 0.000000 0.000000 1.000000
0.998329 -0.045765 0.035284 0.017300 0.052982 0.968651 -0.242710 10.574800 -0.023070 0.244173 0.969457 -1.117200 0.000000 0.000000 0.000000 1.000000
0.998446 -0.042899 0.035559 0.017300 0.050164 0.969841 -0.238520 10.574800 -0.024255 0.239933 0.970486 -1.117200 0.000000 0.000000 0.000000 1.000000
0.998620 -0.041180 0.032592 0.017300 0.047615 0.971758 -0.231125 10.574800 -0.022154 0.232358 0.972378 -1.117200 0.000000 0.000000 0.000000 1.000000
0.998745 -0.038157 0.032431 0.017300 0.044476 0.973506 -0.224296 10.574800 -0.023014 0.225457 0.973981 -1.117200 0.000000 0.000000 0.000000 1.000000
0.998826 -0.033698 0.034814 0.017300 0.040528 0.974847 -0.219159 10.574800 -0.026553 0.220313 0.975068 -1.117200 0.000000 0.000000 0.000000 1.000000
0.998911 -0.028058 0.037271 0.017300 0.035439 0.975947 -0.215107 10.574800 -0.030340 0.216193 0.975879 -1.117200 0.000000 0.000000 0.000000 1.000000
0.998982 -0.021399 0.039713 0.017300 0.029327 0.976982 -0.211297 10.574800 -0.034277 0.212246 0.976615 -1.117200 0.000000 0.000000 0.000000 1.000000
0.999001 -0.014661 0.042205 0.017300 0.023130 0.977900 -0.207790 10.574800 -0.038226 0.208559 0.977263 -1.117200 0.000000 0.000000 0.000000 1.000000
0.999009 -0.008987 0.043596 0.017300 0.017710 0.978798 -0.204063 10.574800 -0.040837 0.204633 0.977987 -1.117200 0.000000 0.000000 0.000000 1.000000
0.999047 -0.004276 0.043427 0.017300 0.012914 0.979578 -0.200649 10.574800 -0.041682 0.201019 0.978700 -1.117200 0.000000 0.000000 0.000000 1.000000
0.999076 0.000736 0.042977 0.017300 0.007843 0.979950 -0.199088 10.574800 -0.042262 0.199241 0.979039 -1.117200 0.000000 0.000000 0.000000 1.000000
0.998978 0.006680 0.044692 0.017300 0.002308 0.980179 -0.198101 10.574800 -0.045130 0.198002 0.979162 -1.117200 0.000000 0.000000 0.000000 1.000000
0.998668 0.013044 0.049925 0.017300 -0.003034 0.980692 -0.195537 10.574800 -0.051512 0.195125 0.979425 -1.117200 0.000000 0.000000 0.000000 1.000000
0.998152 0.019149 0.057665 0.017300 -0.007783 0.981517 -0.191216 10.574800 -0.060260 0.190414 0.979853 -1.117200 0.000000 0.000000 0.000000 1.000000
0.997536 0.024887 0.065595 0.017300 -0.012198 0.982251 -0.187174 10.574800 -0.069089 0.185912 0.980134 -1.117200 0.000000 0.000000 0.000000 1.000000
0.996924 0.030548 0.072169 0.017300 -0.016763 0.982708 -0.184401 10.574800 -0.076554 0.182624 0.980198 -1.117200 0.000000 0.000000 0.000000 1.000000
0.996391 0.036363 0.076702 0.017300 -0.021788 0.982883 -0.182937 10.574800 -0.082041 0.180606 0.980128 -1.117200 0.000000 0.000000 0.000000 1.000000
0.996007 0.042523 0.078495 0.017300 -0.027524 0.982705 -0.183121 10.574800 -0.084924 0.180229 0.979952 -1.117200 0.000000 0.000000 0.000000 1.000000
0.995770 0.049159 0.077625 0.017300 -0.034068 0.982154 -0.184967 10.574800 -0.085333 0.181540 0.979674 -1.117200 0.000000 0.000000 0.000000 1.000000
0.995612 0.056205 0.074814 0.017300 -0.041266 0.981293 -0.188045 10.574800 -0.083984 0.184132 0.979307 -1.117200 0.000000 0.000000 0.000000 1.000000
0.995456 0.063402 0.071052 0.017300 -0.048752 0.980245 -0.191682 10.574800 -0.081801 0.187347 0.978882 -1.117200 0.000000 0.000000 0.000000 1.000000
0.995276 0.070625 0.066618 0.017300 -0.056368 0.979028 -0.195770 10.574800 -0.079047 0.191090 0.978384 -1.117200 0.000000 0.000000 0.000000 1.000000
0.995103 0.077783 0.060983 0.017300 -0.064110 0.977547 -0.200726 10.574800 -0.075227 0.195834 0.977747 -1.117200 0.000000 0.000000 0.000000 1.000000
0.994985 0.083801 0.054612 0.017300 -0.070903 0.976007 -0.205874 10.574800 -0.070555 0.200969 0.977053 -1.117200 0.000000 0.000000 0.000000 1.000000
0.994835 0.089236 0.048381 0.017300 -0.077410 0.975258 -0.207074 10.574800 -0.065663 0.202259 0.977128 -1.117200 0.000000 0.000000 0.000000 1.000000
0.994622 0.094575 0.042225 0.017300 -0.083928 0.974845 -0.206480 10.574800 -0.060690 0.201825 0.977539 -1.117200 0.000000 0.000000 0.000000 1.000000
0.994384 0.099871 0.035017 0.017300 -0.090772 0.974962 -0.203000 10.574800 -0.054414 0.198681 0.978552 -1.117200 0.000000 0.000000 0.000000 1.000000
0.994147 0.105165 0.024723 0.017300 -0.098458 0.976188 -0.193295 10.574800 -0.044462 0.189730 0.980829 -1.117200 0.000000 0.000000 0.000000 1.000000
0.993908 0.109810 0.009382 0.017300 -0.106422 0.978389 -0.177281 10.574800 -0.028646 0.175203 0.984116 -1.117200 0.000000 0.000000 0.000000 1.000000
0.993356 0.114220 -0.014055 0.017300 -0.115001 0.980675 -0.158274 10.574800 -0.004294 0.158839 0.987295 -1.117200 0.000000 0.000000 0.000000 1.000000
0.992410 0.116000 -0.040832 0.017300 -0.120544 0.983302 -0.136328 10.574800 0.024337 0.140215 0.989822 -1.117200 0.000000 0.000000 0.000000 1.000000
0.991645 0.111331 -0.065162 0.017300 -0.118143 0.986634 -0.112230 10.574800 0.051796 0.118991 0.991543 -1.117200 0.000000 0.000000 0.000000 1.000000
0.992756 0.099353 -0.067567 0.017300 -0.105921 0.989151 -0.101791 10.574800 0.056721 0.108211 0.992509 -1.117200 0.000000 0.000000 0.000000 1.000000
0.994469 0.095109 -0.044556 0.017300 -0.099528 0.988870 -0.110588 10.574800 0.033542 0.114411 0.992867 -1.117200 0.000000 0.000000 0.000000 1.000000
0.991988 0.125189 -0.016964 0.017300 -0.126312 0.985311 -0.114925 10.574800 0.002327 0.116147 0.993229 -1.117200 0.000000 0.000000 0.000000 1.000000
0.982708 0.184674 -0.013434 0.017300 -0.185161 0.980007 -0.072817 10.574800 -0.000282 0.074045 0.997255 -1.117200 0.000000 0.000000 0.000000 1.000000
0.975490 0.219912 -0.007635 0.017300 -0.220035 0.975187 -0.024380 10.574800 0.002084 0.025462 0.999674 -1.117200 0.000000 0.000000 0.000000 1.000000
0.974761 0.223248 -0.001008 0.017300 -0.223244 0.974692 -0.011743 10.574800 -0.001639 0.011672 0.999931 -1.117200 0.000000 0.000000 0.000000 1.000000
0.974396 0.224837 -0.000482 0.017300 -0.224832 0.974354 -0.009183 10.574800 -0.001595 0.009057 0.999958 -1.117200 0.000000 0.000000 0.000000 1.000000
0.973455 0.228792 -0.006324 0.017300 -0.228851 0.973397 -0.011192 10.574800 0.003595 0.012342 0.999917 -1.117200 0.000000 0.000000 0.000000 1.000000
0.972277 0.233411 -0.014004 0.017300 -0.233602 0.972231 -0.014062 10.574800 0.010333 0.016944 0.999803 -1.117200 0.000000 0.000000 0.000000 1.000000
0.970941 0.238296 -0.022115 0.017300 -0.238666 0.970971 -0.015925 10.574800 0.017678 0.020741 0.999629 -1.117200 0.000000 0.000000 0.000000 1.000000
0.969600 0.242839 -0.030081 0.017300 -0.243345 0.969832 -0.014438 10.574800 0.025667 0.021319 0.999443 -1.117200 0.000000 0.000000 0.000000 1.000000
0.969101 0.243460 -0.039617 0.017300 -0.244272 0.969557 -0.017047 10.574800 0.034261 0.026198 0.999069 -1.117200 0.000000 0.000000 0.000000 1.000000
0.969362 0.240375 -0.050574 0.017300 -0.241775 0.970046 -0.023578 10.574800 0.043392 0.035083 0.998442 -1.117200 0.000000 0.000000 0.000000 1.000000
0.970164 0.234944 -0.059856 0.017300 -0.236923 0.971115 -0.028353 10.574800 0.051465 0.041688 0.997804 -1.117200 0.000000 0.000000 0.000000 1.000000
0.971233 0.229054 -0.065123 0.017300 -0.231186 0.972528 -0.027251 10.574800 0.057093 0.041522 0.997505 -1.117200 0.000000 0.000000 0.000000 1.000000
0.972230 0.224447 -0.066268 0.017300 -0.226373 0.973768 -0.023047 10.574800 0.059357 0.037408 0.997536 -1.117200 0.000000 0.000000 0.000000 1.000000
0.973027 0.221285 -0.065207 0.017300 -0.223153 0.974516 -0.022830 10.574800 0.058494 0.036766 0.997611 -1.117200 0.000000 0.000000 0.000000 1.000000
