<?xml version="1.0" encoding="utf-8"?>
<COLLADA xmlns="http://www.collada.org/2005/11/COLLADASchema" version="1.4.1">
  <asset>
    <contributor>
      <author>Mixamo</author>
      <authoring_tool>COLLADA Mixamo exporter</authoring_tool>
      <comments/>
    </contributor>
    <created>2022-12-11T03:32:06Z</created>
    <modified>2022-12-11T03:32:06Z</modified>
    <revision/>
    <title/>
    <unit meter="0.010000"/>
    <up_axis>Y_UP</up_axis>
  </asset>
  <library_animations>
    <animation id="mixamorig_Hips-anim" name="mixamorig_Hips">
      <source id="mixamorig_Hips-Matrix-animation-input">
        <float_array id="mixamorig_Hips-Matrix-animation-input-array" count="36">

0.000000 0.033333 0.066667 0.100000 0.133333 0.166667 0.200000 0.233333 0.266667 0.300000 0.333333 0.366667 0.400000 0.433333 0.466667 0.500000
0.533333 0.566667 0.600000 0.633333 0.666667 0.700000 0.733333 0.766667 0.800000 0.833333 0.866667 0.900000 0.933333 0.966667 1.000000 1.033333
1.066667 1.100000 1.133333 1.166667</float_array>
        <technique_common>
          <accessor source="#mixamorig_Hips-Matrix-animation-input-array" count="36">
            <param name="TIME" type="float"/>
          </accessor>
        </technique_common>
      </source>
      <source id="mixamorig_Hips-Matrix-animation-output-transform">
        <float_array id="mixamorig_Hips-Matrix-animation-output-transform-array" count="576">

0.983910 0.033033 -0.175587 2.603971 -0.087473 0.945982 -0.312195 83.421883 0.155790 0.322531 0.933651 0.595385 0.000000 0.000000 0.000000 1.000000
0.974137 0.115546 -0.194179 3.797712 -0.188824 0.888273 -0.418709 80.289856 0.124104 0.444546 0.887117 1.994881 0.000000 0.000000 0.000000 1.000000
0.965208 0.189913 -0.179739 4.038100 -0.257816 0.805901 -0.532967 74.764709 0.043634 0.560764 0.826825 4.765735 0.000000 0.000000 0.000000 1.000000
0.956218 0.251044 -0.150411 3.998073 -0.286825 0.701848 -0.652028 69.081070 -0.058122 0.666622 0.743126 7.077739 0.000000 0.000000 0.000000 1.000000
0.945420 0.299043 -0.129437 3.813434 -0.287433 0.578208 -0.763582 64.872704 -0.153502 0.759111 0.632604 9.313656 0.000000 0.000000 0.000000 1.000000
0.934883 0.330102 -0.130485 3.326861 -0.274065 0.437677 -0.856345 62.832119 -0.225571 0.836344 0.499646 12.729652 0.000000 0.000000 0.000000 1.000000
0.920576 0.354279 -0.164398 3.184951 -0.272888 0.282316 -0.919690 63.276470 -0.279414 0.891507 0.356571 15.972987 0.000000 0.000000 0.000000 1.000000
0.900449 0.372971 -0.223796 3.702491 -0.286973 0.122770 -0.950039 64.520409 -0.326862 0.919685 0.217581 19.303692 0.000000 0.000000 0.000000 1.000000
0.901211 0.374456 -0.218178 4.320912 -0.226069 -0.023322 -0.973832 66.066536 -0.369746 0.926951 0.063635 24.389376 0.000000 0.000000 0.000000 1.000000
0.921965 0.362241 -0.136973 5.186260 -0.088985 -0.146071 -0.985264 67.160057 -0.376911 0.920568 -0.102438 30.226906 0.000000 0.000000 0.000000 1.000000
0.932330 0.360628 -0.026622 5.707448 0.064611 -0.238569 -0.968974 66.855042 -0.355790 0.901683 -0.245725 35.017849 0.000000 0.000000 0.000000 1.000000
0.922030 0.372979 0.103666 5.679734 0.227300 -0.304839 -0.924883 66.294769 -0.313361 0.876333 -0.365849 38.855804 0.000000 0.000000 0.000000 1.000000
0.887043 0.397843 0.234255 5.211061 0.385404 -0.358720 -0.850167 65.502853 -0.254201 0.844418 -0.471530 42.582630 0.000000 0.000000 0.000000 1.000000
0.829694 0.433260 0.351986 4.600836 0.529848 -0.412774 -0.740863 64.632027 -0.175696 0.801188 -0.572038 46.763363 0.000000 0.000000 0.000000 1.000000
0.753553 0.481687 0.447366 3.512598 0.654241 -0.483007 -0.581956 63.524334 -0.064240 0.731220 -0.679110 52.381393 0.000000 0.000000 0.000000 1.000000
0.677746 0.509897 0.529779 2.608702 0.727467 -0.569846 -0.382188 62.106030 0.107016 0.644423 -0.757144 59.995541 0.000000 0.000000 0.000000 1.000000
0.599819 0.531327 0.598255 0.744193 0.738729 -0.654995 -0.158941 57.468750 0.307404 0.537284 -0.785385 68.196915 0.000000 0.000000 0.000000 1.000000
0.537008 0.546384 0.642718 -0.852469 0.643966 -0.757668 0.106054 49.597446 0.544913 0.356937 -0.758726 73.594193 0.000000 0.000000 0.000000 1.000000
0.482261 0.574161 0.661637 -2.483929 0.405102 -0.815829 0.412693 40.560585 0.776735 0.069005 -0.626036 76.574257 0.000000 0.000000 0.000000 1.000000
0.444021 0.608803 0.657423 -4.175097 0.040446 -0.746588 0.664056 29.427425 0.895103 -0.268264 -0.356124 77.861267 0.000000 0.000000 0.000000 1.000000
0.427547 0.634970 0.643441 -5.849178 -0.344173 -0.543835 0.765368 20.227346 0.835912 -0.548686 -0.013976 77.173393 0.000000 0.000000 0.000000 1.000000
0.433548 0.632994 0.641369 -8.008497 -0.652060 -0.270886 0.708123 12.656383 0.621976 -0.725217 0.295307 73.267715 0.000000 0.000000 0.000000 1.000000
0.458504 0.581419 0.672105 -10.046000 -0.831023 0.012506 0.556098 12.463285 0.314921 -0.813508 0.488906 67.282051 0.000000 0.000000 0.000000 1.000000
0.468238 0.490337 0.735066 -11.865542 -0.881456 0.317154 0.349926 15.588417 -0.061548 -0.811777 0.580715 58.993137 0.000000 0.000000 0.000000 1.000000
0.434802 0.403329 0.805154 -12.706435 -0.793894 0.593709 0.131312 18.610840 -0.425065 -0.696301 0.578346 50.819370 0.000000 0.000000 0.000000 1.000000
0.372932 0.346566 0.860705 -12.661085 -0.617361 0.785173 -0.048658 20.468021 -0.692666 -0.513220 0.506773 43.668156 0.000000 0.000000 0.000000 1.000000
0.332459 0.301797 0.893526 -12.890112 -0.442151 0.886725 -0.134986 22.991861 -0.833051 -0.350196 0.428240 38.572250 0.000000 0.000000 0.000000 1.000000
0.335445 0.260516 0.905322 -13.451829 -0.309549 0.938123 -0.155259 27.742222 -0.889751 -0.228160 0.395331 34.324966 0.000000 0.000000 0.000000 1.000000
0.383929 0.222637 0.896120 -13.770510 -0.217465 0.964999 -0.146581 35.103909 -0.897390 -0.138598 0.418906 30.201902 0.000000 0.000000 0.000000 1.000000
0.473393 0.192838 0.859484 -13.274145 -0.151325 0.979040 -0.136314 42.767075 -0.867756 -0.065532 0.492652 25.506729 0.000000 0.000000 0.000000 1.000000
0.593307 0.166483 0.787572 -11.991103 -0.093713 0.986012 -0.137833 50.501953 -0.799503 0.007972 0.600610 20.805220 0.000000 0.000000 0.000000 1.000000
0.726912 0.142751 0.671730 -10.043840 -0.048216 0.986351 -0.157436 58.142189 -0.685036 0.082054 0.723873 16.466946 0.000000 0.000000 0.000000 1.000000
0.872465 0.121783 0.473259 -6.761679 -0.029621 0.979848 -0.197535 65.285507 -0.487779 0.158323 0.858490 12.350631 0.000000 0.000000 0.000000 1.000000
0.971583 0.094389 0.217067 -2.922716 -0.039916 0.969254 -0.242805 72.336784 -0.233311 0.227240 0.945477 8.438990 0.000000 0.000000 0.000000 1.000000
0.997252 0.059023 -0.044766 0.816532 -0.069416 0.955571 -0.286470 79.266205 0.025869 0.288790 0.957043 4.528478 0.000000 0.000000 0.000000 1.000000
0.965821 0.011080 -0.258973 3.961195 -0.099435 0.938489 -0.330682 86.525551 0.239380 0.345131 0.907514 0.749002 0.000000 0.000000 0.000000 1.000000</float_array>
        <technique_common>
          <accessor source="#mixamorig_Hips-Matrix-animation-output-transform-array" count="36" stride="16">
            <param type="float4x4"/>
          </accessor>
        </technique_common>
      </source>
      <source id="mixamorig_Hips-Interpolations">
        <Name_array id="mixamorig_Hips-Interpolations-array" count="36">
 LINEAR LINEAR LINEAR LINEAR LINEAR LINEAR LINEAR LINEAR LINEAR LINEAR LINEAR
LINEAR LINEAR LINEAR LINEAR LINEAR LINEAR LINEAR LINEAR LINEAR LINEAR LINEAR LINEAR
LINEAR LINEAR LINEAR LINEAR LINEAR LINEAR LINEAR LINEAR LINEAR LINEAR LINEAR LINEAR
LINEAR</Name_array>
        <technique_common>
          <accessor source="#mixamorig_Hips-Interpolations-array" count="36">
            <param type="name"/>
          </accessor>
        </technique_common>
      </source>
      <sampler id="mixamorig_Hips-Matrix-animation-transform">
        <input semantic="INPUT" source="#mixamorig_Hips-Matrix-animation-input"/>
        <input semantic="OUTPUT" source="#mixamorig_Hips-Matrix-animation-output-transform"/>
        <input semantic="INTERPOLATION" source="#mixamorig_Hips-Interpolations"/>
      </sampler>
      <channel source="#mixamorig_Hips-Matrix-animation-transform" target="mixamorig_Hips/matrix"/>
    </animation>
    <animation id="mixamorig_Spine-anim" name="mixamorig_Spine">
      <source id="mixamorig_Spine-Matrix-animation-input">
        <float_array id="mixamorig_Spine-Matrix-animation-input-array" count="36">

0.000000 0.033333 0.066667 0.100000 0.133333 0.166667 0.200000 0.233333 0.266667 0.300000 0.333333 0.366667 0.400000 0.433333 0.466667 0.500000
0.533333 0.566667 0.600000 0.633333 0.666667 0.700000 0.733333 0.766667 0.800000 0.833333 0.866667 0.900000 0.933333 0.966667 1.000000 1.033333
1.066667 1.100000 1.133333 1.166667</float_array>
        <technique_common>
          <accessor source="#mixamorig_Spine-Matrix-animation-input-array" count="36">
            <param name="TIME" type="float"/>
          </accessor>
        </technique_common>
      </source>
      <source id="mixamorig_Spine-Matrix-animation-output-transform">
        <float_array id="mixamorig_Spine-Matrix-animation-output-transform-array" count="576">

0.996285 -0.067004 0.054098 0.017300 0.067289 0.997728 -0.003456 10.574800 -0.053744 0.007084 0.998530 -1.117200 0.000000 0.000000 0.000000 1.000000
0.998051 -0.050284 0.036956 0.017300 0.049970 0.998707 0.009360 10.574800 -0.037379 -0.007495 0.999273 -1.117200 0.000000 0.000000 0.000000 1.000000
0.999324 -0.034215 0.013460 0.017300 0.033907 0.999173 0.022463 10.574800 -0.014217 -0.021992 0.999657 -1.117200 0.000000 0.000000 0.000000 1.000000
0.999693 -0.020934 -0.013274 0.017300 0.021365 0.999221 0.033190 10.574800 0.012569 -0.033463 0.999361 -1.117200 0.000000 0.000000 0.000000 1.000000
0.999138 -0.015603 -0.038480 0.017300 0.017259 0.998923 0.043067 10.574800 0.037766 -0.043694 0.998331 -1.117200 0.000000 0.000000 0.000000 1.000000
0.998264 -0.010809 -0.057905 0.017300 0.014098 0.998292 0.056693 10.574800 0.057193 -0.057411 0.996711 -1.117200 0.000000 0.000000 0.000000 1.000000
0.997945 -0.009880 -0.063309 0.017300 0.014599 0.997112 0.074525 10.574800 0.062390 -0.075296 0.995208 -1.117200 0.000000 0.000000 0.000000 1.000000
0.998597 -0.009290 -0.052126 0.017300 0.014046 0.995694 0.091631 10.574800 0.051050 -0.092235 0.994428 -1.117200 0.000000 0.000000 0.000000 1.000000
0.999064 -0.005052 -0.042954 0.017300 0.009474 0.994598 0.103367 10.574800 0.042200 -0.103677 0.993715 -1.117200 0.000000 0.000000 0.000000 1.000000
0.999363 -0.008553 -0.034656 0.017300 0.012280 0.993988 0.108797 10.574800 0.033518 -0.109154 0.993460 -1.117200 0.000000 0.000000 0.000000 1.000000
0.999449 -0.012549 -0.030726 0.017300 0.015787 0.994078 0.107519 10.574800 0.029195 -0.107944 0.993728 -1.117200 0.000000 0.000000 0.000000 1.000000
0.999195 -0.010541 -0.038699 0.017300 0.014393 0.994818 0.100646 10.574800 0.037438 -0.101122 0.994169 -1.117200 0.000000 0.000000 0.000000 1.000000
0.998592 -0.010918 -0.051907 0.017300 0.015851 0.995295 0.095583 10.574800 0.050620 -0.096272 0.994067 -1.117200 0.000000 0.000000 0.000000 1.000000
0.997725 -0.016827 -0.065276 0.017300 0.022860 0.995422 0.092798 10.574800 0.063416 -0.094080 0.993543 -1.117200 0.000000 0.000000 0.000000 1.000000
0.997096 -0.019523 -0.073606 0.017300 0.025814 0.996003 0.085510 10.574800 0.071642 -0.087162 0.993615 -1.117200 0.000000 0.000000 0.000000 1.000000
0.997646 -0.006603 -0.068249 0.017300 0.011351 0.997524 0.069411 10.574800 0.067622 -0.070022 0.995251 -1.117200 0.000000 0.000000 0.000000 1.000000
0.998735 0.010472 -0.049176 0.017300 -0.008211 0.998909 0.045963 10.574800 0.049604 -0.045501 0.997732 -1.117200 0.000000 0.000000 0.000000 1.000000
0.999436 0.017940 -0.028372 0.017300 -0.017433 0.999685 0.018036 10.574800 0.028687 -0.017531 0.999435 -1.117200 0.000000 0.000000 0.000000 1.000000
0.999774 0.013347 -0.016532 0.017300 -0.013598 0.999792 -0.015188 10.574800 0.016325 0.015409 0.999748 -1.117200 0.000000 0.000000 0.000000 1.000000
0.999766 0.002455 -0.021499 0.017300 -0.003443 0.998933 -0.046063 10.574800 0.021363 0.046126 0.998707 -1.117200 0.000000 0.000000 0.000000 1.000000
0.998982 -0.013507 -0.043031 0.017300 0.011062 0.998338 -0.056555 10.574800 0.043724 0.056022 0.997472 -1.117200 0.000000 0.000000 0.000000 1.000000
0.997442 -0.035998 -0.061752 0.017300 0.033043 0.998290 -0.048221 10.574800 0.063382 0.046057 0.996926 -1.117200 0.000000 0.000000 0.000000 1.000000
0.996456 -0.058761 -0.060188 0.017300 0.056664 0.997745 -0.035972 10.574800 0.062166 0.032434 0.997539 -1.117200 0.000000 0.000000 0.000000 1.000000
0.996552 -0.059660 -0.057653 0.017300 0.058276 0.997977 -0.025401 10.574800 0.059052 0.021954 0.998013 -1.117200 0.000000 0.000000 0.000000 1.000000
0.996804 -0.053903 -0.058955 0.017300 0.052702 0.998374 -0.021737 10.574800 0.060031 0.018560 0.998024 -1.117200 0.000000 0.000000 0.000000 1.000000
0.996559 -0.055640 -0.061442 0.017300 0.054315 0.998258 -0.023023 10.574800 0.062616 0.019607 0.997845 -1.117200 0.000000 0.000000 0.000000 1.000000
0.996122 -0.058642 -0.065590 0.017300 0.056982 0.998013 -0.026902 10.574800 0.067037 0.023060 0.997484 -1.117200 0.000000 0.000000 0.000000 1.000000
0.995343 -0.063483 -0.072543 0.017300 0.061221 0.997579 -0.032987 10.574800 0.074462 0.028392 0.996820 -1.117200 0.000000 0.000000 0.000000 1.000000
0.994097 -0.074128 -0.079223 0.017300 0.071127 0.996663 -0.040058 10.574800 0.081928 0.034186 0.996052 -1.117200 0.000000 0.000000 0.000000 1.000000
0.992664 -0.087492 -0.083449 0.017300 0.083814 0.995391 -0.046608 10.574800 0.087142 0.039272 0.995422 -1.117200 0.000000 0.000000 0.000000 1.000000
0.991826 -0.099965 -0.079304 0.017300 0.096104 0.994059 -0.051102 10.574800 0.083941 0.043063 0.995540 -1.117200 0.000000 0.000000 0.000000 1.000000
0.991591 -0.110826 -0.066820 0.017300 0.107494 0.992868 -0.051561 10.574800 0.072057 0.043945 0.996432 -1.117200 0.000000 0.000000 0.000000 1.000000
0.993331 -0.108395 -0.039293 0.017300 0.106811 0.993458 -0.040398 10.574800 0.043415 0.035932 0.998411 -1.117200 0.000000 0.000000 0.000000 1.000000
0.995507 -0.094514 -0.005733 0.017300 0.094342 0.995224 -0.025079 10.574800 0.008076 0.024426 0.999669 -1.117200 0.000000 0.000000 0.000000 1.000000
0.996485 -0.077527 0.031750 0.017300 0.077907 0.996901 -0.010894 10.574800 -0.030807 0.013329 0.999436 -1.117200 0.000000 0.000000 0.000000 1.000000
0.995849 -0.059229 0.069113 0.017300 0.059265 0.998241 0.001537 10.574800 -0.069082 0.002565 0.997608 -1.117200 0.000000 0.000000 0.000000 1.000000</float_array>
        <technique_common>
          <accessor source="#mixamorig_Spine-Matrix-animation-output-transform-array" count="36" stride="16">
            <param type="float4x4"/>
          </accessor>
        </technique_common>
      </source>
      <source id="mixamorig_Spine-Interpolations">
        <Name_array id="mixamorig_Spine-Interpolations-array" count="36">
 LINEAR LINEAR LINEAR LINEAR LINEAR LINEAR LINEAR LINEAR LINEAR LINEAR LINEAR
LINEAR LINEAR LINEAR LINEAR LINEAR LINEAR LINEAR LINEAR LINEAR LINEAR LINEAR LINEAR
LINEAR LINEAR LINEAR LINEAR LINEAR LINEAR LINEAR LINEAR LINEAR LINEAR LINEAR LINEAR
LINEAR</Name_array>
        <technique_common>
          <accessor source="#mixamorig_Spine-Interpolations-array" count="36">
            <param type="name"/>
          </accessor>
        </technique_common>
      </source>
      <sampler id="mixamorig_Spine-Matrix-animation-transform">
        <input semantic="INPUT" source="#mixamorig_Spine-Matrix-animation-input"/>
        <input semantic="OUTPUT" source="#mixamorig_Spine-Matrix-animation-output-transform"/>
        <input semantic="INTERPOLATION" source="#mixamorig_Spine-Interpolations"/>
      </sampler>
      <channel source="#mixamorig_Spine-Matrix-animation-transform" target="mixamorig_Spine/matrix"/>
    </animation>
    <animation id="mixamorig_Spine1-anim" name="mixamorig_Spine1">
      <source id="mixamorig_Spine1-Matrix-animation-input">
        <float_array id="mixamorig_Spine1-Matrix-animation-input-array" count="36">

0.000000 0.033333 0.066667 0.100000 0.133333 0.166667 0.200000 0.233333 0.266667 0.300000 0.333333 0.366667 0.400000 0.433333 0.466667 0.500000
0.533333 0.566667 0.600000 0.633333 0.666667 0.700000 0.733333 0.766667 0.800000 0.833333 0.866667 0.900000 0.933333 0.966667 1.000000 1.033333
1.066667 1.100000 1.133333 1.166667</float_array>
        <technique_common>
          <accessor source="#mixamorig_Spine1-Matrix-animation-input-array" count="36">
            <param name="TIME" type="float"/>
          </accessor>
        </technique_common>
      </source>
      <source id="mixamorig_Spine1-Matrix-animation-output-transform">
        <float_array id="mixamorig_Spine1-Matrix-animation-output-transform-array" count="576">

0.989844 -0.089709 0.110273 0.000000 0.111813 0.970353 -0.214275 12.406000 -0.087782 0.224429 0.970529 -0.000000 0.000000 0.000000 0.000000 1.000000
0.995366 -0.067209 0.068770 0.000000 0.079212 0.978552 -0.190163 12.406000 -0.054515 0.194730 0.979341 0.000000 0.000000 0.000000 0.000000 1.000000
0.999184 -0.035104 0.019958 0.000000 0.037921 0.985564 -0.165001 12.406000 -0.013878 0.165624 0.986091 0.000000 0.000000 0.000000 0.000000 1.000000
0.999344 -0.017817 -0.031522 -0.000000 0.013122 0.989586 -0.143344 12.406000 0.033748 0.142836 0.989171 0.000000 0.000000 0.000000 0.000000 1.000000
0.996633 -0.022169 -0.078940 0.000000 0.012276 0.992247 -0.123675 12.406000 0.081070 0.122289 0.989178 0.000000 0.000000 0.000000 0.000000 1.000000
0.993259 -0.028284 -0.112408 0.000000 0.017327 0.995105 -0.097290 12.406000 0.114610 0.094686 0.988888 0.000000 0.000000 0.000000 0.000000 1.000000
0.992205 -0.020835 -0.122860 0.000000 0.013375 0.998034 -0.061236 12.406000 0.123894 0.059115 0.990533 0.000000 0.000000 0.000000 0.000000 1.000000
0.994143 -0.009571 -0.107644 0.000000 0.006769 0.999629 -0.026374 12.406000 0.107857 0.025491 0.993840 0.000000 0.000000 0.000000 0.000000 1.000000
0.995731 -0.000145 -0.092305 0.000000 -0.000111 0.999996 -0.002772 12.406000 0.092305 0.002770 0.995727 0.000000 0.000000 0.000000 0.000000 1.000000
0.996225 0.002810 -0.086758 -0.000000 -0.002086 0.999962 0.008440 12.406000 0.086779 -0.008227 0.996194 -0.000000 0.000000 0.000000 0.000000 1.000000
0.995957 0.001957 -0.089805 0.000000 -0.001418 0.999981 0.006064 12.406000 0.089815 -0.005912 0.995941 0.000000 0.000000 0.000000 0.000000 1.000000
0.994674 0.000890 -0.103067 0.000000 -0.001693 0.999969 -0.007695 12.406000 0.103057 0.007829 0.994645 0.000000 0.000000 0.000000 0.000000 1.000000
0.991612 -0.002806 -0.129222 0.000000 0.000528 0.999844 -0.017654 12.406000 0.129252 0.017438 0.991458 0.000000 0.000000 0.000000 0.000000 1.000000
0.986892 -0.009142 -0.161126 0.000000 0.005576 0.999730 -0.022572 12.406000 0.161289 0.021378 0.986676 0.000000 0.000000 0.000000 0.000000 1.000000
0.983661 -0.008544 -0.179828 0.000000 0.002072 0.999344 -0.036148 12.406000 0.180019 0.035185 0.983034 0.000000 0.000000 0.000000 0.000000 1.000000
0.985642 0.009307 -0.168595 0.000000 -0.021073 0.997454 -0.068133 12.406000 0.167531 0.070707 0.983328 0.000000 0.000000 0.000000 0.000000 1.000000
0.990342 0.036806 -0.133671 0.000000 -0.052393 0.991980 -0.115028 12.406000 0.128365 0.120921 0.984327 0.000000 0.000000 0.000000 0.000000 1.000000
0.994444 0.048079 -0.093647 0.000000 -0.063664 0.983162 -0.171286 12.406000 0.083835 0.176296 0.980761 0.000000 0.000000 0.000000 0.000000 1.000000
0.997715 0.031920 -0.059541 0.000000 -0.045223 0.970306 -0.237615 12.406000 0.050188 0.239765 0.969533 0.000000 0.000000 0.000000 0.000000 1.000000
0.999016 -0.001599 -0.044323 -0.000000 -0.011692 0.954507 -0.297958 12.406000 0.042783 0.298183 0.953549 0.000000 0.000000 0.000000 0.000000 1.000000
0.997067 -0.046969 -0.060421 0.000000 0.025305 0.947442 -0.318924 12.406000 0.072225 0.316460 0.945852 -0.000000 0.000000 0.000000 0.000000 1.000000
0.991196 -0.104262 -0.081612 0.000000 0.074758 0.949425 -0.304965 12.406000 0.109281 0.296178 0.948860 0.000000 0.000000 0.000000 0.000000 1.000000
0.985295 -0.149196 -0.083275 0.000000 0.120235 0.951707 -0.282483 12.406000 0.121398 0.268316 0.955651 0.000000 0.000000 0.000000 0.000000 1.000000
0.984890 -0.151591 -0.083734 0.000000 0.124986 0.956878 -0.262227 12.406000 0.119874 0.247799 0.961367 -0.000000 0.000000 0.000000 0.000000 1.000000
0.985803 -0.140764 -0.091529 0.000000 0.113422 0.960225 -0.255154 12.406000 0.123805 0.241150 0.962559 0.000000 0.000000 0.000000 0.000000 1.000000
0.985461 -0.137304 -0.100075 -0.000000 0.107662 0.960298 -0.257365 12.406000 0.131439 0.242849 0.961118 -0.000000 0.000000 0.000000 0.000000 1.000000
0.984163 -0.139677 -0.109148 0.000000 0.106643 0.958372 -0.264858 12.406000 0.141599 0.249024 0.958090 0.000000 0.000000 0.000000 0.000000 1.000000
0.981301 -0.153096 -0.116659 0.000000 0.115831 0.953768 -0.277327 12.406000 0.153724 0.258629 0.953667 0.000000 0.000000 0.000000 0.000000 1.000000
0.977407 -0.172340 -0.122368 0.000000 0.130601 0.947630 -0.291447 12.406000 0.166187 0.268881 0.948728 -0.000000 0.000000 0.000000 0.000000 1.000000
0.973023 -0.194065 -0.124761 0.000000 0.148640 0.940902 -0.304317 12.406000 0.176445 0.277563 0.944365 0.000000 0.000000 0.000000 0.000000 1.000000
0.969253 -0.214085 -0.121307 0.000000 0.167322 0.934896 -0.313007 12.406000 0.180420 0.283086 0.941972 0.000000 0.000000 0.000000 0.000000 1.000000
0.968380 -0.225450 -0.106833 -0.000000 0.182444 0.932028 -0.313109 12.406000 0.170162 0.283717 0.943689 0.000000 0.000000 0.000000 0.000000 1.000000
0.976406 -0.206896 -0.061855 0.000000 0.180831 0.939945 -0.289487 12.406000 0.118034 0.271472 0.955181 0.000000 0.000000 0.000000 0.000000 1.000000
0.985769 -0.168103 -0.000847 0.000000 0.162212 0.952523 -0.257656 12.406000 0.044120 0.253852 0.966236 -0.000000 0.000000 0.000000 0.000000 1.000000
0.990402 -0.119325 0.069757 0.000000 0.132309 0.964457 -0.228729 12.406000 -0.039984 0.235763 0.970988 0.000000 0.000000 0.000000 0.000000 1.000000
0.987974 -0.068643 0.138547 0.000000 0.096409 0.974021 -0.204910 12.406000 -0.120882 0.215803 0.968925 0.000000 0.000000 0.000000 0.000000 1.000000</float_array>
        <technique_common>
          <accessor source="#mixamorig_Spine1-Matrix-animation-output-transform-array" count="36" stride="16">
            <param type="float4x4"/>
          </accessor>
        </technique_common>
      </source>
      <source id="mixamorig_Spine1-Interpolations">
        <Name_array id="mixamorig_Spine1-Interpolations-array" count="36">
 LINEAR LINEAR LINEAR LINEAR LINEAR LINEAR LINEAR LINEAR LINEAR LINEAR LINEAR
LINEAR LINEAR LINEAR LINEAR LINEAR LINEAR LINEAR LINEAR LINEAR LINEAR LINEAR LINEAR
LINEAR LINEAR LINEAR LINEAR LINEAR LINEAR LINEAR LINEAR LINEAR LINEAR LINEAR LINEAR
LINEAR</Name_array>
        <technique_common>
          <accessor source="#mixamorig_Spine1-Interpolations-array" count="36">
            <param type="name"/>
          </accessor>
        </technique_common>
      </source>
      <sampler id="mixamorig_Spine1-Matrix-animation-transform">
        <input semantic="INPUT" source="#mixamorig_Spine1-Matrix-animation-input"/>
        <input semantic="OUTPUT" source="#mixamorig_Spine1-Matrix-animation-output-transform"/>
        <input semantic="INTERPOLATION" source="#mixamorig_Spine1-Interpolations"/>
      </sampler>
      <channel source="#mixamorig_Spine1-Matrix-animation-transform" target="mixamorig_Spine1/matrix"/>
    </animation>
    <animation id="mixamorig_Spine2-anim" name="mixamorig_Spine2">
      <source id="mixamorig_Spine2-Matrix-animation-input">
        <float_array id="mixamorig_Spine2-Matrix-animation-input-array" count="36">

0.000000 0.033333 0.066667 0.100000 0.133333 0.166667 0.200000 0.233333 0.266667 0.300000 0.333333 0.366667 0.400000 0.433333 0.466667 0.500000
0.533333 0.566667 0.600000 0.633333 0.666667 0.700000 0.733333 0.766667 0.800000 0.833333 0.866667 0.900000 0.933333 0.966667 1.000000 1.033333
1.066667 1.100000 1.133333 1.166667</float_array>
        <technique_common>
          <accessor source="#mixamorig_Spine2-Matrix-animation-input-array" count="36">
            <param name="TIME" type="float"/>
          </accessor>
        </technique_common>
      </source>
      <source id="mixamorig_Spine2-Matrix-animation-output-transform">
        <float_array id="mixamorig_Spine2-Matrix-animation-output-transform-array" count="576">

0.989702 -0.079131 0.119282 0.000000 0.113308 0.942298 -0.315018 14.178300 -0.087471 0.325290 0.941560 0.000000 0.000000 0.000000 0.000000 1.000000
0.995260 -0.061124 0.075646 0.000000 0.080718 0.953034 -0.291908 14.178300 -0.054250 0.296630 0.953450 -0.000000 0.000000 0.000000 0.000000 1.000000
0.999129 -0.034332 0.023731 -0.000000 0.039437 0.962714 -0.267630 14.178300 -0.013658 0.268333 0.963229 0.000000 0.000000 0.000000 0.000000 1.000000
0.999317 -0.022550 -0.029280 0.000000 0.014643 0.969027 -0.246520 14.178300 0.033933 0.245923 0.968695 0.000000 0.000000 0.000000 0.000000 1.000000
0.996600 -0.031855 -0.075979 0.000000 0.013800 0.973741 -0.227240 14.178300 0.081223 0.225419 0.970870 0.000000 0.000000 0.000000 0.000000 1.000000
0.993219 -0.041448 -0.108620 0.000000 0.018855 0.979348 -0.201300 14.178300 0.114720 0.197887 0.973489 0.000000 0.000000 0.000000 0.000000 1.000000
0.992176 -0.035137 -0.119797 -0.000000 0.014907 0.986054 -0.165754 14.178300 0.123950 0.162671 0.978864 -0.000000 0.000000 0.000000 0.000000 1.000000
0.994131 -0.022339 -0.105848 0.000000 0.008301 0.991314 -0.131254 14.178300 0.107861 0.129605 0.985682 0.000000 0.000000 0.000000 0.000000 1.000000
0.995733 -0.011357 -0.091584 0.000000 0.001422 0.994169 -0.107822 14.178300 0.092275 0.107232 0.989943 0.000000 0.000000 0.000000 0.000000 1.000000
0.996232 -0.007835 -0.086378 -0.000000 -0.000554 0.995316 -0.096670 14.178300 0.086731 0.096353 0.991561 0.000000 0.000000 0.000000 0.000000 1.000000
0.995962 -0.009003 -0.089319 0.000000 0.000114 0.995084 -0.099034 14.178300 0.089772 0.098624 0.991067 0.000000 0.000000 0.000000 0.000000 1.000000
0.994678 -0.011455 -0.102396 -0.000000 -0.000160 0.993627 -0.112716 14.178300 0.103034 0.112132 0.988337 0.000000 0.000000 0.000000 0.000000 1.000000
0.991611 -0.017874 -0.128018 0.000000 0.002061 0.992453 -0.122607 14.178300 0.129244 0.121314 0.984164 0.000000 0.000000 0.000000 0.000000 1.000000
0.986882 -0.027521 -0.159080 -0.000000 0.007109 0.991815 -0.127484 14.178300 0.161287 0.124681 0.979000 0.000000 0.000000 0.000000 0.000000 1.000000
0.983653 -0.028886 -0.177742 0.000000 0.003604 0.990011 -0.140945 14.178300 0.180038 0.138001 0.973931 0.000000 0.000000 0.000000 0.000000 1.000000
0.985661 -0.009957 -0.168446 0.000000 -0.019542 0.984805 -0.172559 14.178300 0.167605 0.173376 0.970489 0.000000 0.000000 0.000000 0.000000 1.000000
0.990402 0.021053 -0.136604 0.000000 -0.050869 0.974482 -0.218626 14.178300 0.128516 0.223476 0.966200 -0.000000 0.000000 0.000000 0.000000 1.000000
0.994520 0.036462 -0.097986 -0.000000 -0.062151 0.959820 -0.273648 14.178300 0.084071 0.278238 0.956826 0.000000 0.000000 0.000000 0.000000 1.000000
0.997765 0.023971 -0.062369 0.000000 -0.043728 0.940038 -0.338255 14.178300 0.050521 0.340227 0.938985 0.000000 0.000000 0.000000 0.000000 1.000000
0.999014 -0.007766 -0.043714 0.000000 -0.010218 0.917936 -0.396598 14.178300 0.043207 0.396653 0.916951 0.000000 0.000000 0.000000 0.000000 1.000000
0.996996 -0.054573 -0.054957 0.000000 0.026768 0.908651 -0.416699 14.178300 0.072677 0.413976 0.907382 0.000000 0.000000 0.000000 0.000000 1.000000
0.991038 -0.113766 -0.070012 0.000000 0.076223 0.912014 -0.403014 14.178300 0.109702 0.394066 0.912512 0.000000 0.000000 0.000000 0.000000 1.000000
0.985068 -0.158617 -0.066946 -0.000000 0.121703 0.916577 -0.380888 14.178300 0.121776 0.367053 0.922194 0.000000 0.000000 0.000000 0.000000 1.000000
0.984660 -0.161046 -0.067150 0.000000 0.126461 0.923840 -0.361286 14.178300 0.120220 0.347252 0.930034 0.000000 0.000000 0.000000 0.000000 1.000000
0.985589 -0.151101 -0.076040 0.000000 0.114902 0.927929 -0.354607 14.178300 0.124141 0.340760 0.931918 0.000000 0.000000 0.000000 0.000000 1.000000
0.985253 -0.148556 -0.084903 0.000000 0.109142 0.927778 -0.356815 14.178300 0.131778 0.342286 0.930309 0.000000 0.000000 0.000000 0.000000 1.000000
0.983952 -0.151868 -0.093676 0.000000 0.108120 0.925077 -0.364064 14.178300 0.141947 0.348093 0.926651 -0.000000 0.000000 0.000000 0.000000 1.000000
0.981070 -0.165997 -0.099737 -0.000000 0.117302 0.919174 -0.375978 14.178300 0.154087 0.357162 0.921245 -0.000000 0.000000 0.000000 0.000000 1.000000
0.977146 -0.185728 -0.103392 0.000000 0.132063 0.911564 -0.389372 14.178300 0.166566 0.366819 0.915259 0.000000 0.000000 0.000000 0.000000 1.000000
0.972729 -0.207578 -0.103490 0.000000 0.150092 0.903494 -0.401460 14.178300 0.176838 0.374979 0.910011 0.000000 0.000000 0.000000 0.000000 1.000000
0.968928 -0.227119 -0.097954 0.000000 0.168765 0.896579 -0.409468 14.178300 0.180821 0.380214 0.907051 0.000000 0.000000 0.000000 0.000000 1.000000
0.968037 -0.236899 -0.082366 0.000000 0.183883 0.893694 -0.409265 14.178300 0.170564 0.381038 0.908690 -0.000000 0.000000 0.000000 0.000000 1.000000
0.976090 -0.213733 -0.039585 0.000000 0.182281 0.904052 -0.386606 14.178300 0.118417 0.370147 0.921395 0.000000 0.000000 0.000000 0.000000 1.000000
0.985510 -0.168760 0.017012 -0.000000 0.163680 0.919932 -0.356277 14.178300 0.044475 0.353899 0.934226 0.000000 0.000000 0.000000 0.000000 1.000000
0.990215 -0.112841 0.082101 0.000000 0.133795 0.934885 -0.328769 14.178300 -0.039657 0.336537 0.940835 -0.000000 0.000000 0.000000 0.000000 1.000000
0.987863 -0.055208 0.145186 0.000000 0.097909 0.946953 -0.306094 14.178300 -0.120585 0.316594 0.940865 0.000000 0.000000 0.000000 0.000000 1.000000</float_array>
        <technique_common>
          <accessor source="#mixamorig_Spine2-Matrix-animation-output-transform-array" count="36" stride="16">
            <param type="float4x4"/>
          </accessor>
        </technique_common>
      </source>
      <source id="mixamorig_Spine2-Interpolations">
        <Name_array id="mixamorig_Spine2-Interpolations-array" count="36">
 LINEAR LINEAR LINEAR LINEAR LINEAR LINEAR LINEAR LINEAR LINEAR LINEAR LINEAR
LINEAR LINEAR LINEAR LINEAR LINEAR LINEAR LINEAR LINEAR LINEAR LINEAR LINEAR LINEAR
LINEAR LINEAR LINEAR LINEAR LINEAR LINEAR LINEAR LINEAR LINEAR LINEAR LINEAR LINEAR
LINEAR</Name_array>
        <technique_common>
          <accessor source="#mixamorig_Spine2-Interpolations-array" count="36">
            <param type="name"/>
          </accessor>
        </technique_common>
      </source>
      <sampler id="mixamorig_Spine2-Matrix-animation-transform">
        <input semantic="INPUT" source="#mixamorig_Spine2-Matrix-animation-input"/>
        <input semantic="OUTPUT" source="#mixamorig_Spine2-Matrix-animation-output-transform"/>
        <input semantic="INTERPOLATION" source="#mixamorig_Spine2-Interpolations"/>
      </sampler>
      <channel source="#mixamorig_Spine2-Matrix-animation-transform" target="mixamorig_Spine2/matrix"/>
    </animation>
    <animation id="mixamorig_Neck-anim" name="mixamorig_Neck">
      <source id="mixamorig_Neck-Matrix-animation-input">
        <float_array id="mixamorig_Neck-Matrix-animation-input-array" count="36">

0.000000 0.033333 0.066667 0.100000 0.133333 0.166667 0.200000 0.233333 0.266667 0.300000 0.333333 0.366667 0.400000 0.433333 0.466667 0.500000
0.533333 0.566667 0.600000 0.633333 0.666667 0.700000 0.733333 0.766667 0.800000 0.833333 0.866667 0.900000 0.933333 0.966667 1.000000 1.033333
1.066667 1.100000 1.133333 1.166667</float_array>
        <technique_common>
          <accessor source="#mixamorig_Neck-Matrix-animation-input-array" count="36">
            <param name="TIME" type="float"/>
          </accessor>
        </technique_common>
      </source>
      <source id="mixamorig_Neck-Matrix-animation-output-transform">
        <float_array id="mixamorig_Neck-Matrix-animation-output-transform-array" count="576">

0.995420 0.095427 0.005643 0.024400 -0.095505 0.995304 0.015745 15.862300 -0.004114 -0.016212 0.999860 -1.675800 0.000000 0.000000 0.000000 1.000000
0.994363 0.105169 0.013456 0.024400 -0.104632 0.993867 -0.035771 15.862300 -0.017135 0.034162 0.999269 -1.675800 0.000000 0.000000 0.000000 1.000000
0.992855 0.117423 0.021223 0.024400 -0.116250 0.991963 -0.049950 15.862300 -0.026917 0.047126 0.998526 -1.675800 0.000000 0.000000 0.000000 1.000000
0.991854 0.122773 0.033941 0.024400 -0.121450 0.991846 -0.038629 15.862300 -0.038407 0.034193 0.998677 -1.675800 0.000000 0.000000 0.000000 1.000000
0.992359 0.112603 0.050442 0.024400 -0.112082 0.993613 -0.013042 15.862300 -0.051589 0.007289 0.998642 -1.675800 0.000000 0.000000 0.000000 1.000000
0.994774 0.080404 0.062928 0.024400 -0.081582 0.996532 0.016374 15.862300 -0.061393 -0.021422 0.997884 -1.675800 0.000000 0.000000 0.000000 1.000000
0.998015 0.019150 0.059991 0.024400 -0.021698 0.998877 0.042117 15.862300 -0.059117 -0.043335 0.997310 -1.675800 0.000000 0.000000 0.000000 1.000000
0.993182 -0.113806 0.025253 0.024400 0.111567 0.990759 0.077128 15.862300 -0.033798 -0.073785 0.996701 -1.675800 0.000000 0.000000 0.000000 1.000000
0.981286 -0.192267 -0.010550 0.024400 0.191919 0.972115 0.134759 15.862300 -0.015654 -0.134262 0.990822 -1.675800 0.000000 0.000000 0.000000 1.000000
0.988810 -0.148365 -0.015591 0.024400 0.148690 0.971670 0.183710 15.862300 -0.012107 -0.183972 0.982857 -1.675800 0.000000 0.000000 0.000000 1.000000
0.995113 -0.097693 -0.014392 0.024400 0.098741 0.986044 0.134044 15.862300 0.001096 -0.134810 0.990871 -1.675800 0.000000 0.000000 0.000000 1.000000
0.999637 -0.022314 -0.015116 0.024400 0.023025 0.998550 0.048654 15.862300 0.014008 -0.048984 0.998701 -1.675800 0.000000 0.000000 0.000000 1.000000
0.997484 0.069995 -0.011278 0.024400 -0.070243 0.997256 -0.023363 15.862300 0.009612 0.024096 0.999663 -1.675800 0.000000 0.000000 0.000000 1.000000
0.988752 0.149438 -0.006133 0.024400 -0.149413 0.985088 -0.085304 15.862300 -0.006706 0.085261 0.996336 -1.675800 0.000000 0.000000 0.000000 1.000000
0.978747 0.205060 -0.002240 0.024400 -0.203289 0.968741 -0.142175 15.862300 -0.026984 0.139609 0.989839 -1.675800 0.000000 0.000000 0.000000 1.000000
0.986522 0.163251 -0.011144 0.024400 -0.162142 0.966112 -0.200844 15.862300 -0.022022 0.199943 0.979560 -1.675800 0.000000 0.000000 0.000000 1.000000
0.996488 0.080405 -0.023371 0.024400 -0.083709 0.963278 -0.255125 15.862300 0.002000 0.256185 0.966626 -1.675800 0.000000 0.000000 0.000000 1.000000
0.998100 -0.043695 -0.043449 0.024400 0.029312 0.956892 -0.288962 15.862300 0.054202 0.287139 0.956354 -1.675800 0.000000 0.000000 0.000000 1.000000
0.977346 -0.198536 -0.073342 0.024400 0.167085 0.936459 -0.308426 15.862300 0.129915 0.289185 0.948417 -1.675800 0.000000 0.000000 0.000000 1.000000
0.931997 -0.353514 -0.080061 0.024400 0.313708 0.897352 -0.310398 15.862300 0.181572 0.264174 0.947229 -1.675800 0.000000 0.000000 0.000000 1.000000
0.874332 -0.481316 -0.062280 0.024400 0.442903 0.843776 -0.303115 15.862300 0.198444 0.237439 0.950917 -1.675800 0.000000 0.000000 0.000000 1.000000
0.885101 -0.460186 -0.069458 0.024400 0.427207 0.862577 -0.271024 15.862300 0.184634 0.210211 0.960063 -1.675800 0.000000 0.000000 0.000000 1.000000
0.978832 -0.203491 -0.021879 0.024400 0.194821 0.959174 -0.205013 15.862300 0.062704 0.196410 0.978515 -1.675800 0.000000 0.000000 0.000000 1.000000
0.997870 0.060249 0.025011 0.024400 -0.055678 0.986389 -0.154717 15.862300 -0.033992 0.152995 0.987642 -1.675800 0.000000 0.000000 0.000000 1.000000
0.996113 0.070368 -0.052980 0.024400 -0.075140 0.992710 -0.094240 15.862300 0.045962 0.097854 0.994139 -1.675800 0.000000 0.000000 0.000000 1.000000
0.980668 -0.053421 -0.188245 0.024400 0.043471 0.997450 -0.056598 15.862300 0.190788 0.047321 0.980490 -1.675800 0.000000 0.000000 0.000000 1.000000
0.943747 -0.167084 -0.285350 0.024400 0.157832 0.985917 -0.055293 15.862300 0.290570 0.007146 0.956827 -1.675800 0.000000 0.000000 0.000000 1.000000
0.934019 -0.184928 -0.305632 0.024400 0.178850 0.982703 -0.048029 15.862300 0.309227 -0.009802 0.950938 -1.675800 0.000000 0.000000 0.000000 1.000000
0.940571 -0.169320 -0.294376 0.024400 0.164987 0.985497 -0.039688 15.862300 0.296826 -0.011239 0.954865 -1.675800 0.000000 0.000000 0.000000 1.000000
0.955414 -0.134555 -0.262827 0.024400 0.130817 0.990898 -0.031753 15.862300 0.264707 -0.004045 0.964320 -1.675800 0.000000 0.000000 0.000000 1.000000
0.972566 -0.086437 -0.215974 0.024400 0.083055 0.996239 -0.024701 15.862300 0.217296 0.006086 0.976087 -1.675800 0.000000 0.000000 0.000000 1.000000
0.986691 -0.032099 -0.159410 0.024400 0.029415 0.999383 -0.019168 15.862300 0.159927 0.014224 0.987026 -1.675800 0.000000 0.000000 0.000000 1.000000
0.994775 0.020789 -0.099957 0.024400 -0.022339 0.999647 -0.014415 15.862300 0.099622 0.016573 0.994887 -1.675800 0.000000 0.000000 0.000000 1.000000
0.996873 0.064370 -0.045843 0.024400 -0.064800 0.997867 -0.007951 15.862300 0.045234 0.010897 0.998917 -1.675800 0.000000 0.000000 0.000000 1.000000
0.995816 0.091186 -0.005945 0.024400 -0.091163 0.995828 0.004003 15.862300 0.006286 -0.003445 0.999974 -1.675800 0.000000 0.000000 0.000000 1.000000
0.995411 0.095114 0.010504 0.024400 -0.095356 0.995115 0.025566 15.862300 -0.008021 -0.026450 0.999618 -1.675800 0.000000 0.000000 0.000000 1.000000</float_array>
        <technique_common>
          <accessor source="#mixamorig_Neck-Matrix-animation-output-transform-array" count="36" stride="16">
            <param type="float4x4"/>
          </accessor>
        </technique_common>
      </source>
      <source id="mixamorig_Neck-Interpolations">
        <Name_array id="mixamorig_Neck-Interpolations-array" count="36">
 LINEAR LINEAR LINEAR LINEAR LINEAR LINEAR LINEAR LINEAR LINEAR LINEAR LINEAR
LINEAR LINEAR LINEAR LINEAR LINEAR LINEAR LINEAR LINEAR LINEAR LINEAR LINEAR LINEAR
LINEAR LINEAR LINEAR LINEAR LINEAR LINEAR LINEAR LINEAR LINEAR LINEAR LINEAR LINEAR
LINEAR</Name_array>
        <technique_common>
          <accessor source="#mixamorig_Neck-Interpolations-array" count="36">
            <param type="name"/>
          </accessor>
        </technique_common>
      </source>
      <sampler id="mixamorig_Neck-Matrix-animation-transform">
        <input semantic="INPUT" source="#mixamorig_Neck-Matrix-animation-input"/>
        <input semantic="OUTPUT" source="#mixamorig_Neck-Matrix-animation-output-transform"/>
        <input semantic="INTERPOLATION" source="#mixamorig_Neck-Interpolations"/>
      </sampler>
      <channel source="#mixamorig_Neck-Matrix-animation-transform" target="mixamorig_Neck/matrix"/>
    </animation>
    <animation id="mixamorig_Head-anim" name="mixamorig_Head">
      <source id="mixamorig_Head-Matrix-animation-input">
        <float_array id="mixamorig_Head-Matrix-animation-input-array" count="36">

0.000000 0.033333 0.066667 0.100000 0.133333 0.166667 0.200000 0.233333 0.266667 0.300000 0.333333 0.366667 0.400000 0.433333 0.466667 0.500000
0.533333 0.566667 0.600000 0.633333 0.666667 0.700000 0.733333 0.766667 0.800000 0.833333 0.866667 0.900000 0.933333 0.966667 1.000000 1.033333
1.066667 1.100000 1.133333 1.166667</float_array>
        <technique_common>
          <accessor source="#mixamorig_Head-Matrix-animation-input-array" count="36">
            <param name="TIME" type="float"/>
          </accessor>
        </technique_common>
      </source>
      <source id="mixamorig_Head-Matrix-animation-output-transform">
        <float_array id="mixamorig_Head-Matrix-animation-output-transform-array" count="576">

0.981682 0.190526 0.000797 0.000000 -0.162892 0.837115 0.522212 5.564000 0.098828 -0.512776 0.852815 0.988100 0.000000 0.000000 0.000000 1.000000
0.989722 0.137040 0.040861 -0.000000 -0.135749 0.810513 0.569773 5.564000 0.044963 -0.569463 0.820786 0.988100 0.000000 0.000000 0.000000 1.000000
0.995461 0.051022 0.080342 0.000000 -0.089542 0.788169 0.608911 5.564000 -0.032255 -0.613341 0.789159 0.988100 0.000000 0.000000 0.000000 1.000000
