<?xml version="1.0" encoding="utf-8"?>
<COLLADA xmlns="http://www.collada.org/2005/11/COLLADASchema" version="1.4.1">
  <asset>
    <contributor>
      <author>Mixamo</author>
      <authoring_tool>COLLADA Mixamo exporter</authoring_tool>
      <comments/>
    </contributor>
    <created>2022-12-10T03:28:43Z</created>
    <modified>2022-12-10T03:28:43Z</modified>
    <revision/>
    <title/>
    <unit meter="0.010000"/>
    <up_axis>Y_UP</up_axis>
  </asset>
  <library_animations>
    <animation id="mixamorig_Hips-anim" name="mixamorig_Hips">
      <source id="mixamorig_Hips-Matrix-animation-input">
        <float_array id="mixamorig_Hips-Matrix-animation-input-array" count="22">

0.000000 0.033333 0.066667 0.100000 0.133333 0.166667 0.200000 0.233333 0.266667 0.300000 0.333333 0.366667 0.400000 0.433333 0.466667 0.500000
0.533333 0.566667 0.600000 0.633333 0.666667 0.700000</float_array>
        <technique_common>
          <accessor source="#mixamorig_Hips-Matrix-animation-input-array" count="22">
            <param name="TIME" type="float"/>
          </accessor>
        </technique_common>
      </source>
      <source id="mixamorig_Hips-Matrix-animation-output-transform">
        <float_array id="mixamorig_Hips-Matrix-animation-output-transform-array" count="352">

0.158631 -0.089316 -0.983290 -0.036346 0.016426 0.996001 -0.087821 92.230675 0.987201 -0.002221 0.159464 0.013955 0.000000 0.000000 0.000000 1.000000
0.182956 -0.106145 -0.977374 -0.748495 0.029042 0.994304 -0.102547 94.021423 0.982692 -0.009624 0.184996 -0.305571 0.000000 0.000000 0.000000 1.000000
0.207207 -0.115491 -0.971456 -1.619972 0.031641 0.993279 -0.111336 95.766754 0.977785 -0.007668 0.209468 -0.410372 0.000000 0.000000 0.000000 1.000000
0.226425 -0.113332 -0.967413 -2.363346 0.020273 0.993541 -0.111648 96.932098 0.973818 0.005668 0.227260 -0.443445 0.000000 0.000000 0.000000 1.000000
0.237488 -0.100966 -0.966129 -2.958618 -0.002788 0.994509 -0.104618 97.090843 0.971386 0.027539 0.235902 -0.419952 0.000000 0.000000 0.000000 1.000000
0.234850 -0.076143 -0.969045 -3.334327 -0.026933 0.996035 -0.084791 96.179466 0.971658 0.046012 0.231868 -0.330943 0.000000 0.000000 0.000000 1.000000
0.207211 -0.048490 -0.977094 -3.527615 -0.046371 0.997161 -0.059320 94.121056 0.977197 0.057601 0.204374 -0.225175 0.000000 0.000000 0.000000 1.000000
0.171943 -0.028340 -0.984699 -3.581494 -0.058188 0.997549 -0.038870 91.632095 0.983387 0.063981 0.169873 -0.069437 0.000000 0.000000 0.000000 1.000000
0.145869 -0.024631 -0.988997 -3.216331 -0.050742 0.998188 -0.032344 89.243446 0.988002 0.054901 0.144355 0.146413 0.000000 0.000000 0.000000 1.000000
0.144275 -0.035339 -0.988906 -2.447582 -0.045178 0.998085 -0.042258 88.968437 0.988506 0.050774 0.142402 0.194622 0.000000 0.000000 0.000000 1.000000
0.148027 -0.053046 -0.987560 -1.737632 -0.047827 0.997008 -0.060723 89.786263 0.987826 0.056221 0.145047 0.166486 0.000000 0.000000 0.000000 1.000000
0.149475 -0.081071 -0.985436 -1.495588 -0.068503 0.993389 -0.092116 91.971008 0.986390 0.081274 0.142933 0.073175 0.000000 0.000000 0.000000 1.000000
0.151644 -0.108920 -0.982416 -1.335034 -0.087553 0.988523 -0.123111 94.234764 0.984550 0.104682 0.140367 -0.037352 0.000000 0.000000 0.000000 1.000000
0.154680 -0.134344 -0.978788 -1.304521 -0.099296 0.983581 -0.150694 96.443344 0.982962 0.120499 0.138800 -0.177892 0.000000 0.000000 0.000000 1.000000
0.158882 -0.148224 -0.976108 -1.538069 -0.085058 0.982935 -0.163105 97.881989 0.983627 0.108940 0.143563 -0.344085 0.000000 0.000000 0.000000 1.000000
0.151804 -0.144138 -0.977845 -1.866662 -0.065997 0.985624 -0.155530 98.038132 0.986205 0.088145 0.140109 -0.430267 0.000000 0.000000 0.000000 1.000000
0.141910 -0.123455 -0.982151 -2.026176 -0.053309 0.989799 -0.132119 96.414719 0.988443 0.071106 0.133881 -0.397439 0.000000 0.000000 0.000000 1.000000
0.137749 -0.092478 -0.986140 -2.172621 -0.043457 0.994109 -0.099296 92.869156 0.989513 0.056533 0.132918 -0.264249 0.000000 0.000000 0.000000 1.000000
0.141964 -0.075458 -0.986991 -1.936545 -0.031838 0.996226 -0.080744 90.911064 0.989360 0.042887 0.139026 -0.150447 0.000000 0.000000 0.000000 1.000000
0.148899 -0.077135 -0.985839 -1.316941 -0.016788 0.996612 -0.080513 90.910217 0.988710 0.028539 0.147099 -0.087774 0.000000 0.000000 0.000000 1.000000
0.153858 -0.082883 -0.984611 -0.679012 -0.000360 0.996471 -0.083937 91.611404 0.988093 0.013269 0.153285 -0.034531 0.000000 0.000000 0.000000 1.000000
0.158577 -0.089316 -0.983299 -0.036347 0.016426 0.996001 -0.087821 92.230675 0.987210 -0.002226 0.159410 0.016468 0.000000 0.000000 0.000000 1.000000</float_array>
        <technique_common>
          <accessor source="#mixamorig_Hips-Matrix-animation-output-transform-array" count="22" stride="16">
            <param type="float4x4"/>
          </accessor>
        </technique_common>
      </source>
      <source id="mixamorig_Hips-Interpolations">
        <Name_array id="mixamorig_Hips-Interpolations-array" count="22">
 LINEAR LINEAR LINEAR LINEAR LINEAR LINEAR LINEAR LINEAR LINEAR LINEAR LINEAR
LINEAR LINEAR LINEAR LINEAR LINEAR LINEAR LINEAR LINEAR LINEAR LINEAR LINEAR</Name_array>
        <technique_common>
          <accessor source="#mixamorig_Hips-Interpolations-array" count="22">
            <param type="name"/>
          </accessor>
        </technique_common>
      </source>
      <sampler id="mixamorig_Hips-Matrix-animation-transform">
        <input semantic="INPUT" source="#mixamorig_Hips-Matrix-animation-input"/>
        <input semantic="OUTPUT" source="#mixamorig_Hips-Matrix-animation-output-transform"/>
        <input semantic="INTERPOLATION" source="#mixamorig_Hips-Interpolations"/>
      </sampler>
      <channel source="#mixamorig_Hips-Matrix-animation-transform" target="mixamorig_Hips/matrix"/>
    </animation>
    <animation id="mixamorig_Spine-anim" name="mixamorig_Spine">
      <source id="mixamorig_Spine-Matrix-animation-input">
        <float_array id="mixamorig_Spine-Matrix-animation-input-array" count="22">

0.000000 0.033333 0.066667 0.100000 0.133333 0.166667 0.200000 0.233333 0.266667 0.300000 0.333333 0.366667 0.400000 0.433333 0.466667 0.500000
0.533333 0.566667 0.600000 0.633333 0.666667 0.700000</float_array>
        <technique_common>
          <accessor source="#mixamorig_Spine-Matrix-animation-input-array" count="22">
            <param name="TIME" type="float"/>
          </accessor>
        </technique_common>
      </source>
      <source id="mixamorig_Spine-Matrix-animation-output-transform">
        <float_array id="mixamorig_Spine-Matrix-animation-output-transform-array" count="352">

0.999764 0.004023 0.021341 0.017300 0.002435 0.955720 -0.294269 10.574800 -0.021580 0.294251 0.955484 -1.117200 0.000000 0.000000 0.000000 1.000000
0.998481 0.039305 0.038612 0.017300 -0.027868 0.964803 -0.261495 10.574800 -0.047531 0.260021 0.964432 -1.117200 0.000000 0.000000 0.000000 1.000000
0.996950 0.057714 0.052530 0.017300 -0.043731 0.970653 -0.236473 10.574800 -0.064636 0.233454 0.970217 -1.117200 0.000000 0.000000 0.000000 1.000000
0.995867 0.059875 0.068295 0.017300 -0.043483 0.974472 -0.220260 10.574800 -0.079740 0.216380 0.973047 -1.117200 0.000000 0.000000 0.000000 1.000000
0.995887 0.047341 0.077248 0.017300 -0.030005 0.976847 -0.211826 10.574800 -0.085487 0.208637 0.974250 -1.117200 0.000000 0.000000 0.000000 1.000000
0.996549 0.035112 0.075209 0.017300 -0.017626 0.974973 -0.221622 10.574800 -0.081108 0.219531 0.972228 -1.117200 0.000000 0.000000 0.000000 1.000000
0.997040 0.032536 0.069668 0.017300 -0.015022 0.971027 -0.238498 10.574800 -0.075409 0.236745 0.968641 -1.117200 0.000000 0.000000 0.000000 1.000000
0.997407 0.040488 0.059500 0.017300 -0.024064 0.966780 -0.254473 10.574800 -0.067827 0.252382 0.965248 -1.117200 0.000000 0.000000 0.000000 1.000000
0.997381 0.063569 0.034493 0.017300 -0.051912 0.961299 -0.270574 10.574800 -0.050359 0.268074 0.962081 -1.117200 0.000000 0.000000 0.000000 1.000000
0.997382 0.071676 -0.009577 0.017300 -0.071494 0.957526 -0.279344 10.574800 -0.010852 0.279298 0.960143 -1.117200 0.000000 0.000000 0.000000 1.000000
0.996317 0.065919 -0.054837 0.017300 -0.078642 0.957359 -0.277991 10.574800 0.034174 0.281280 0.959017 -1.117200 0.000000 0.000000 0.000000 1.000000
0.995259 0.036310 -0.090224 0.017300 -0.058413 0.964901 -0.256034 10.574800 0.077760 0.260090 0.962448 -1.117200 0.000000 0.000000 0.000000 1.000000
0.992394 0.007111 -0.122895 0.017300 -0.036018 0.971413 -0.234648 10.574800 0.117713 0.237290 0.964281 -1.117200 0.000000 0.000000 0.000000 1.000000
0.988563 -0.016557 -0.149896 0.017300 -0.016321 0.976372 -0.215481 10.574800 0.149922 0.215463 0.964935 -1.117200 0.000000 0.000000 0.000000 1.000000
0.986252 -0.017444 -0.164323 0.017300 -0.016959 0.978476 -0.205662 10.574800 0.164374 0.205621 0.964729 -1.117200 0.000000 0.000000 0.000000 1.000000
0.988071 -0.009599 -0.153697 0.017300 -0.023298 0.977248 -0.210814 10.574800 0.152223 0.211880 0.965368 -1.117200 0.000000 0.000000 0.000000 1.000000
0.991217 -0.005179 -0.132146 0.017300 -0.025468 0.973055 -0.229164 10.574800 0.129773 0.230517 0.964376 -1.117200 0.000000 0.000000 0.000000 1.000000
0.993933 -0.006326 -0.109809 0.017300 -0.021933 0.966896 -0.254226 10.574800 0.107782 0.255092 0.960891 -1.117200 0.000000 0.000000 0.000000 1.000000
0.996330 -0.009477 -0.085068 0.017300 -0.014375 0.961209 -0.275446 10.574800 0.084379 0.275658 0.957545 -1.117200 0.000000 0.000000 0.000000 1.000000
0.998592 -0.007120 -0.052567 0.017300 -0.008154 0.958574 -0.284727 10.574800 0.052417 0.284755 0.957166 -1.117200 0.000000 0.000000 0.000000 1.000000
0.999873 -0.001795 -0.015826 0.017300 -0.002868 0.957094 -0.289764 10.574800 0.015667 0.289773 0.956967 -1.117200 0.000000 0.000000 0.000000 1.000000
0.999764 0.004024 0.021341 0.017300 0.002435 0.955720 -0.294269 10.574800 -0.021580 0.294251 0.955484 -1.117200 0.000000 0.000000 0.000000 1.000000</float_array>
        <technique_common>
          <accessor source="#mixamorig_Spine-Matrix-animation-output-transform-array" count="22" stride="16">
            <param type="float4x4"/>
          </accessor>
        </technique_common>
      </source>
      <source id="mixamorig_Spine-Interpolations">
        <Name_array id="mixamorig_Spine-Interpolations-array" count="22">
 LINEAR LINEAR LINEAR LINEAR LINEAR LINEAR LINEAR LINEAR LINEAR LINEAR LINEAR
LINEAR LINEAR LINEAR LINEAR LINEAR LINEAR LINEAR LINEAR LINEAR LINEAR LINEAR</Name_array>
        <technique_common>
          <accessor source="#mixamorig_Spine-Interpolations-array" count="22">
            <param type="name"/>
          </accessor>
        </technique_common>
      </source>
      <sampler id="mixamorig_Spine-Matrix-animation-transform">
        <input semantic="INPUT" source="#mixamorig_Spine-Matrix-animation-input"/>
        <input semantic="OUTPUT" source="#mixamorig_Spine-Matrix-animation-output-transform"/>
        <input semantic="INTERPOLATION" source="#mixamorig_Spine-Interpolations"/>
      </sampler>
      <channel source="#mixamorig_Spine-Matrix-animation-transform" target="mixamorig_Spine/matrix"/>
    </animation>
    <animation id="mixamorig_Spine1-anim" name="mixamorig_Spine1">
      <source id="mixamorig_Spine1-Matrix-animation-input">
        <float_array id="mixamorig_Spine1-Matrix-animation-input-array" count="22">

0.000000 0.033333 0.066667 0.100000 0.133333 0.166667 0.200000 0.233333 0.266667 0.300000 0.333333 0.366667 0.400000 0.433333 0.466667 0.500000
0.533333 0.566667 0.600000 0.633333 0.666667 0.700000</float_array>
        <technique_common>
          <accessor source="#mixamorig_Spine1-Matrix-animation-input-array" count="22">
            <param name="TIME" type="float"/>
          </accessor>
        </technique_common>
      </source>
      <source id="mixamorig_Spine1-Matrix-animation-output-transform">
        <float_array id="mixamorig_Spine1-Matrix-animation-output-transform-array" count="352">

0.999545 0.025821 0.015559 -0.000000 -0.025278 0.999097 -0.034150 12.406000 -0.016426 0.033742 0.999296 0.000000 0.000000 0.000000 0.000000 1.000000
0.999423 0.026887 0.020759 0.000000 -0.026214 0.999143 -0.032043 12.406000 -0.021603 0.031480 0.999271 0.000000 0.000000 0.000000 0.000000 1.000000
0.999288 0.028612 0.024608 -0.000000 -0.027801 0.999079 -0.032678 12.406000 -0.025521 0.031970 0.999163 0.000000 0.000000 0.000000 0.000000 1.000000
0.999211 0.027984 0.028180 0.000000 -0.026980 0.999010 -0.035379 12.406000 -0.029142 0.034591 0.998977 0.000000 0.000000 0.000000 0.000000 1.000000
0.999222 0.026099 0.029571 0.000000 -0.024975 0.998975 -0.037743 12.406000 -0.030526 0.036975 0.998850 0.000000 0.000000 0.000000 0.000000 1.000000
0.999314 0.023760 0.028406 0.000000 -0.022626 0.998960 -0.039592 12.406000 -0.029317 0.038922 0.998812 0.000000 0.000000 0.000000 0.000000 1.000000
0.999428 0.020975 0.026532 0.000000 -0.019916 0.999017 -0.039595 12.406000 -0.027336 0.039044 0.998863 0.000000 0.000000 0.000000 0.000000 1.000000
0.999515 0.019776 0.024050 0.000000 -0.018850 0.999095 -0.038140 12.406000 -0.024782 0.037668 0.998983 0.000000 0.000000 0.000000 0.000000 1.000000
0.999578 0.022071 0.018882 -0.000000 -0.021376 0.999115 -0.036236 12.406000 -0.019665 0.035817 0.999165 0.000000 0.000000 0.000000 0.000000 1.000000
0.999645 0.025349 0.008156 -0.000000 -0.025059 0.999111 -0.033894 12.406000 -0.009008 0.033678 0.999392 0.000000 0.000000 0.000000 0.000000 1.000000
0.999607 0.027759 -0.003820 0.000000 -0.027863 0.999146 -0.030497 12.406000 0.002970 0.030591 0.999528 0.000000 0.000000 0.000000 0.000000 1.000000
0.999508 0.027519 -0.015074 0.000000 -0.027886 0.999306 -0.024686 12.406000 0.014384 0.025094 0.999582 0.000000 0.000000 0.000000 0.000000 1.000000
0.999296 0.027451 -0.025565 0.000000 -0.027950 0.999422 -0.019363 12.406000 0.025019 0.020064 0.999486 0.000000 0.000000 0.000000 0.000000 1.000000
0.999018 0.028307 -0.034070 -0.000000 -0.028858 0.999459 -0.015788 12.406000 0.033605 0.016756 0.999295 0.000000 0.000000 0.000000 0.000000 1.000000
0.998772 0.032666 -0.037254 0.000000 -0.033344 0.999287 -0.017725 12.406000 0.036649 0.018946 0.999149 -0.000000 0.000000 0.000000 0.000000 1.000000
0.998865 0.033838 -0.033518 0.000000 -0.034590 0.999157 -0.022111 12.406000 0.032741 0.023245 0.999194 0.000000 0.000000 0.000000 0.000000 1.000000
0.999112 0.032222 -0.027135 0.000000 -0.032945 0.999102 -0.026628 12.406000 0.026253 0.027498 0.999277 0.000000 0.000000 0.000000 0.000000 1.000000
0.999336 0.029924 -0.020778 0.000000 -0.030548 0.999071 -0.030401 12.406000 0.019849 0.031016 0.999322 0.000000 0.000000 0.000000 0.000000 1.000000
0.999506 0.028175 -0.013950 0.000000 -0.028603 0.999094 -0.031515 12.406000 0.013050 0.031899 0.999406 0.000000 0.000000 0.000000 0.000000 1.000000
0.999616 0.027280 -0.004960 -0.000000 -0.027424 0.999121 -0.031707 12.406000 0.004091 0.031830 0.999485 0.000000 0.000000 0.000000 0.000000 1.000000
0.999634 0.026539 0.005228 0.000000 -0.026353 0.999111 -0.032891 12.406000 -0.006097 0.032741 0.999445 0.000000 0.000000 0.000000 0.000000 1.000000
0.999545 0.025821 0.015559 -0.000000 -0.025278 0.999097 -0.034150 12.406000 -0.016426 0.033741 0.999296 0.000000 0.000000 0.000000 0.000000 1.000000</float_array>
        <technique_common>
          <accessor source="#mixamorig_Spine1-Matrix-animation-output-transform-array" count="22" stride="16">
            <param type="float4x4"/>
          </accessor>
        </technique_common>
      </source>
      <source id="mixamorig_Spine1-Interpolations">
        <Name_array id="mixamorig_Spine1-Interpolations-array" count="22">
 LINEAR LINEAR LINEAR LINEAR LINEAR LINEAR LINEAR LINEAR LINEAR LINEAR LINEAR
LINEAR LINEAR LINEAR LINEAR LINEAR LINEAR LINEAR LINEAR LINEAR LINEAR LINEAR</Name_array>
        <technique_common>
          <accessor source="#mixamorig_Spine1-Interpolations-array" count="22">
            <param type="name"/>
          </accessor>
        </technique_common>
      </source>
      <sampler id="mixamorig_Spine1-Matrix-animation-transform">
        <input semantic="INPUT" source="#mixamorig_Spine1-Matrix-animation-input"/>
        <input semantic="OUTPUT" source="#mixamorig_Spine1-Matrix-animation-output-transform"/>
        <input semantic="INTERPOLATION" source="#mixamorig_Spine1-Interpolations"/>
      </sampler>
      <channel source="#mixamorig_Spine1-Matrix-animation-transform" target="mixamorig_Spine1/matrix"/>
    </animation>
    <animation id="mixamorig_Spine2-anim" name="mixamorig_Spine2">
      <source id="mixamorig_Spine2-Matrix-animation-input">
        <float_array id="mixamorig_Spine2-Matrix-animation-input-array" count="22">

0.000000 0.033333 0.066667 0.100000 0.133333 0.166667 0.200000 0.233333 0.266667 0.300000 0.333333 0.366667 0.400000 0.433333 0.466667 0.500000
0.533333 0.566667 0.600000 0.633333 0.666667 0.700000</float_array>
        <technique_common>
          <accessor source="#mixamorig_Spine2-Matrix-animation-input-array" count="22">
            <param name="TIME" type="float"/>
          </accessor>
        </technique_common>
      </source>
      <source id="mixamorig_Spine2-Matrix-animation-output-transform">
        <float_array id="mixamorig_Spine2-Matrix-animation-output-transform-array" count="352">

0.999541 0.026691 0.014311 0.000000 -0.024452 0.990041 -0.138642 14.178300 -0.017869 0.138228 0.990239 0.000000 0.000000 0.000000 0.000000 1.000000
0.999417 0.028279 0.019106 0.000000 -0.025415 0.990335 -0.136348 14.178300 -0.022777 0.135783 0.990477 0.000000 0.000000 0.000000 0.000000 1.000000
0.999282 0.030442 0.022576 0.000000 -0.027075 0.990224 -0.136832 14.178300 -0.026521 0.136122 0.990337 0.000000 0.000000 0.000000 0.000000 1.000000
0.999203 0.030300 0.025995 0.000000 -0.026387 0.989869 -0.139509 14.178300 -0.029959 0.138711 0.989880 0.000000 0.000000 0.000000 0.000000 1.000000
0.999213 0.028623 0.027460 0.000000 -0.024444 0.989568 -0.141981 14.178300 -0.031238 0.141198 0.989488 -0.000000 0.000000 0.000000 0.000000 1.000000
0.999304 0.026189 0.026548 -0.000000 -0.022103 0.989334 -0.143980 14.178300 -0.030035 0.143293 0.989224 0.000000 0.000000 0.000000 0.000000 1.000000
0.999419 0.023166 0.024982 0.000000 -0.019330 0.989372 -0.144116 14.178300 -0.028055 0.143549 0.989245 -0.000000 0.000000 0.000000 0.000000 1.000000
0.999509 0.021600 0.022684 0.000000 -0.018147 0.989596 -0.142725 14.178300 -0.025531 0.142243 0.989502 -0.000000 0.000000 0.000000 0.000000 1.000000
0.999580 0.023151 0.017438 0.000000 -0.020469 0.989829 -0.140785 14.178300 -0.020520 0.140369 0.989887 0.000000 0.000000 0.000000 0.000000 1.000000
0.999667 0.024955 0.006581 -0.000000 -0.023804 0.990077 -0.138497 14.178300 -0.009972 0.138294 0.990341 0.000000 0.000000 0.000000 0.000000 1.000000
0.999654 0.025718 -0.005477 0.000000 -0.026222 0.990467 -0.135229 14.178300 0.001947 0.135326 0.990799 -0.000000 0.000000 0.000000 0.000000 1.000000
0.999575 0.023899 -0.016678 0.000000 -0.025863 0.991222 -0.129653 14.178300 0.013433 0.130029 0.991419 0.000000 0.000000 0.000000 0.000000 1.000000
0.999382 0.022353 -0.027135 0.000000 -0.025567 0.991883 -0.124557 14.178300 0.024131 0.125174 0.991841 -0.000000 0.000000 0.000000 0.000000 1.000000
0.999121 0.022032 -0.035674 0.000000 -0.026208 0.992287 -0.121158 14.178300 0.032729 0.121986 0.991992 0.000000 0.000000 0.000000 0.000000 1.000000
0.998896 0.025999 -0.039122 0.000000 -0.030639 0.991921 -0.123104 14.178300 0.035606 0.124167 0.991622 0.000000 0.000000 0.000000 0.000000 1.000000
0.998989 0.027667 -0.035432 -0.000000 -0.031973 0.991339 -0.127378 14.178300 0.031601 0.128383 0.991221 -0.000000 0.000000 0.000000 0.000000 1.000000
0.999220 0.026910 -0.028892 0.000000 -0.030493 0.990815 -0.131738 14.178300 0.025082 0.132516 0.990863 0.000000 0.000000 0.000000 0.000000 1.000000
0.999426 0.025491 -0.022299 0.000000 -0.028281 0.990391 -0.135371 14.178300 0.018634 0.135924 0.990544 0.000000 0.000000 0.000000 0.000000 1.000000
0.999577 0.024733 -0.015303 0.000000 -0.026592 0.990300 -0.136380 14.178300 0.011782 0.136729 0.990538 0.000000 0.000000 0.000000 0.000000 1.000000
0.999664 0.025157 -0.006265 0.000000 -0.025777 0.990310 -0.136458 14.178300 0.002771 0.136574 0.990626 0.000000 0.000000 0.000000 0.000000 1.000000
0.999657 0.025902 0.003954 0.000000 -0.025112 0.990182 -0.137510 14.178300 -0.007477 0.137364 0.990492 0.000000 0.000000 0.000000 0.000000 1.000000
0.999541 0.026691 0.014311 -0.000000 -0.024452 0.990041 -0.138642 14.178300 -0.017869 0.138228 0.990239 -0.000000 0.000000 0.000000 0.000000 1.000000</float_array>
        <technique_common>
          <accessor source="#mixamorig_Spine2-Matrix-animation-output-transform-array" count="22" stride="16">
            <param type="float4x4"/>
          </accessor>
        </technique_common>
      </source>
      <source id="mixamorig_Spine2-Interpolations">
        <Name_array id="mixamorig_Spine2-Interpolations-array" count="22">
 LINEAR LINEAR LINEAR LINEAR LINEAR LINEAR LINEAR LINEAR LINEAR LINEAR LINEAR
LINEAR LINEAR LINEAR LINEAR LINEAR LINEAR LINEAR LINEAR LINEAR LINEAR LINEAR</Name_array>
        <technique_common>
          <accessor source="#mixamorig_Spine2-Interpolations-array" count="22">
            <param type="name"/>
          </accessor>
        </technique_common>
      </source>
      <sampler id="mixamorig_Spine2-Matrix-animation-transform">
        <input semantic="INPUT" source="#mixamorig_Spine2-Matrix-animation-input"/>
        <input semantic="OUTPUT" source="#mixamorig_Spine2-Matrix-animation-output-transform"/>
        <input semantic="INTERPOLATION" source="#mixamorig_Spine2-Interpolations"/>
      </sampler>
      <channel source="#mixamorig_Spine2-Matrix-animation-transform" target="mixamorig_Spine2/matrix"/>
    </animation>
    <animation id="mixamorig_Neck-anim" name="mixamorig_Neck">
      <source id="mixamorig_Neck-Matrix-animation-input">
        <float_array id="mixamorig_Neck-Matrix-animation-input-array" count="22">

0.000000 0.033333 0.066667 0.100000 0.133333 0.166667 0.200000 0.233333 0.266667 0.300000 0.333333 0.366667 0.400000 0.433333 0.466667 0.500000
0.533333 0.566667 0.600000 0.633333 0.666667 0.700000</float_array>
        <technique_common>
          <accessor source="#mixamorig_Neck-Matrix-animation-input-array" count="22">
            <param name="TIME" type="float"/>
          </accessor>
        </technique_common>
      </source>
      <source id="mixamorig_Neck-Matrix-animation-output-transform">
        <float_array id="mixamorig_Neck-Matrix-animation-output-transform-array" count="352">

0.972749 0.101190 0.208614 0.024400 -0.099901 0.994857 -0.016732 15.862300 -0.209234 -0.004565 0.977855 -1.675800 0.000000 0.000000 0.000000 1.000000
0.974666 0.099540 0.200297 0.024400 -0.095393 0.994979 -0.030277 15.862300 -0.202305 0.010403 0.979267 -1.675800 0.000000 0.000000 0.000000 1.000000
0.975936 0.100636 0.193447 0.024400 -0.094853 0.994729 -0.038952 15.862300 -0.196348 0.019666 0.980337 -1.675800 0.000000 0.000000 0.000000 1.000000
0.977209 0.101312 0.186544 0.024400 -0.094164 0.994455 -0.046816 15.862300 -0.190253 0.028183 0.981330 -1.675800 0.000000 0.000000 0.000000 1.000000
0.978157 0.097885 0.183379 0.024400 -0.090042 0.994650 -0.050635 15.862300 -0.187354 0.033017 0.981737 -1.675800 0.000000 0.000000 0.000000 1.000000
0.978001 0.092713 0.186862 0.024400 -0.084693 0.995128 -0.050473 15.862300 -0.190631 0.033537 0.981089 -1.675800 0.000000 0.000000 0.000000 1.000000
0.977199 0.084338 0.194858 0.024400 -0.075911 0.995843 -0.050333 15.862300 -0.198294 0.034394 0.979539 -1.675800 0.000000 0.000000 0.000000 1.000000
0.976602 0.069509 0.203511 0.024400 -0.062934 0.997271 -0.038607 15.862300 -0.205639 0.024896 0.978311 -1.675800 0.000000 0.000000 0.000000 1.000000
0.976047 0.049121 0.211942 0.024400 -0.048532 0.998790 -0.007984 15.862300 -0.212078 -0.002493 0.977250 -1.675800 0.000000 0.000000 0.000000 1.000000
0.974053 0.043464 0.222108 0.024400 -0.047913 0.998744 0.014679 15.862300 -0.221191 -0.024940 0.974912 -1.675800 0.000000 0.000000 0.000000 1.000000
0.971286 0.046495 0.233329 0.024400 -0.054171 0.998177 0.026593 15.862300 -0.231667 -0.038469 0.972034 -1.675800 0.000000 0.000000 0.000000 1.000000
0.967375 0.060920 0.245917 0.024400 -0.067410 0.997562 0.018052 15.862300 -0.244218 -0.034040 0.969123 -1.675800 0.000000 0.000000 0.000000 1.000000
0.963225 0.076407 0.257602 0.024400 -0.081298 0.996655 0.008374 15.862300 -0.256101 -0.029009 0.966215 -1.675800 0.000000 0.000000 0.000000 1.000000
0.959312 0.092453 0.266783 0.024400 -0.095978 0.995383 0.000176 15.862300 -0.265536 -0.025774 0.963756 -1.675800 0.000000 0.000000 0.000000 1.000000
0.957586 0.103963 0.268738 0.024400 -0.108831 0.994055 0.003237 15.862300 -0.266804 -0.032347 0.963208 -1.675800 0.000000 0.000000 0.000000 1.000000
0.957794 0.112153 0.264674 0.024400 -0.115867 0.993264 -0.001593 15.862300 -0.263069 -0.029141 0.964337 -1.675800 0.000000 0.000000 0.000000 1.000000
0.959425 0.115550 0.257200 0.024400 -0.116728 0.993106 -0.010739 15.862300 -0.256667 -0.019719 0.966299 -1.675800 0.000000 0.000000 0.000000 1.000000
0.961649 0.116711 0.248212 0.024400 -0.115134 0.993130 -0.020913 15.862300 -0.248948 -0.008466 0.968480 -1.675800 0.000000 0.000000 0.000000 1.000000
0.964336 0.114395 0.238684 0.024400 -0.111476 0.993434 -0.025739 15.862300 -0.240061 -0.001786 0.970756 -1.675800 0.000000 0.000000 0.000000 1.000000
0.967201 0.109923 0.228997 0.024400 -0.107389 0.993938 -0.023535 15.862300 -0.230196 -0.001829 0.973143 -1.675800 0.000000 0.000000 0.000000 1.000000
0.970032 0.105561 0.218848 0.024400 -0.103659 0.994408 -0.020184 15.862300 -0.219755 -0.003106 0.975550 -1.675800 0.000000 0.000000 0.000000 1.000000
0.972749 0.101190 0.208613 0.024400 -0.099901 0.994857 -0.016732 15.862300 -0.209233 -0.004565 0.977855 -1.675800 0.000000 0.000000 0.000000 1.000000</float_array>
        <technique_common>
          <accessor source="#mixamorig_Neck-Matrix-animation-output-transform-array" count="22" stride="16">
            <param type="float4x4"/>
          </accessor>
        </technique_common>
      </source>
      <source id="mixamorig_Neck-Interpolations">
        <Name_array id="mixamorig_Neck-Interpolations-array" count="22">
 LINEAR LINEAR LINEAR LINEAR LINEAR LINEAR LINEAR LINEAR LINEAR LINEAR LINEAR
LINEAR LINEAR LINEAR LINEAR LINEAR LINEAR LINEAR LINEAR LINEAR LINEAR LINEAR</Name_array>
        <technique_common>
          <accessor source="#mixamorig_Neck-Interpolations-array" count="22">
            <param type="name"/>
          </accessor>
        </technique_common>
      </source>
      <sampler id="mixamorig_Neck-Matrix-animation-transform">
        <input semantic="INPUT" source="#mixamorig_Neck-Matrix-animation-input"/>
        <input semantic="OUTPUT" source="#mixamorig_Neck-Matrix-animation-output-transform"/>
        <input semantic="INTERPOLATION" source="#mixamorig_Neck-Interpolations"/>
      </sampler>
      <channel source="#mixamorig_Neck-Matrix-animation-transform" target="mixamorig_Neck/matrix"/>
    </animation>
    <animation id="mixamorig_Head-anim" name="mixamorig_Head">
      <source id="mixamorig_Head-Matrix-animation-input">
        <float_array id="mixamorig_Head-Matrix-animation-input-array" count="22">

0.000000 0.033333 0.066667 0.100000 0.133333 0.166667 0.200000 0.233333 0.266667 0.300000 0.333333 0.366667 0.400000 0.433333 0.466667 0.500000
0.533333 0.566667 0.600000 0.633333 0.666667 0.700000</float_array>
        <technique_common>
          <accessor source="#mixamorig_Head-Matrix-animation-input-array" count="22">
            <param name="TIME" type="float"/>
          </accessor>
        </technique_common>
      </source>
      <source id="mixamorig_Head-Matrix-animation-output-transform">
        <float_array id="mixamorig_Head-Matrix-animation-output-transform-array" count="352">

0.863159 0.138810 0.485477 0.000000 -0.232826 0.962572 0.138732 5.564000 -0.448049 -0.232779 0.863172 0.988100 0.000000 0.000000 0.000000 1.000000
0.882231 0.113343 0.456970 0.000000 -0.197161 0.970328 0.139968 5.564000 -0.427546 -0.213580 0.878400 0.988100 0.000000 0.000000 0.000000 1.000000
0.895577 0.096882 0.434231 0.000000 -0.174569 0.974254 0.142672 5.564000 -0.409229 -0.203577 0.889431 0.988100 0.000000 0.000000 0.000000 1.000000
0.905762 0.087721 0.414608 -0.000000 -0.160967 0.976235 0.145106 5.564000 -0.392026 -0.198169 0.898356 0.988100 0.000000 0.000000 0.000000 1.000000
0.908839 0.084462 0.408507 0.000000 -0.155375 0.977363 0.143598 5.564000 -0.387131 -0.193979 0.901389 0.988100 0.000000 0.000000 0.000000 1.000000
0.901877 0.087432 0.423052 -0.000000 -0.161438 0.976565 0.142331 5.564000 -0.400694 -0.196662 0.894857 0.988100 0.000000 0.000000 0.000000 1.000000
0.887990 0.090437 0.450883 0.000000 -0.170158 0.975499 0.139453 5.564000 -0.427224 -0.200554 0.881622 0.988100 0.000000 0.000000 0.000000 1.000000
0.874115 0.087925 0.477695 0.000000 -0.172586 0.975525 0.136252 5.564000 -0.454024 -0.201544 0.867896 0.988100 0.000000 0.000000 0.000000 1.000000
0.861988 0.080798 0.500448 -0.000000 -0.174220 0.974300 0.142780 5.564000 -0.476050 -0.210262 0.853912 0.988100 0.000000 0.000000 0.000000 1.000000
0.849583 0.073549 0.522302 0.000000 -0.182683 0.969972 0.160566 5.564000 -0.494809 -0.231830 0.837508 0.988100 0.000000 0.000000 0.000000 1.000000
0.836533 0.066329 0.543886 0.000000 -0.190346 0.966001 0.174957 5.564000 -0.513790 -0.249884 0.820718 0.988100 0.000000 0.000000 0.000000 1.000000
0.823018 0.058740 0.564970 0.000000 -0.187916 0.966788 0.173229 5.564000 -0.536030 -0.248738 0.806722 0.988100 0.000000 0.000000 0.000000 1.000000
0.810668 0.050657 0.583310 0.000000 -0.183802 0.967907 0.171385 5.564000 -0.555908 -0.246150 0.793963 0.988100 0.000000 0.000000 0.000000 1.000000
0.802643 0.041323 0.595027 0.000000 -0.177177 0.969086 0.171697 5.564000 -0.569537 -0.243236 0.785152 0.988100 0.000000 0.000000 0.000000 1.000000
0.806683 0.031323 0.590154 0.000000 -0.167736 0.969663 0.177813 5.564000 -0.566681 -0.242429 0.787465 0.988100 0.000000 0.000000 0.000000 1.000000
0.814458 0.035601 0.579129 0.000000 -0.168371 0.969670 0.177179 5.564000 -0.555256 -0.241813 0.795749 0.988100 0.000000 0.000000 0.000000 1.000000
0.822540 0.052108 0.566315 -0.000000 -0.177481 0.969580 0.168569 5.564000 -0.540304 -0.239165 0.806766 0.988100 0.000000 0.000000 0.000000 1.000000
0.832298 0.068585 0.550069 0.000000 -0.184097 0.970193 0.157586 5.564000 -0.522865 -0.232424 0.820117 0.988100 0.000000 0.000000 0.000000 1.000000
0.841504 0.085113 0.533504 -0.000000 -0.192148 0.970094 0.148313 5.564000 -0.504926 -0.227318 0.832692 0.988100 0.000000 0.000000 0.000000 1.000000
0.848889 0.103365 0.518366 -0.000000 -0.205496 0.968082 0.143485 5.564000 -0.486990 -0.228325 0.843035 0.988100 0.000000 0.000000 0.000000 1.000000
0.856295 0.121121 0.502084 0.000000 -0.219083 0.965504 0.140727 5.564000 -0.467719 -0.230502 0.853292 0.988100 0.000000 0.000000 0.000000 1.000000
0.863160 0.138810 0.485476 -0.000000 -0.232826 0.962572 0.138732 5.564000 -0.448049 -0.232779 0.863172 0.988100 0.000000 0.000000 0.000000 1.000000</float_array>
        <technique_common>
          <accessor source="#mixamorig_Head-Matrix-animation-output-transform-array" count="22" stride="16">
            <param type="float4x4"/>
          </accessor>
        </technique_common>
      </source>
      <source id="mixamorig_Head-Interpolations">
        <Name_array id="mixamorig_Head-Interpolations-array" count="22">
 LINEAR LINEAR LINEAR LINEAR LINEAR LINEAR LINEAR LINEAR LINEAR LINEAR LINEAR
LINEAR LINEAR LINEAR LINEAR LINEAR LINEAR LINEAR LINEAR LINEAR LINEAR LINEAR</Name_array>
        <technique_common>
          <accessor source="#mixamorig_Head-Interpolations-array" count="22">
            <param type="name"/>
          </accessor>
        </technique_common>
      </source>
      <sampler id="mixamorig_Head-Matrix-animation-transform">
        <input semantic="INPUT" source="#mixamorig_Head-Matrix-animation-input"/>
        <input semantic="OUTPUT" source="#mixamorig_Head-Matrix-animation-output-transform"/>
        <input semantic="INTERPOLATION" source="#mixamorig_Head-Interpolations"/>
      </sampler>
      <channel source="#mixamorig_Head-Matrix-animation-transform" target="mixamorig_Head/matrix"/>
    </animation>
    <animation id="mixamorig_LeftShoulder-anim" name="mixamorig_LeftShoulder">
      <source id="mixamorig_LeftShoulder-Matrix-animation-input">
        <float_array id="mixamorig_LeftShoulder-Matrix-animation-input-array" count="22">

0.000000 0.033333 0.066667 0.100000 0.133333 0.166667 0.200000 0.233333 0.266667 0.300000 0.333333 0.366667 0.400000 0.433333 0.466667 0.500000
0.533333 0.566667 0.600000 0.633333 0.666667 0.700000</float_array>
        <technique_common>
          <accessor source="#mixamorig_LeftShoulder-Matrix-animation-input-array" count="22">
            <param name="TIME" type="float"/>
          </accessor>
        </technique_common>
      </source>
      <source id="mixamorig_LeftShoulder-Matrix-animation-output-transform">
        <float_array id="mixamorig_LeftShoulder-Matrix-animation-output-transform-array" count="352">

0.346376 0.936129 0.060705 5.935000 -0.005616 0.066780 -0.997752 13.670200 -0.938079 0.345257 0.028388 -1.662600 0.000000 0.000000 0.000000 1.000000
0.315680 0.948114 0.037750 5.935000 -0.009870 0.043063 -0.999024 13.670200 -0.948814 0.314999 0.022952 -1.662600 0.000000 0.000000 0.000000 1.000000
0.296141 0.954786 0.026156 5.935000 -0.011296 0.030883 -0.999459 13.670200 -0.955077 0.295686 0.019931 -1.662600 0.000000 0.000000 0.000000 1.000000
0.304591 0.952380 0.014037 5.935000 -0.015665 0.019744 -0.999682 13.670200 -0.952355 0.304274 0.020933 -1.662600 0.000000 0.000000 0.000000 1.000000
0.298277 0.954153 0.024965 5.935000 -0.011794 0.029838 -0.999485 13.670200 -0.954406 0.297829 0.020153 -1.662600 0.000000 0.000000 0.000000 1.000000
0.292173 0.955216 0.046883 5.935000 -0.005014 0.050551 -0.998709 13.670200 -0.956352 0.291560 0.019559 -1.662600 0.000000 0.000000 0.000000 1.000000
0.303518 0.948798 0.087519 5.935000 0.005506 0.090104 -0.995917 13.670200 -0.952810 0.302761 0.022124 -1.662600 0.000000 0.000000 0.000000 1.000000
0.308492 0.945552 0.103755 5.935000 0.009805 0.105909 -0.994328 13.670200 -0.951177 0.307759 0.023401 -1.662600 0.000000 0.000000 0.000000 1.000000
0.320504 0.938709 0.126899 5.935000 0.015738 0.128671 -0.991562 13.670200 -0.947116 0.319797 0.026467 -1.662600 0.000000 0.000000 0.000000 1.000000
0.341170 0.925373 0.165191 5.935000 0.025960 0.166393 -0.985718 13.670200 -0.939643 0.340586 0.032745 -1.662600 0.000000 0.000000 0.000000 1.000000
0.360158 0.912756 0.192776 5.935000 0.034321 0.193539 -0.980492 13.670200 -0.932260 0.359748 0.038378 -1.662600 0.000000 0.000000 0.000000 1.000000
0.367969 0.910762 0.187381 5.935000 0.032498 0.188800 -0.981478 13.670200 -0.929270 0.367243 0.039874 -1.662600 0.000000 0.000000 0.000000 1.000000
0.372470 0.910295 0.180637 5.935000 0.030155 0.182669 -0.982712 13.670200 -0.927554 0.371478 0.040589 -1.662600 0.000000 0.000000 0.000000 1.000000
0.370070 0.912018 0.176837 5.935000 0.028783 0.179004 -0.983427 13.670200 -0.928558 0.369027 0.039993 -1.662600 0.000000 0.000000 0.000000 1.000000
0.358462 0.916351 0.178344 5.935000 0.029324 0.179892 -0.983249 13.670200 -0.933084 0.357687 0.037613 -1.662600 0.000000 0.000000 0.000000 1.000000
0.365791 0.916049 0.164471 5.935000 0.024865 0.167036 -0.985637 13.670200 -0.930365 0.364627 0.038323 -1.662600 0.000000 0.000000 0.000000 1.000000
0.377684 0.913865 0.149014 5.935000 0.019627 0.152996 -0.988032 13.670200 -0.925726 0.376089 0.039848 -1.662600 0.000000 0.000000 0.000000 1.000000
0.375769 0.916448 0.137554 5.935000 0.015940 0.142019 -0.989736 13.670200 -0.926576 0.374104 0.038758 -1.662600 0.000000 0.000000 0.000000 1.000000
0.358815 0.925469 0.121486 5.935000 0.011661 0.125699 -0.992000 13.670200 -0.933336 0.357361 0.034311 -1.662600 0.000000 0.000000 0.000000 1.000000
0.349521 0.931586 0.099910 5.935000 0.005752 0.104500 -0.994508 13.670200 -0.936911 0.348177 0.031166 -1.662600 0.000000 0.000000 0.000000 1.000000
0.347994 0.934049 0.080326 5.935000 0.000036 0.085668 -0.996324 13.670200 -0.937497 0.346717 0.029778 -1.662600 0.000000 0.000000 0.000000 1.000000
0.346377 0.936129 0.060705 5.935000 -0.005616 0.066780 -0.997752 13.670200 -0.938079 0.345257 0.028388 -1.662600 0.000000 0.000000 0.000000 1.000000</float_array>
        <technique_common>
          <accessor source="#mixamorig_LeftShoulder-Matrix-animation-output-transform-array" count="22" stride="16">
            <param type="float4x4"/>
          </accessor>
        </technique_common>
      </source>
      <source id="mixamorig_LeftShoulder-Interpolations">
        <Name_array id="mixamorig_LeftShoulder-Interpolations-array" count="22">
 LINEAR LINEAR LINEAR LINEAR LINEAR LINEAR LINEAR LINEAR LINEAR LINEAR LINEAR
LINEAR LINEAR LINEAR LINEAR LINEAR LINEAR LINEAR LINEAR LINEAR LINEAR LINEAR</Name_array>
        <technique_common>
          <accessor source="#mixamorig_LeftShoulder-Interpolations-array" count="22">
            <param type="name"/>
          </accessor>
        </technique_common>
      </source>
      <sampler id="mixamorig_LeftShoulder-Matrix-animation-transform">
        <input semantic="INPUT" source="#mixamorig_LeftShoulder-Matrix-animation-input"/>
        <input semantic="OUTPUT" source="#mixamorig_LeftShoulder-Matrix-animation-output-transform"/>
        <input semantic="INTERPOLATION" source="#mixamorig_LeftShoulder-Interpolations"/>
      </sampler>
      <channel source="#mixamorig_LeftShoulder-Matrix-animation-transform" target="mixamorig_LeftShoulder/matrix"/>
    </animation>
    <animation id="mixamorig_LeftArm-anim" name="mixamorig_LeftArm">
      <source id="mixamorig_LeftArm-Matrix-animation-input">
        <float_array id="mixamorig_LeftArm-Matrix-animation-input-array" count="22">

0.000000 0.033333 0.066667 0.100000 0.133333 0.166667 0.200000 0.233333 0.266667 0.300000 0.333333 0.366667 0.400000 0.433333 0.466667 0.500000
0.533333 0.566667 0.600000 0.633333 0.666667 0.700000</float_array>
        <technique_common>
          <accessor source="#mixamorig_LeftArm-Matrix-animation-input-array" count="22">
            <param name="TIME" type="float"/>
          </accessor>
        </technique_common>
      </source>
      <source id="mixamorig_LeftArm-Matrix-animation-output-transform">
        <float_array id="mixamorig_LeftArm-Matrix-animation-output-transform-array" count="352">

0.981726 -0.053611 0.182592 -0.000000 0.174094 0.640471 -0.747989 12.607900 -0.076845 0.766109 0.638100 -0.000000 0.000000 0.000000 0.000000 1.000000
0.970889 0.002073 0.239521 0.000000 0.178764 0.659302 -0.730318 12.607900 -0.159431 0.751875 0.639739 0.000000 0.000000 0.000000 0.000000 1.000000
0.961493 0.040498 0.271830 -0.000000 0.175068 0.672197 -0.719377 12.607900 -0.211856 0.739264 0.639222 0.000000 0.000000 0.000000 0.000000 1.000000
0.957696 0.050959 0.283233 -0.000000 0.172736 0.685393 -0.707388 12.607900 -0.230173 0.726388 0.647596 -0.000000 0.000000 0.000000 0.000000 1.000000
0.954490 0.031437 0.296580 -0.000000 0.194320 0.688824 -0.698399 12.607900 -0.226247 0.724247 0.651367 0.000000 0.000000 0.000000 0.000000 1.000000
0.954390 0.002345 0.298555 0.000000 0.214766 0.689254 -0.691957 12.607900 -0.207403 0.724516 0.657313 -0.000000 0.000000 0.000000 0.000000 1.000000
0.964412 -0.015656 0.263941 0.000000 0.204667 0.676195 -0.707723 12.607900 -0.167396 0.736557 0.655334 0.000000 0.000000 0.000000 0.000000 1.000000
0.967868 -0.057305 0.244842 -0.000000 0.216217 0.686766 -0.693976 12.607900 -0.128381 0.724616 0.677089 -0.000000 0.000000 0.000000 0.000000 1.000000
0.970092 -0.121032 0.210409 -0.000000 0.234549 0.690617 -0.684131 12.607900 -0.062510 0.713022 0.698350 0.000000 0.000000 0.000000 0.000000 1.000000
0.974570 -0.161466 0.155379 0.000000 0.223782 0.665236 -0.712308 12.607900 0.011650 0.728965 0.684452 0.000000 0.000000 0.000000 0.000000 1.000000
