<?xml version="1.0" encoding="utf-8"?>
<COLLADA xmlns="http://www.collada.org/2005/11/COLLADASchema" version="1.4.1">
  <asset>
    <contributor>
      <author>Mixamo</author>
      <authoring_tool>COLLADA Mixamo exporter</authoring_tool>
      <comments/>
    </contributor>
    <created>2022-12-10T03:42:26Z</created>
    <modified>2022-12-10T03:42:26Z</modified>
    <revision/>
    <title/>
    <unit meter="0.010000"/>
    <up_axis>Y_UP</up_axis>
  </asset>
  <library_animations>
    <animation id="mixamorig_Hips-anim" name="mixamorig_Hips">
      <source id="mixamorig_Hips-Matrix-animation-input">
        <float_array id="mixamorig_Hips-Matrix-animation-input-array" count="53">

0.000000 0.033333 0.066667 0.100000 0.133333 0.166667 0.200000 0.233333 0.266667 0.300000 0.333333 0.366667 0.400000 0.433333 0.466667 0.500000
0.533333 0.566667 0.600000 0.633333 0.666667 0.700000 0.733333 0.766667 0.800000 0.833333 0.866667 0.900000 0.933333 0.966667 1.000000 1.033333
1.066667 1.100000 1.133333 1.166667 1.200000 1.233333 1.266667 1.300000 1.333333 1.366667 1.400000 1.433333 1.466667 1.500000 1.533333 1.566667
1.600000 1.633333 1.666667 1.700000 1.733333</float_array>
        <technique_common>
          <accessor source="#mixamorig_Hips-Matrix-animation-input-array" count="53">
            <param name="TIME" type="float"/>
          </accessor>
        </technique_common>
      </source>
      <source id="mixamorig_Hips-Matrix-animation-output-transform">
        <float_array id="mixamorig_Hips-Matrix-animation-output-transform-array" count="848">

0.981262 -0.107162 -0.160129 0.002523 0.047225 0.939480 -0.339335 85.591866 0.186801 0.325414 0.926936 0.036376 0.000000 0.000000 0.000000 1.000000
0.972374 -0.103421 -0.209268 0.193818 0.038492 0.955263 -0.293241 82.629036 0.230234 0.277084 0.932854 -0.251892 0.000000 0.000000 0.000000 1.000000
0.961151 -0.101017 -0.256873 0.502937 0.036024 0.968574 -0.246105 79.544556 0.273661 0.227290 0.934585 -0.552530 0.000000 0.000000 0.000000 1.000000
0.936215 -0.103533 -0.335830 1.065047 0.033436 0.977526 -0.208147 76.965324 0.349833 0.183642 0.918636 -0.833178 0.000000 0.000000 0.000000 1.000000
0.873782 -0.110649 -0.473563 2.063165 0.023798 0.982335 -0.185613 75.442986 0.485735 0.150916 0.860979 -0.643498 0.000000 0.000000 0.000000 1.000000
0.772790 -0.124397 -0.622351 3.709607 0.014261 0.983759 -0.178928 74.872536 0.634502 0.129399 0.762013 2.663037 0.000000 0.000000 0.000000 1.000000
0.633015 -0.137181 -0.761888 5.348872 0.003803 0.984713 -0.174142 74.681587 0.774131 0.107337 0.623860 7.563953 0.000000 0.000000 0.000000 1.000000
0.445124 -0.148837 -0.883013 6.743593 -0.006877 0.985493 -0.169577 74.880806 0.895443 0.081555 0.437643 13.916943 0.000000 0.000000 0.000000 1.000000
0.216192 -0.157457 -0.963571 7.906745 -0.017087 0.986149 -0.164980 75.495544 0.976201 0.052132 0.210507 21.325485 0.000000 0.000000 0.000000 1.000000
-0.037266 -0.160868 -0.986272 8.496099 -0.026842 0.986763 -0.159934 76.358795 0.998945 0.020514 -0.041091 29.531942 0.000000 0.000000 0.000000 1.000000
-0.292829 -0.157864 -0.943043 7.891400 -0.035781 0.987395 -0.154178 76.935287 0.955495 -0.011405 -0.294787 38.279667 0.000000 0.000000 0.000000 1.000000
-0.528081 -0.148364 -0.836133 5.733059 -0.043869 0.988071 -0.147618 77.128418 0.848060 -0.041274 -0.528290 46.938225 0.000000 0.000000 0.000000 1.000000
-0.725451 -0.132542 -0.675392 2.721189 -0.050064 0.988845 -0.140282 77.175026 0.686451 -0.067955 -0.723994 55.617630 0.000000 0.000000 0.000000 1.000000
-0.873895 -0.110511 -0.473386 -0.991061 -0.053528 0.989771 -0.132244 77.056503 0.483158 -0.090228 -0.870871 64.186661 0.000000 0.000000 0.000000 1.000000
-0.966753 -0.083786 -0.241596 -5.392467 -0.054987 0.990809 -0.123585 76.801727 0.249730 -0.106192 -0.962475 72.510338 0.000000 0.000000 0.000000 1.000000
-0.998504 -0.053734 0.010121 -10.102725 -0.054541 0.991931 -0.114446 76.374069 -0.003890 -0.114826 -0.993378 80.425011 0.000000 0.000000 0.000000 1.000000
-0.962716 -0.021296 0.269673 -14.801876 -0.051453 0.993113 -0.105256 75.804634 -0.265575 -0.115207 -0.957182 87.939941 0.000000 0.000000 0.000000 1.000000
-0.827950 0.016941 0.560547 -19.065447 -0.046187 0.994088 -0.098263 74.881752 -0.558897 -0.107247 -0.822272 94.617447 0.000000 0.000000 0.000000 1.000000
-0.546556 0.054990 0.835615 -22.382977 -0.033396 0.995617 -0.087364 73.497093 -0.836756 -0.075656 -0.542324 100.345856 0.000000 0.000000 0.000000 1.000000
-0.228858 0.062403 0.971458 -23.683350 0.004915 0.998005 -0.062951 71.871681 -0.973447 -0.009632 -0.228708 105.351608 0.000000 0.000000 0.000000 1.000000
0.099716 0.039205 0.994243 -24.127083 0.059625 0.997192 -0.045301 70.190369 -0.993228 0.063799 0.097099 110.229736 0.000000 0.000000 0.000000 1.000000
0.369757 -0.009682 0.929078 -23.406385 0.121060 0.991924 -0.037842 68.526283 -0.921208 0.126467 0.367943 115.122559 0.000000 0.000000 0.000000 1.000000
0.541855 -0.061185 0.838242 -21.808826 0.172880 0.984134 -0.039919 67.215965 -0.822500 0.166546 0.543835 120.965355 0.000000 0.000000 0.000000 1.000000
0.672062 -0.109176 0.732403 -20.392616 0.214505 0.975367 -0.051439 65.915482 -0.708746 0.191674 0.678926 127.050728 0.000000 0.000000 0.000000 1.000000
0.773294 -0.156197 0.614507 -18.940636 0.250069 0.965751 -0.069209 64.806686 -0.582651 0.207188 0.785870 132.543060 0.000000 0.000000 0.000000 1.000000
0.847892 -0.200996 0.490591 -17.605024 0.279443 0.955805 -0.091368 64.286209 -0.450545 0.214563 0.866587 137.769867 0.000000 0.000000 0.000000 1.000000
0.898756 -0.242483 0.365293 -16.400730 0.302535 0.946006 -0.116384 63.931767 -0.317349 0.215115 0.923588 142.973145 0.000000 0.000000 0.000000 1.000000
0.928998 -0.280016 0.241977 -15.039038 0.319581 0.936711 -0.142973 63.621880 -0.186628 0.210153 0.959690 148.402985 0.000000 0.000000 0.000000 1.000000
0.941666 -0.313219 0.123124 -13.453408 0.330971 0.928195 -0.170037 63.464706 -0.061025 0.200869 0.977716 154.310944 0.000000 0.000000 0.000000 1.000000
0.939715 -0.341795 0.010578 -11.545510 0.337096 0.920709 -0.196626 63.361847 0.057467 0.188339 0.980421 160.905869 0.000000 0.000000 0.000000 1.000000
0.925996 -0.365627 -0.094062 -9.423291 0.338526 0.914431 -0.221846 63.106850 0.167126 0.173586 0.970534 168.557190 0.000000 0.000000 0.000000 1.000000
0.903044 -0.385047 -0.190398 -7.219475 0.336061 0.909377 -0.245146 62.520947 0.267536 0.157393 0.950606 176.693649 0.000000 0.000000 0.000000 1.000000
0.873728 -0.399767 -0.277101 -5.080403 0.330145 0.905754 -0.265732 61.766487 0.357216 0.140694 0.923364 184.706055 0.000000 0.000000 0.000000 1.000000
0.840631 -0.409872 -0.354040 -3.142025 0.321322 0.903634 -0.283192 60.957825 0.435995 0.124299 0.891324 191.929886 0.000000 0.000000 0.000000 1.000000
0.806316 -0.415360 -0.421105 -1.542639 0.310013 0.903095 -0.297173 60.260006 0.503732 0.109068 0.856947 197.785477 0.000000 0.000000 0.000000 1.000000
0.773033 -0.416773 -0.478247 -0.396024 0.297199 0.903981 -0.307393 59.990368 0.560440 0.095490 0.822672 202.419601 0.000000 0.000000 0.000000 1.000000
0.743894 -0.413808 -0.524771 0.431875 0.283100 0.906424 -0.313450 60.007023 0.605373 0.084610 0.791432 206.246017 0.000000 0.000000 0.000000 1.000000
0.720581 -0.406639 -0.561611 1.059389 0.267824 0.910344 -0.315507 60.413124 0.639557 0.076935 0.764884 209.658875 0.000000 0.000000 0.000000 1.000000
0.702971 -0.395970 -0.590796 1.501109 0.251621 0.915422 -0.314149 61.547424 0.665221 0.072181 0.743149 212.641251 0.000000 0.000000 0.000000 1.000000
0.690796 -0.382260 -0.613742 1.845820 0.234596 0.921396 -0.309829 63.120186 0.683934 0.070047 0.726173 214.881409 0.000000 0.000000 0.000000 1.000000
0.682956 -0.366143 -0.632068 2.110394 0.216881 0.927924 -0.303184 64.883469 0.697520 0.069978 0.713141 216.795059 0.000000 0.000000 0.000000 1.000000
0.679233 -0.347740 -0.646313 2.252178 0.198427 0.934842 -0.294445 66.765999 0.706590 0.071750 0.703976 218.492523 0.000000 0.000000 0.000000 1.000000
0.678679 -0.327448 -0.657398 2.250932 0.179294 0.941895 -0.284056 68.890579 0.712213 0.074915 0.697954 219.892502 0.000000 0.000000 0.000000 1.000000
0.680477 -0.305591 -0.666007 2.154191 0.159530 0.948871 -0.272384 70.770355 0.715193 0.079103 0.694436 220.991531 0.000000 0.000000 0.000000 1.000000
0.683779 -0.282529 -0.672773 2.002959 0.139233 0.955577 -0.259782 72.220779 0.716282 0.083962 0.692741 221.851746 0.000000 0.000000 0.000000 1.000000
0.687730 -0.258682 -0.678315 1.806770 0.118564 0.961838 -0.246597 73.477158 0.716219 0.089169 0.692155 222.546051 0.000000 0.000000 0.000000 1.000000
0.691474 -0.234533 -0.683270 1.573254 0.097758 0.967510 -0.233167 74.590240 0.715756 0.094434 0.691936 223.116959 0.000000 0.000000 0.000000 1.000000
0.694164 -0.210642 -0.688307 1.309578 0.077127 0.972486 -0.219825 75.610970 0.715673 0.099508 0.691310 223.606842 0.000000 0.000000 0.000000 1.000000
0.694977 -0.187630 -0.694120 1.025556 0.057055 0.976699 -0.206889 76.606438 0.716765 0.104180 0.689489 224.074692 0.000000 0.000000 0.000000 1.000000
0.693111 -0.166178 -0.701414 0.723340 0.037990 0.980132 -0.194672 77.597717 0.719829 0.108283 0.685654 224.533844 0.000000 0.000000 0.000000 1.000000
0.689787 -0.146321 -0.709072 0.396250 0.020266 0.982884 -0.183110 78.601830 0.723728 0.111937 0.680946 224.980820 0.000000 0.000000 0.000000 1.000000
0.688740 -0.126107 -0.713957 0.042875 0.002917 0.985231 -0.171207 79.591537 0.725003 0.115835 0.678935 225.420959 0.000000 0.000000 0.000000 1.000000
0.686713 -0.106028 -0.719155 -0.326153 -0.014370 0.987132 -0.159259 80.560783 0.726787 0.119699 0.676353 225.859329 0.000000 0.000000 0.000000 1.000000</float_array>
        <technique_common>
          <accessor source="#mixamorig_Hips-Matrix-animation-output-transform-array" count="53" stride="16">
            <param type="float4x4"/>
          </accessor>
        </technique_common>
      </source>
      <source id="mixamorig_Hips-Interpolations">
        <Name_array id="mixamorig_Hips-Interpolations-array" count="53">
 LINEAR LINEAR LINEAR LINEAR LINEAR LINEAR LINEAR LINEAR LINEAR LINEAR LINEAR
LINEAR LINEAR LINEAR LINEAR LINEAR LINEAR LINEAR LINEAR LINEAR LINEAR LINEAR LINEAR
LINEAR LINEAR LINEAR LINEAR LINEAR LINEAR LINEAR LINEAR LINEAR LINEAR LINEAR LINEAR
LINEAR LINEAR LINEAR LINEAR LINEAR LINEAR LINEAR LINEAR LINEAR LINEAR LINEAR LINEAR
LINEAR LINEAR LINEAR LINEAR LINEAR LINEAR</Name_array>
        <technique_common>
          <accessor source="#mixamorig_Hips-Interpolations-array" count="53">
            <param type="name"/>
          </accessor>
        </technique_common>
      </source>
      <sampler id="mixamorig_Hips-Matrix-animation-transform">
        <input semantic="INPUT" source="#mixamorig_Hips-Matrix-animation-input"/>
        <input semantic="OUTPUT" source="#mixamorig_Hips-Matrix-animation-output-transform"/>
        <input semantic="INTERPOLATION" source="#mixamorig_Hips-Interpolations"/>
      </sampler>
      <channel source="#mixamorig_Hips-Matrix-animation-transform" target="mixamorig_Hips/matrix"/>
    </animation>
    <animation id="mixamorig_Spine-anim" name="mixamorig_Spine">
      <source id="mixamorig_Spine-Matrix-animation-input">
        <float_array id="mixamorig_Spine-Matrix-animation-input-array" count="53">

0.000000 0.033333 0.066667 0.100000 0.133333 0.166667 0.200000 0.233333 0.266667 0.300000 0.333333 0.366667 0.400000 0.433333 0.466667 0.500000
0.533333 0.566667 0.600000 0.633333 0.666667 0.700000 0.733333 0.766667 0.800000 0.833333 0.866667 0.900000 0.933333 0.966667 1.000000 1.033333
1.066667 1.100000 1.133333 1.166667 1.200000 1.233333 1.266667 1.300000 1.333333 1.366667 1.400000 1.433333 1.466667 1.500000 1.533333 1.566667
1.600000 1.633333 1.666667 1.700000 1.733333</float_array>
        <technique_common>
          <accessor source="#mixamorig_Spine-Matrix-animation-input-array" count="53">
            <param name="TIME" type="float"/>
          </accessor>
        </technique_common>
      </source>
      <source id="mixamorig_Spine-Matrix-animation-output-transform">
        <float_array id="mixamorig_Spine-Matrix-animation-output-transform-array" count="848">

0.990518 0.100560 0.093606 0.017300 -0.057897 0.923430 -0.379374 10.574800 -0.124589 0.370357 0.920496 -1.117200 0.000000 0.000000 0.000000 1.000000
0.988366 0.087141 0.124652 0.017300 -0.036719 0.932062 -0.360434 10.574800 -0.147592 0.351663 0.924418 -1.117200 0.000000 0.000000 0.000000 1.000000
0.984862 0.069539 0.158781 0.017300 -0.011563 0.940320 -0.340096 10.574800 -0.172955 0.333111 0.926889 -1.117200 0.000000 0.000000 0.000000 1.000000
0.979684 0.052356 0.193590 0.017300 0.012211 0.947956 -0.318168 10.574800 -0.200173 0.314069 0.928058 -1.117200 0.000000 0.000000 0.000000 1.000000
0.973448 0.041855 0.225049 0.017300 0.027286 0.954916 -0.295620 10.574800 -0.227276 0.293912 0.928419 -1.117200 0.000000 0.000000 0.000000 1.000000
0.968364 0.040613 0.246217 0.017300 0.029551 0.961062 -0.274749 10.574800 -0.247788 0.273333 0.929457 -1.117200 0.000000 0.000000 0.000000 1.000000
0.967612 0.044454 0.248497 0.017300 0.021788 0.965994 -0.257646 10.574800 -0.251500 0.254716 0.933739 -1.117200 0.000000 0.000000 0.000000 1.000000
0.972400 0.047843 0.228360 0.017300 0.009619 0.969698 -0.244118 10.574800 -0.233120 0.239577 0.942474 -1.117200 0.000000 0.000000 0.000000 1.000000
0.980005 0.049045 0.192832 0.017300 -0.003204 0.972909 -0.231165 10.574800 -0.198946 0.225925 0.953613 -1.117200 0.000000 0.000000 0.000000 1.000000
0.986867 0.047492 0.154393 0.017300 -0.013389 0.976563 -0.214815 10.574800 -0.160977 0.209927 0.964374 -1.117200 0.000000 0.000000 0.000000 1.000000
0.991782 0.041110 0.121154 0.017300 -0.017036 0.980970 -0.193408 10.574800 -0.126799 0.189755 0.973609 -1.117200 0.000000 0.000000 0.000000 1.000000
0.995036 0.026188 0.096009 0.017300 -0.009736 0.985743 -0.167974 10.574800 -0.099040 0.166205 0.981105 -1.117200 0.000000 0.000000 0.000000 1.000000
0.996796 0.002011 0.079956 0.017300 0.009313 0.989966 -0.141001 10.574800 -0.079437 0.141294 0.986775 -1.117200 0.000000 0.000000 0.000000 1.000000
0.996939 -0.028793 0.072688 0.017300 0.037206 0.992413 -0.117183 10.574800 -0.068762 0.119528 0.990447 -1.117200 0.000000 0.000000 0.000000 1.000000
0.995310 -0.064825 0.071804 0.017300 0.072098 0.991979 -0.103824 10.574800 -0.064497 0.108514 0.992000 -1.117200 0.000000 0.000000 0.000000 1.000000
0.991594 -0.106339 0.073705 0.017300 0.113796 0.987865 -0.105700 10.574800 -0.061571 0.113199 0.991663 -1.117200 0.000000 0.000000 0.000000 1.000000
0.985723 -0.149679 0.077111 0.017300 0.158200 0.980111 -0.119813 10.574800 -0.057644 0.130301 0.989797 -1.117200 0.000000 0.000000 0.000000 1.000000
0.979527 -0.183416 0.082983 0.017300 0.193535 0.971435 -0.137323 10.574800 -0.055426 0.150572 0.987044 -1.117200 0.000000 0.000000 0.000000 1.000000
0.976579 -0.194566 0.091851 0.017300 0.206752 0.966774 -0.150338 10.574800 -0.059548 0.165807 0.984359 -1.117200 0.000000 0.000000 0.000000 1.000000
0.977934 -0.183210 0.100399 0.017300 0.197495 0.967440 -0.158288 10.574800 -0.068130 0.174624 0.982275 -1.117200 0.000000 0.000000 0.000000 1.000000
0.980852 -0.165908 0.101997 0.017300 0.181442 0.968761 -0.169059 10.574800 -0.070762 0.184329 0.980314 -1.117200 0.000000 0.000000 0.000000 1.000000
0.982380 -0.160329 0.096046 0.017300 0.176354 0.965356 -0.192323 10.574800 -0.061884 0.205872 0.976620 -1.117200 0.000000 0.000000 0.000000 1.000000
0.981486 -0.166379 0.094888 0.017300 0.184162 0.955886 -0.228836 10.574800 -0.052629 0.242074 0.968829 -1.117200 0.000000 0.000000 0.000000 1.000000
0.979679 -0.168877 0.108214 0.017300 0.192329 0.944050 -0.267917 10.574800 -0.056914 0.283285 0.957346 -1.117200 0.000000 0.000000 0.000000 1.000000
0.979923 -0.158012 0.121584 0.017300 0.188133 0.934717 -0.301513 10.574800 -0.066004 0.318333 0.945678 -1.117200 0.000000 0.000000 0.000000 1.000000
0.984468 -0.137307 0.109405 0.017300 0.166394 0.928493 -0.331985 10.574800 -0.055998 0.345033 0.936919 -1.117200 0.000000 0.000000 0.000000 1.000000
0.991585 -0.110350 0.067692 0.017300 0.127485 0.923274 -0.362371 10.574800 -0.022510 0.367952 0.929572 -1.117200 0.000000 0.000000 0.000000 1.000000
0.997281 -0.072024 0.015596 0.017300 0.072390 0.917822 -0.390335 10.574800 0.013799 0.390403 0.920541 -1.117200 0.000000 0.000000 0.000000 1.000000
0.999406 -0.018449 -0.029101 0.017300 0.004857 0.911578 -0.411097 10.574800 0.034112 0.410712 0.911127 -1.117200 0.000000 0.000000 0.000000 1.000000
0.997309 0.041480 -0.060446 0.017300 -0.063177 0.904561 -0.421638 10.574800 0.037187 0.424323 0.904747 -1.117200 0.000000 0.000000 0.000000 1.000000
0.992779 0.091108 -0.078038 0.017300 -0.115713 0.898876 -0.422649 10.574800 0.031640 0.428627 0.902927 -1.117200 0.000000 0.000000 0.000000 1.000000
0.989186 0.120676 -0.083355 0.017300 -0.144635 0.896872 -0.417973 10.574800 0.024320 0.425510 0.904627 -1.117200 0.000000 0.000000 0.000000 1.000000
0.987754 0.133588 -0.080602 0.017300 -0.155045 0.898120 -0.411511 10.574800 0.017418 0.418969 0.907834 -1.117200 0.000000 0.000000 0.000000 1.000000
0.987453 0.138625 -0.075626 0.017300 -0.157453 0.900817 -0.404646 10.574800 0.012032 0.411476 0.911341 -1.117200 0.000000 0.000000 0.000000 1.000000
0.987236 0.140911 -0.074221 0.017300 -0.158861 0.904361 -0.396098 10.574800 0.011308 0.402833 0.915203 -1.117200 0.000000 0.000000 0.000000 1.000000
0.986610 0.141694 -0.080769 0.017300 -0.161981 0.909110 -0.383773 10.574800 0.019050 0.391717 0.919888 -1.117200 0.000000 0.000000 0.000000 1.000000
0.985486 0.141074 -0.094420 0.017300 -0.166197 0.915097 -0.367390 10.574800 0.034575 0.377750 0.925262 -1.117200 0.000000 0.000000 0.000000 1.000000
0.984196 0.139916 -0.108541 0.017300 -0.169500 0.921772 -0.348722 10.574800 0.051258 0.361609 0.930920 -1.117200 0.000000 0.000000 0.000000 1.000000
0.983456 0.138757 -0.116449 0.017300 -0.170045 0.928743 -0.329426 10.574800 0.062441 0.343778 0.936973 -1.117200 0.000000 0.000000 0.000000 1.000000
0.983566 0.137514 -0.116993 0.017300 -0.167697 0.935906 -0.309771 10.574800 0.066897 0.324300 0.943586 -1.117200 0.000000 0.000000 0.000000 1.000000
0.984297 0.135919 -0.112633 0.017300 -0.163359 0.943151 -0.289448 10.574800 0.066888 0.303302 0.950544 -1.117200 0.000000 0.000000 0.000000 1.000000
0.985476 0.133875 -0.104476 0.017300 -0.157562 0.950307 -0.268497 10.574800 0.063339 0.281059 0.957598 -1.117200 0.000000 0.000000 0.000000 1.000000
0.987033 0.131371 -0.092241 0.017300 -0.150500 0.957218 -0.247151 10.574800 0.055826 0.257829 0.964576 -1.117200 0.000000 0.000000 0.000000 1.000000
0.988761 0.128198 -0.076920 0.017300 -0.142495 0.963790 -0.225399 10.574800 0.045239 0.233826 0.971225 -1.117200 0.000000 0.000000 0.000000 1.000000
0.990438 0.123872 -0.060736 0.017300 -0.133767 0.969981 -0.203084 10.574800 0.033756 0.209267 0.977276 -1.117200 0.000000 0.000000 0.000000 1.000000
0.992001 0.117894 -0.045114 0.017300 -0.124160 0.975757 -0.180228 10.574800 0.022773 0.184388 0.982590 -1.117200 0.000000 0.000000 0.000000 1.000000
0.993466 0.110102 -0.030041 0.017300 -0.113475 0.981051 -0.157042 10.574800 0.012181 0.159424 0.987135 -1.117200 0.000000 0.000000 0.000000 1.000000
0.994789 0.100850 -0.015003 0.017300 -0.101951 0.985757 -0.133751 10.574800 0.001301 0.134583 0.990901 -1.117200 0.000000 0.000000 0.000000 1.000000
0.995870 0.090791 0.000264 0.017300 -0.090205 0.989769 -0.110548 10.574800 -0.010298 0.110068 0.993871 -1.117200 0.000000 0.000000 0.000000 1.000000
0.996633 0.080453 0.015836 0.017300 -0.078769 0.993029 -0.087688 10.574800 -0.022781 0.086145 0.996022 -1.117200 0.000000 0.000000 0.000000 1.000000
0.997032 0.070066 0.031917 0.017300 -0.067864 0.995541 -0.065511 10.574800 -0.036365 0.063151 0.997341 -1.117200 0.000000 0.000000 0.000000 1.000000
0.997020 0.059670 0.048900 0.017300 -0.057520 0.997363 -0.044255 10.574800 -0.051412 0.041311 0.997823 -1.117200 0.000000 0.000000 0.000000 1.000000
0.996514 0.049261 0.067322 0.017300 -0.047745 0.998573 -0.023939 10.574800 -0.068405 0.020641 0.997444 -1.117200 0.000000 0.000000 0.000000 1.000000</float_array>
        <technique_common>
          <accessor source="#mixamorig_Spine-Matrix-animation-output-transform-array" count="53" stride="16">
            <param type="float4x4"/>
          </accessor>
        </technique_common>
      </source>
      <source id="mixamorig_Spine-Interpolations">
        <Name_array id="mixamorig_Spine-Interpolations-array" count="53">
 LINEAR LINEAR LINEAR LINEAR LINEAR LINEAR LINEAR LINEAR LINEAR LINEAR LINEAR
LINEAR LINEAR LINEAR LINEAR LINEAR LINEAR LINEAR LINEAR LINEAR LINEAR LINEAR LINEAR
LINEAR LINEAR LINEAR LINEAR LINEAR LINEAR LINEAR LINEAR LINEAR LINEAR LINEAR LINEAR
LINEAR LINEAR LINEAR LINEAR LINEAR LINEAR LINEAR LINEAR LINEAR LINEAR LINEAR LINEAR
LINEAR LINEAR LINEAR LINEAR LINEAR LINEAR</Name_array>
        <technique_common>
          <accessor source="#mixamorig_Spine-Interpolations-array" count="53">
            <param type="name"/>
          </accessor>
        </technique_common>
      </source>
      <sampler id="mixamorig_Spine-Matrix-animation-transform">
        <input semantic="INPUT" source="#mixamorig_Spine-Matrix-animation-input"/>
        <input semantic="OUTPUT" source="#mixamorig_Spine-Matrix-animation-output-transform"/>
        <input semantic="INTERPOLATION" source="#mixamorig_Spine-Interpolations"/>
      </sampler>
      <channel source="#mixamorig_Spine-Matrix-animation-transform" target="mixamorig_Spine/matrix"/>
    </animation>
    <animation id="mixamorig_Spine1-anim" name="mixamorig_Spine1">
      <source id="mixamorig_Spine1-Matrix-animation-input">
        <float_array id="mixamorig_Spine1-Matrix-animation-input-array" count="53">

0.000000 0.033333 0.066667 0.100000 0.133333 0.166667 0.200000 0.233333 0.266667 0.300000 0.333333 0.366667 0.400000 0.433333 0.466667 0.500000
0.533333 0.566667 0.600000 0.633333 0.666667 0.700000 0.733333 0.766667 0.800000 0.833333 0.866667 0.900000 0.933333 0.966667 1.000000 1.033333
1.066667 1.100000 1.133333 1.166667 1.200000 1.233333 1.266667 1.300000 1.333333 1.366667 1.400000 1.433333 1.466667 1.500000 1.533333 1.566667
1.600000 1.633333 1.666667 1.700000 1.733333</float_array>
        <technique_common>
          <accessor source="#mixamorig_Spine1-Matrix-animation-input-array" count="53">
            <param name="TIME" type="float"/>
          </accessor>
        </technique_common>
      </source>
      <source id="mixamorig_Spine1-Matrix-animation-output-transform">
        <float_array id="mixamorig_Spine1-Matrix-animation-output-transform-array" count="848">

0.999425 0.007967 0.032946 0.000000 -0.006765 0.999313 -0.036428 12.406000 -0.033213 0.036185 0.998793 0.000000 0.000000 0.000000 0.000000 1.000000
0.999168 0.005392 0.040419 0.000000 -0.003933 0.999341 -0.036097 12.406000 -0.040587 0.035909 0.998531 0.000000 0.000000 0.000000 0.000000 1.000000
0.998817 0.002479 0.048566 0.000000 -0.000718 0.999343 -0.036243 12.406000 -0.048624 0.036166 0.998162 0.000000 0.000000 0.000000 0.000000 1.000000
0.998376 -0.000445 0.056959 -0.000000 0.002523 0.999334 -0.036414 12.406000 -0.056905 0.036499 0.997712 0.000000 0.000000 0.000000 0.000000 1.000000
0.997896 -0.002891 0.064775 -0.000000 0.005228 0.999340 -0.035935 12.406000 -0.064629 0.036198 0.997253 -0.000000 0.000000 0.000000 0.000000 1.000000
0.997522 -0.004476 0.070219 0.000000 0.006873 0.999401 -0.033922 12.406000 -0.070025 0.034321 0.996955 0.000000 0.000000 0.000000 0.000000 1.000000
0.997484 -0.005132 0.070700 0.000000 0.007229 0.999540 -0.029437 12.406000 -0.070517 0.029874 0.997063 -0.000000 0.000000 0.000000 0.000000 1.000000
0.997873 -0.005016 0.065002 0.000000 0.006481 0.999729 -0.022346 12.406000 -0.064873 0.022720 0.997635 0.000000 0.000000 0.000000 0.000000 1.000000
0.998472 -0.004322 0.055083 0.000000 0.005118 0.999884 -0.014331 12.406000 -0.055015 0.014591 0.998379 0.000000 0.000000 0.000000 0.000000 1.000000
0.999010 -0.003218 0.044378 0.000000 0.003577 0.999962 -0.008005 12.406000 -0.044350 0.008156 0.998983 -0.000000 0.000000 0.000000 0.000000 1.000000
0.999386 -0.002027 0.034990 -0.000000 0.002188 0.999987 -0.004568 12.406000 -0.034980 0.004642 0.999377 0.000000 0.000000 0.000000 0.000000 1.000000
0.999620 -0.001380 0.027538 0.000000 0.001467 0.999994 -0.003145 12.406000 -0.027533 0.003185 0.999616 0.000000 0.000000 0.000000 0.000000 1.000000
0.999749 -0.001901 0.022325 0.000000 0.001954 0.999995 -0.002371 12.406000 -0.022321 0.002414 0.999748 0.000000 0.000000 0.000000 0.000000 1.000000
0.999809 -0.003731 0.019187 0.000000 0.003761 0.999992 -0.001514 12.406000 -0.019181 0.001586 0.999815 0.000000 0.000000 0.000000 0.000000 1.000000
0.999832 -0.006581 0.017082 -0.000000 0.006585 0.999978 -0.000187 12.406000 -0.017080 0.000299 0.999854 0.000000 0.000000 0.000000 0.000000 1.000000
0.999838 -0.010135 0.014905 0.000000 0.010108 0.999947 0.001885 12.406000 -0.014923 -0.001734 0.999887 0.000000 0.000000 0.000000 0.000000 1.000000
0.999820 -0.014214 0.012606 0.000000 0.014159 0.999890 0.004453 12.406000 -0.012668 -0.004274 0.999911 0.000000 0.000000 0.000000 0.000000 1.000000
0.999763 -0.018622 0.011305 -0.000000 0.018549 0.999806 0.006583 12.406000 -0.011425 -0.006372 0.999914 0.000000 0.000000 0.000000 0.000000 1.000000
0.999663 -0.022961 0.012096 -0.000000 0.022874 0.999712 0.007301 12.406000 -0.012260 -0.007022 0.999900 0.000000 0.000000 0.000000 0.000000 1.000000
0.999544 -0.026613 0.014250 0.000000 0.026525 0.999628 0.006361 12.406000 -0.014414 -0.005981 0.999878 0.000000 0.000000 0.000000 0.000000 1.000000
0.999460 -0.029208 0.015038 0.000000 0.029151 0.999567 0.003956 12.406000 -0.015147 -0.003515 0.999879 0.000000 0.000000 0.000000 0.000000 1.000000
0.999422 -0.031436 0.012972 0.000000 0.031442 0.999506 -0.000241 12.406000 -0.012958 0.000649 0.999916 0.000000 0.000000 0.000000 0.000000 1.000000
0.999339 -0.034641 0.011028 0.000000 0.034719 0.999373 -0.006993 12.406000 -0.010779 0.007371 0.999915 -0.000000 0.000000 0.000000 0.000000 1.000000
0.999187 -0.038107 0.013184 0.000000 0.038321 0.999131 -0.016406 12.406000 -0.012548 0.016898 0.999778 0.000000 0.000000 0.000000 0.000000 1.000000
0.999130 -0.037903 0.017424 -0.000000 0.038369 0.998891 -0.027269 12.406000 -0.016371 0.027914 0.999476 -0.000000 0.000000 0.000000 0.000000 1.000000
0.999378 -0.030689 0.017382 0.000000 0.031324 0.998805 -0.037512 12.406000 -0.016210 0.038033 0.999145 0.000000 0.000000 0.000000 0.000000 1.000000
0.999785 -0.017390 0.011326 0.000000 0.017887 0.998810 -0.045373 12.406000 -0.010523 0.045566 0.998906 0.000000 0.000000 0.000000 0.000000 1.000000
0.999992 -0.001256 0.003843 -0.000000 0.001448 0.998729 -0.050380 12.406000 -0.003775 0.050385 0.998723 0.000000 0.000000 0.000000 0.000000 1.000000
0.999879 0.015568 -0.000550 -0.000000 -0.015575 0.998480 -0.052876 12.406000 -0.000274 0.052879 0.998601 0.000000 0.000000 0.000000 0.000000 1.000000
0.999491 0.031868 -0.001228 0.000000 -0.031888 0.998097 -0.052785 12.406000 -0.000457 0.052798 0.998605 0.000000 0.000000 0.000000 0.000000 1.000000
0.998948 0.045855 0.000131 0.000000 -0.045793 0.997727 -0.049434 12.406000 -0.002398 0.049376 0.998777 0.000000 0.000000 0.000000 0.000000 1.000000
0.998430 0.055981 0.001911 0.000000 -0.055849 0.997527 -0.042668 12.406000 -0.004295 0.042494 0.999087 -0.000000 0.000000 0.000000 0.000000 1.000000
0.998037 0.062531 0.003340 0.000000 -0.062384 0.997488 -0.033547 12.406000 -0.005429 0.033273 0.999432 -0.000000 0.000000 0.000000 0.000000 1.000000
0.997767 0.066673 0.003953 -0.000000 -0.066560 0.997499 -0.023799 12.406000 -0.005530 0.023483 0.999709 0.000000 0.000000 0.000000 0.000000 1.000000
0.997646 0.068517 0.002648 -0.000000 -0.068468 0.997536 -0.015267 12.406000 -0.003687 0.015050 0.999880 0.000000 0.000000 0.000000 0.000000 1.000000
0.997716 0.067524 -0.001955 0.000000 -0.067539 0.997672 -0.009433 12.406000 0.001313 0.009544 0.999954 0.000000 0.000000 0.000000 0.000000 1.000000
0.997880 0.064385 -0.009501 -0.000000 -0.064448 0.997900 -0.006522 12.406000 0.009061 0.007120 0.999934 -0.000000 0.000000 0.000000 0.000000 1.000000
0.997994 0.060929 -0.017199 -0.000000 -0.061031 0.998121 -0.005477 12.406000 0.016833 0.006516 0.999837 -0.000000 0.000000 0.000000 0.000000 1.000000
0.998054 0.058275 -0.022187 0.000000 -0.058405 0.998279 -0.005240 12.406000 0.021843 0.006526 0.999740 0.000000 0.000000 0.000000 0.000000 1.000000
0.998142 0.056009 -0.023990 0.000000 -0.056155 0.998407 -0.005445 12.406000 0.023647 0.006782 0.999697 -0.000000 0.000000 0.000000 0.000000 1.000000
0.998308 0.053048 -0.023807 -0.000000 -0.053205 0.998566 -0.006013 12.406000 0.023453 0.007269 0.999699 -0.000000 0.000000 0.000000 0.000000 1.000000
0.998560 0.048725 -0.022425 0.000000 -0.048888 0.998781 -0.006760 12.406000 0.022068 0.007847 0.999726 -0.000000 0.000000 0.000000 0.000000 1.000000
0.998881 0.042900 -0.019926 0.000000 -0.043058 0.999044 -0.007574 12.406000 0.019582 0.008423 0.999773 0.000000 0.000000 0.000000 0.000000 1.000000
0.999233 0.035596 -0.016338 0.000000 -0.035741 0.999324 -0.008649 12.406000 0.016020 0.009226 0.999829 0.000000 0.000000 0.000000 0.000000 1.000000
0.999561 0.027136 -0.011921 0.000000 -0.027259 0.999576 -0.010253 12.406000 0.011637 0.010573 0.999876 0.000000 0.000000 0.000000 0.000000 1.000000
0.999808 0.018226 -0.007183 -0.000000 -0.018313 0.999757 -0.012243 12.406000 0.006958 0.012372 0.999899 0.000000 0.000000 0.000000 0.000000 1.000000
0.999952 0.009397 -0.002661 0.000000 -0.009433 0.999856 -0.014133 12.406000 0.002528 0.014158 0.999897 0.000000 0.000000 0.000000 0.000000 1.000000
0.999999 0.000708 0.001450 0.000000 -0.000685 0.999877 -0.015650 12.406000 -0.001461 0.015649 0.999876 0.000000 0.000000 0.000000 0.000000 1.000000
0.999954 -0.007970 0.005298 0.000000 0.008059 0.999825 -0.016890 12.406000 -0.005163 0.016932 0.999843 0.000000 0.000000 0.000000 0.000000 1.000000
0.999820 -0.016689 0.009077 -0.000000 0.016851 0.999695 -0.018032 12.406000 -0.008773 0.018182 0.999796 0.000000 0.000000 0.000000 0.000000 1.000000
0.999594 -0.025420 0.012861 0.000000 0.025663 0.999488 -0.019133 12.406000 -0.012368 0.019455 0.999734 0.000000 0.000000 0.000000 0.000000 1.000000
0.999279 -0.034138 0.016643 0.000000 0.034471 0.999202 -0.020173 12.406000 -0.015941 0.020732 0.999658 0.000000 0.000000 0.000000 0.000000 1.000000
0.998873 -0.042846 0.020412 -0.000000 0.043276 0.998840 -0.021134 12.406000 -0.019483 0.021994 0.999568 0.000000 0.000000 0.000000 0.000000 1.000000</float_array>
        <technique_common>
          <accessor source="#mixamorig_Spine1-Matrix-animation-output-transform-array" count="53" stride="16">
            <param type="float4x4"/>
          </accessor>
        </technique_common>
      </source>
      <source id="mixamorig_Spine1-Interpolations">
        <Name_array id="mixamorig_Spine1-Interpolations-array" count="53">
 LINEAR LINEAR LINEAR LINEAR LINEAR LINEAR LINEAR LINEAR LINEAR LINEAR LINEAR
LINEAR LINEAR LINEAR LINEAR LINEAR LINEAR LINEAR LINEAR LINEAR LINEAR LINEAR LINEAR
LINEAR LINEAR LINEAR LINEAR LINEAR LINEAR LINEAR LINEAR LINEAR LINEAR LINEAR LINEAR
LINEAR LINEAR LINEAR LINEAR LINEAR LINEAR LINEAR LINEAR LINEAR LINEAR LINEAR LINEAR
LINEAR LINEAR LINEAR LINEAR LINEAR LINEAR</Name_array>
        <technique_common>
          <accessor source="#mixamorig_Spine1-Interpolations-array" count="53">
            <param type="name"/>
          </accessor>
        </technique_common>
      </source>
      <sampler id="mixamorig_Spine1-Matrix-animation-transform">
        <input semantic="INPUT" source="#mixamorig_Spine1-Matrix-animation-input"/>
        <input semantic="OUTPUT" source="#mixamorig_Spine1-Matrix-animation-output-transform"/>
        <input semantic="INTERPOLATION" source="#mixamorig_Spine1-Interpolations"/>
      </sampler>
      <channel source="#mixamorig_Spine1-Matrix-animation-transform" target="mixamorig_Spine1/matrix"/>
    </animation>
    <animation id="mixamorig_Spine2-anim" name="mixamorig_Spine2">
      <source id="mixamorig_Spine2-Matrix-animation-input">
        <float_array id="mixamorig_Spine2-Matrix-animation-input-array" count="53">

0.000000 0.033333 0.066667 0.100000 0.133333 0.166667 0.200000 0.233333 0.266667 0.300000 0.333333 0.366667 0.400000 0.433333 0.466667 0.500000
0.533333 0.566667 0.600000 0.633333 0.666667 0.700000 0.733333 0.766667 0.800000 0.833333 0.866667 0.900000 0.933333 0.966667 1.000000 1.033333
1.066667 1.100000 1.133333 1.166667 1.200000 1.233333 1.266667 1.300000 1.333333 1.366667 1.400000 1.433333 1.466667 1.500000 1.533333 1.566667
1.600000 1.633333 1.666667 1.700000 1.733333</float_array>
        <technique_common>
          <accessor source="#mixamorig_Spine2-Matrix-animation-input-array" count="53">
            <param name="TIME" type="float"/>
          </accessor>
        </technique_common>
      </source>
      <source id="mixamorig_Spine2-Matrix-animation-output-transform">
        <float_array id="mixamorig_Spine2-Matrix-animation-output-transform-array" count="848">

0.999398 0.011450 0.032748 -0.000000 -0.006724 0.989996 -0.140939 14.178300 -0.034034 0.140634 0.989477 0.000000 0.000000 0.000000 0.000000 1.000000
0.999137 0.009915 0.040325 0.000000 -0.004147 0.990045 -0.140687 14.178300 -0.041319 0.140399 0.989233 0.000000 0.000000 0.000000 0.000000 1.000000
0.998785 0.008185 0.048596 0.000000 -0.001256 0.990017 -0.140944 14.178300 -0.049264 0.140711 0.988824 0.000000 0.000000 0.000000 0.000000 1.000000
0.998347 0.006466 0.057112 0.000000 0.001667 0.989976 -0.141227 14.178300 -0.057452 0.141088 0.988329 -0.000000 0.000000 0.000000 0.000000 1.000000
0.997871 0.005051 0.065022 0.000000 0.004165 0.990027 -0.140819 14.178300 -0.065085 0.140790 0.987898 -0.000000 0.000000 0.000000 0.000000 1.000000
0.997502 0.004083 0.070515 -0.000000 0.005760 0.990301 -0.138821 14.178300 -0.070398 0.138880 0.987804 0.000000 0.000000 0.000000 0.000000 1.000000
0.997470 0.003421 0.071011 -0.000000 0.006164 0.990917 -0.134331 14.178300 -0.070826 0.134429 0.988389 0.000000 0.000000 0.000000 0.000000 1.000000
0.997861 0.002862 0.065311 -0.000000 0.005484 0.991855 -0.127253 14.178300 -0.065143 0.127339 0.989718 -0.000000 0.000000 0.000000 0.000000 1.000000
0.998463 0.002392 0.055377 0.000000 0.004236 0.992853 -0.119265 14.178300 -0.055267 0.119316 0.991317 0.000000 0.000000 0.000000 0.000000 1.000000
0.999001 0.002092 0.044637 -0.000000 0.002966 0.993595 -0.112960 14.178300 -0.044588 0.112979 0.992596 0.000000 0.000000 0.000000 0.000000 1.000000
0.999378 0.001828 0.035207 0.000000 0.002041 0.993981 -0.109535 14.178300 -0.035195 0.109538 0.993359 0.000000 0.000000 0.000000 0.000000 1.000000
0.999614 0.001147 0.027747 0.000000 0.001861 0.994134 -0.108139 14.178300 -0.027709 0.108149 0.993749 0.000000 0.000000 0.000000 0.000000 1.000000
0.999744 -0.000385 0.022605 0.000000 0.002812 0.994210 -0.107421 14.178300 -0.022432 0.107458 0.993957 0.000000 0.000000 0.000000 0.000000 1.000000
0.999804 -0.002859 0.019615 0.000000 0.004935 0.994285 -0.106641 14.178300 -0.019198 0.106717 0.994104 0.000000 0.000000 0.000000 0.000000 1.000000
0.999825 -0.006117 0.017704 -0.000000 0.007950 0.994400 -0.105382 14.178300 -0.016960 0.105504 0.994274 0.000000 0.000000 0.000000 0.000000 1.000000
0.999826 -0.010006 0.015731 0.000000 0.011579 0.994578 -0.103349 14.178300 -0.014612 0.103513 0.994521 0.000000 0.000000 0.000000 0.000000 1.000000
0.999804 -0.014373 0.013640 0.000000 0.015676 0.994784 -0.100794 14.178300 -0.012120 0.100988 0.994814 0.000000 0.000000 0.000000 0.000000 1.000000
0.999742 -0.018919 0.012564 0.000000 0.020068 0.994917 -0.098681 14.178300 -0.010633 0.098908 0.995040 0.000000 0.000000 0.000000 0.000000 1.000000
0.999640 -0.023134 0.013611 0.000000 0.024359 0.994887 -0.098012 14.178300 -0.011274 0.098308 0.995092 0.000000 0.000000 0.000000 0.000000 1.000000
0.999520 -0.026507 0.016040 0.000000 0.027968 0.994693 -0.099015 14.178300 -0.013330 0.099416 0.994957 0.000000 0.000000 0.000000 0.000000 1.000000
0.999433 -0.029010 0.017063 0.000000 0.030594 0.994372 -0.101432 14.178300 -0.014025 0.101897 0.994696 0.000000 0.000000 0.000000 0.000000 1.000000
0.999389 -0.031499 0.015146 0.000000 0.032925 0.993868 -0.105554 14.178300 -0.011728 0.105988 0.994298 0.000000 0.000000 0.000000 0.000000 1.000000
0.999302 -0.034887 0.013324 0.000000 0.036164 0.993025 -0.112220 14.178300 -0.009316 0.112624 0.993594 0.000000 0.000000 0.000000 0.000000 1.000000
0.999159 -0.037919 0.015632 0.000000 0.039543 0.991787 -0.121634 14.178300 -0.010891 0.122150 0.992452 0.000000 0.000000 0.000000 0.000000 1.000000
0.999117 -0.036981 0.019934 0.000000 0.039303 0.990400 -0.132527 14.178300 -0.014842 0.133193 0.990979 0.000000 0.000000 0.000000 0.000000 1.000000
0.999366 -0.029658 0.019677 0.000000 0.032167 0.989247 -0.142675 14.178300 -0.015234 0.143218 0.989574 0.000000 0.000000 0.000000 0.000000 1.000000
0.999768 -0.017128 0.013083 0.000000 0.018901 0.988458 -0.150314 14.178300 -0.010358 0.150527 0.988552 0.000000 0.000000 0.000000 0.000000 1.000000
0.999986 -0.001979 0.004838 0.000000 0.002705 0.987891 -0.155124 14.178300 -0.004472 0.155135 0.987883 -0.000000 0.000000 0.000000 0.000000 1.000000
0.999898 0.014298 -0.000462 0.000000 -0.014192 0.987412 -0.157532 14.178300 -0.001796 0.157522 0.987514 0.000000 0.000000 0.000000 0.000000 1.000000
0.999530 0.030581 -0.002112 0.000000 -0.030532 0.987061 -0.157410 14.178300 -0.002729 0.157400 0.987531 -0.000000 0.000000 0.000000 0.000000 1.000000
0.998993 0.044826 -0.001620 0.000000 -0.044541 0.987064 -0.154015 14.178300 -0.005304 0.153932 0.988067 -0.000000 0.000000 0.000000 0.000000 1.000000
0.998473 0.055237 -0.000396 0.000000 -0.054693 0.987593 -0.147203 14.178300 -0.007740 0.147000 0.989106 0.000000 0.000000 0.000000 0.000000 1.000000
0.998077 0.061975 0.000793 0.000000 -0.061272 0.988525 -0.138073 14.178300 -0.009341 0.137759 0.990422 -0.000000 0.000000 0.000000 0.000000 1.000000
0.997810 0.066129 0.001158 0.000000 -0.065434 0.989566 -0.128363 14.178300 -0.009634 0.128006 0.991727 0.000000 0.000000 0.000000 0.000000 1.000000
0.997708 0.067660 -0.000743 0.000000 -0.067261 0.990500 -0.119938 14.178300 -0.007380 0.119714 0.992781 -0.000000 0.000000 0.000000 0.000000 1.000000
0.997806 0.065933 -0.006031 0.000000 -0.066190 0.991234 -0.114339 14.178300 -0.001560 0.114487 0.993423 -0.000000 0.000000 0.000000 0.000000 1.000000
0.997994 0.061815 -0.013680 -0.000000 -0.062960 0.991736 -0.111783 14.178300 0.006657 0.112420 0.993638 -0.000000 0.000000 0.000000 0.000000 1.000000
0.998126 0.057532 -0.020842 0.000000 -0.059499 0.992032 -0.111051 14.178300 0.014287 0.112083 0.993596 0.000000 0.000000 0.000000 0.000000 1.000000
0.998192 0.054519 -0.025287 0.000000 -0.057000 0.992206 -0.110809 14.178300 0.019049 0.112050 0.993520 -0.000000 0.000000 0.000000 0.000000 1.000000
0.998262 0.052430 -0.026911 0.000000 -0.055103 0.992318 -0.110762 14.178300 0.020897 0.112053 0.993483 0.000000 0.000000 0.000000 0.000000 1.000000
0.998386 0.050139 -0.026690 -0.000000 -0.052802 0.992442 -0.110777 14.178300 0.020934 0.112008 0.993487 -0.000000 0.000000 0.000000 0.000000 1.000000
0.998580 0.046967 -0.025147 0.000000 -0.049474 0.992623 -0.110684 14.178300 0.019763 0.111771 0.993537 0.000000 0.000000 0.000000 0.000000 1.000000
0.998837 0.042736 -0.022329 0.000000 -0.044949 0.992867 -0.110431 14.178300 0.017451 0.111306 0.993633 0.000000 0.000000 0.000000 0.000000 1.000000
0.999132 0.037397 -0.018340 -0.000000 -0.039195 0.993134 -0.110221 14.178300 0.014093 0.110844 0.993738 -0.000000 0.000000 0.000000 0.000000 1.000000
0.999423 0.031189 -0.013479 0.000000 -0.032488 0.993362 -0.110345 14.178300 0.009948 0.110720 0.993802 0.000000 0.000000 0.000000 0.000000 1.000000
0.999661 0.024694 -0.008272 0.000000 -0.025459 0.993523 -0.110739 14.178300 0.005484 0.110912 0.993815 0.000000 0.000000 0.000000 0.000000 1.000000
0.999827 0.018305 -0.003262 0.000000 -0.018554 0.993647 -0.110999 14.178300 0.001209 0.111040 0.993815 0.000000 0.000000 0.000000 0.000000 1.000000
