<?xml version="1.0" encoding="utf-8"?>
<COLLADA xmlns="http://www.collada.org/2005/11/COLLADASchema" version="1.4.1">
  <asset>
    <contributor>
      <author>Mixamo</author>
      <authoring_tool>COLLADA Mixamo exporter</authoring_tool>
      <comments/>
    </contributor>
    <created>2022-12-10T03:19:42Z</created>
    <modified>2022-12-10T03:19:42Z</modified>
    <revision/>
    <title/>
    <unit meter="0.010000"/>
    <up_axis>Y_UP</up_axis>
  </asset>
  <library_animations>
    <animation id="mixamorig_Hips-anim" name="mixamorig_Hips">
      <source id="mixamorig_Hips-Matrix-animation-input">
        <float_array id="mixamorig_Hips-Matrix-animation-input-array" count="22">

0.000000 0.033333 0.066667 0.100000 0.133333 0.166667 0.200000 0.233333 0.266667 0.300000 0.333333 0.366667 0.400000 0.433333 0.466667 0.500000
0.533333 0.566667 0.600000 0.633333 0.666667 0.700000</float_array>
        <technique_common>
          <accessor source="#mixamorig_Hips-Matrix-animation-input-array" count="22">
            <param name="TIME" type="float"/>
          </accessor>
        </technique_common>
      </source>
      <source id="mixamorig_Hips-Matrix-animation-output-transform">
        <float_array id="mixamorig_Hips-Matrix-animation-output-transform-array" count="352">

0.582187 -0.121236 -0.803965 -0.024745 -0.014365 0.987132 -0.159259 80.561264 0.812928 0.104268 0.572954 0.030002 0.000000 0.000000 0.000000 1.000000
0.587840 -0.123890 -0.799434 0.338302 0.020738 0.990187 -0.138202 79.828888 0.808711 0.064662 0.584641 1.019093 0.000000 0.000000 0.000000 1.000000
0.598274 -0.084805 -0.796791 -0.281823 0.060644 0.996324 -0.060507 79.316277 0.798994 -0.012121 0.601217 2.496007 0.000000 0.000000 0.000000 1.000000
0.610635 -0.004956 -0.791896 -1.813540 0.091653 0.993703 0.064455 78.932594 0.786590 -0.111939 0.607244 3.585910 0.000000 0.000000 0.000000 1.000000
0.610649 0.062885 -0.789401 -3.151477 0.114406 0.979379 0.166519 78.937637 0.783594 -0.191997 0.590862 2.674325 0.000000 0.000000 0.000000 1.000000
0.595726 0.106375 -0.796112 -4.867222 0.138830 0.962634 0.232511 79.535896 0.791099 -0.249037 0.558698 1.229007 0.000000 0.000000 0.000000 1.000000
0.568138 0.109459 -0.815621 -7.170281 0.165252 0.955751 0.243375 80.569466 0.806171 -0.273054 0.524910 -0.482328 0.000000 0.000000 0.000000 1.000000
0.542863 0.096108 -0.834304 -9.014022 0.188107 0.954275 0.232326 82.074196 0.818483 -0.283059 0.499962 -2.643409 0.000000 0.000000 0.000000 1.000000
0.526228 0.084273 -0.846157 -10.148883 0.202052 0.954186 0.220689 83.495430 0.825990 -0.287101 0.485092 -4.516945 0.000000 0.000000 0.000000 1.000000
0.543080 0.079785 -0.835882 -10.476520 0.189810 0.958043 0.214767 84.013954 0.817946 -0.275295 0.505150 -6.168354 0.000000 0.000000 0.000000 1.000000
0.591162 0.064760 -0.803949 -10.166156 0.163809 0.966357 0.198295 84.030472 0.789743 -0.248918 0.560665 -6.833902 0.000000 0.000000 0.000000 1.000000
0.609813 0.031884 -0.791904 -9.595850 0.160245 0.973593 0.162597 83.837524 0.776176 -0.226052 0.588601 -7.269969 0.000000 0.000000 0.000000 1.000000
0.583389 -0.011425 -0.812112 -8.812342 0.161205 0.981637 0.101994 83.443253 0.796034 -0.190419 0.574518 -7.783769 0.000000 0.000000 0.000000 1.000000
0.538393 -0.056188 -0.840818 -7.552564 0.149639 0.988292 0.029774 82.925568 0.829301 -0.141849 0.540498 -7.930888 0.000000 0.000000 0.000000 1.000000
0.509448 -0.086622 -0.856131 -5.961996 0.118136 0.992540 -0.030125 82.213654 0.852354 -0.085793 0.515880 -7.462474 0.000000 0.000000 0.000000 1.000000
0.531064 -0.089785 -0.842561 -4.610020 0.082106 0.995144 -0.054294 81.504326 0.843344 -0.040346 0.535857 -6.757283 0.000000 0.000000 0.000000 1.000000
0.573818 -0.093142 -0.813669 -3.512726 0.057261 0.995643 -0.073592 80.954163 0.816979 -0.004363 0.576651 -6.033923 0.000000 0.000000 0.000000 1.000000
0.597336 -0.122781 -0.792537 -2.648629 0.050021 0.991991 -0.115980 80.390877 0.800430 0.029635 0.598694 -5.055026 0.000000 0.000000 0.000000 1.000000
0.595614 -0.131917 -0.792365 -1.747980 0.035596 0.989788 -0.138028 80.218040 0.802482 0.054007 0.594227 -3.918897 0.000000 0.000000 0.000000 1.000000
0.588283 -0.111966 -0.800866 -0.883874 0.013996 0.991630 -0.128355 80.320450 0.808534 0.064300 0.584926 -2.747960 0.000000 0.000000 0.000000 1.000000
0.581490 -0.110486 -0.806016 -0.324966 0.000048 0.990740 -0.135773 80.458084 0.813553 0.078912 0.576111 -1.490249 0.000000 0.000000 0.000000 1.000000
0.582187 -0.121236 -0.803965 -0.025082 -0.014365 0.987132 -0.159259 80.561264 0.812928 0.104268 0.572954 0.029123 0.000000 0.000000 0.000000 1.000000</float_array>
        <technique_common>
          <accessor source="#mixamorig_Hips-Matrix-animation-output-transform-array" count="22" stride="16">
            <param type="float4x4"/>
          </accessor>
        </technique_common>
      </source>
      <source id="mixamorig_Hips-Interpolations">
        <Name_array id="mixamorig_Hips-Interpolations-array" count="22">
 LINEAR LINEAR LINEAR LINEAR LINEAR LINEAR LINEAR LINEAR LINEAR LINEAR LINEAR
LINEAR LINEAR LINEAR LINEAR LINEAR LINEAR LINEAR LINEAR LINEAR LINEAR LINEAR</Name_array>
        <technique_common>
          <accessor source="#mixamorig_Hips-Interpolations-array" count="22">
            <param type="name"/>
          </accessor>
        </technique_common>
      </source>
      <sampler id="mixamorig_Hips-Matrix-animation-transform">
        <input semantic="INPUT" source="#mixamorig_Hips-Matrix-animation-input"/>
        <input semantic="OUTPUT" source="#mixamorig_Hips-Matrix-animation-output-transform"/>
        <input semantic="INTERPOLATION" source="#mixamorig_Hips-Interpolations"/>
      </sampler>
      <channel source="#mixamorig_Hips-Matrix-animation-transform" target="mixamorig_Hips/matrix"/>
    </animation>
    <animation id="mixamorig_Spine-anim" name="mixamorig_Spine">
      <source id="mixamorig_Spine-Matrix-animation-input">
        <float_array id="mixamorig_Spine-Matrix-animation-input-array" count="22">

0.000000 0.033333 0.066667 0.100000 0.133333 0.166667 0.200000 0.233333 0.266667 0.300000 0.333333 0.366667 0.400000 0.433333 0.466667 0.500000
0.533333 0.566667 0.600000 0.633333 0.666667 0.700000</float_array>
        <technique_common>
          <accessor source="#mixamorig_Spine-Matrix-animation-input-array" count="22">
            <param name="TIME" type="float"/>
          </accessor>
        </technique_common>
      </source>
      <source id="mixamorig_Spine-Matrix-animation-output-transform">
        <float_array id="mixamorig_Spine-Matrix-animation-output-transform-array" count="352">

0.996514 0.049265 0.067320 0.017300 -0.047750 0.998572 -0.023939 10.574800 -0.068403 0.020641 0.997444 -1.117200 0.000000 0.000000 0.000000 1.000000
0.996895 0.034282 0.070892 0.017300 -0.032407 0.999098 -0.027442 10.574800 -0.071769 0.025059 0.997106 -1.117200 0.000000 0.000000 0.000000 1.000000
0.997180 0.018066 0.072840 0.017300 -0.014938 0.998952 -0.043257 10.574800 -0.073545 0.042047 0.996405 -1.117200 0.000000 0.000000 0.000000 1.000000
0.997346 -0.002158 0.072775 0.017300 0.007420 0.997369 -0.072113 10.574800 -0.072428 0.072461 0.994738 -1.117200 0.000000 0.000000 0.000000 1.000000
0.997403 -0.032824 0.064106 0.017300 0.039129 0.994247 -0.099712 10.574800 -0.060465 0.101962 0.992949 -1.117200 0.000000 0.000000 0.000000 1.000000
0.996709 -0.059563 0.054982 0.017300 0.064674 0.993238 -0.096412 10.574800 -0.048868 0.099651 0.993822 -1.117200 0.000000 0.000000 0.000000 1.000000
0.996464 -0.064085 0.054347 0.017300 0.066902 0.996419 -0.051707 10.574800 -0.050839 0.055160 0.997182 -1.117200 0.000000 0.000000 0.000000 1.000000
0.997222 -0.051210 0.054083 0.017300 0.051853 0.998599 -0.010553 10.574800 -0.053467 0.013328 0.998481 -1.117200 0.000000 0.000000 0.000000 1.000000
0.998257 -0.034574 0.047828 0.017300 0.035239 0.999293 -0.013132 10.574800 -0.047340 0.014795 0.998769 -1.117200 0.000000 0.000000 0.000000 1.000000
0.999136 -0.027820 0.030879 0.017300 0.029328 0.998343 -0.049514 10.574800 -0.029451 0.050377 0.998296 -1.117200 0.000000 0.000000 0.000000 1.000000
0.999479 -0.028210 0.015701 0.017300 0.029556 0.995191 -0.093391 10.574800 -0.012991 0.093807 0.995506 -1.117200 0.000000 0.000000 0.000000 1.000000
0.999610 -0.013761 0.024283 0.017300 0.016725 0.991840 -0.126391 10.574800 -0.022346 0.126748 0.991683 -1.117200 0.000000 0.000000 0.000000 1.000000
0.998627 0.017729 0.049283 0.017300 -0.011020 0.991027 -0.133210 10.574800 -0.051203 0.132484 0.989862 -1.117200 0.000000 0.000000 0.000000 1.000000
0.996673 0.047881 0.065957 0.017300 -0.040203 0.992761 -0.113175 10.574800 -0.070899 0.110146 0.991383 -1.117200 0.000000 0.000000 0.000000 1.000000
0.996396 0.060986 0.058951 0.017300 -0.055576 0.994442 -0.089427 10.574800 -0.064077 0.085828 0.994247 -1.117200 0.000000 0.000000 0.000000 1.000000
0.997765 0.054989 0.037962 0.017300 -0.051627 0.995087 -0.084481 10.574800 -0.042421 0.082332 0.995702 -1.117200 0.000000 0.000000 0.000000 1.000000
0.997964 0.055777 0.030920 0.017300 -0.053481 0.996064 -0.070685 10.574800 -0.034741 0.068887 0.997019 -1.117200 0.000000 0.000000 0.000000 1.000000
0.996234 0.072772 0.047138 0.017300 -0.071351 0.996964 -0.031167 10.574800 -0.049263 0.027686 0.998402 -1.117200 0.000000 0.000000 0.000000 1.000000
0.995288 0.076009 0.060204 0.017300 -0.075189 0.997045 -0.015771 10.574800 -0.061225 0.011170 0.998061 -1.117200 0.000000 0.000000 0.000000 1.000000
0.996214 0.064384 0.058412 0.017300 -0.062204 0.997325 -0.038393 10.574800 -0.060728 0.034614 0.997554 -1.117200 0.000000 0.000000 0.000000 1.000000
0.996507 0.057842 0.060229 0.017300 -0.055107 0.997415 -0.046120 10.574800 -0.062741 0.042639 0.997119 -1.117200 0.000000 0.000000 0.000000 1.000000
0.996514 0.049266 0.067320 0.017300 -0.047750 0.998572 -0.023939 10.574800 -0.068403 0.020641 0.997444 -1.117200 0.000000 0.000000 0.000000 1.000000</float_array>
        <technique_common>
          <accessor source="#mixamorig_Spine-Matrix-animation-output-transform-array" count="22" stride="16">
            <param type="float4x4"/>
          </accessor>
        </technique_common>
      </source>
      <source id="mixamorig_Spine-Interpolations">
        <Name_array id="mixamorig_Spine-Interpolations-array" count="22">
 LINEAR LINEAR LINEAR LINEAR LINEAR LINEAR LINEAR LINEAR LINEAR LINEAR LINEAR
LINEAR LINEAR LINEAR LINEAR LINEAR LINEAR LINEAR LINEAR LINEAR LINEAR LINEAR</Name_array>
        <technique_common>
          <accessor source="#mixamorig_Spine-Interpolations-array" count="22">
            <param type="name"/>
          </accessor>
        </technique_common>
      </source>
      <sampler id="mixamorig_Spine-Matrix-animation-transform">
        <input semantic="INPUT" source="#mixamorig_Spine-Matrix-animation-input"/>
        <input semantic="OUTPUT" source="#mixamorig_Spine-Matrix-animation-output-transform"/>
        <input semantic="INTERPOLATION" source="#mixamorig_Spine-Interpolations"/>
      </sampler>
      <channel source="#mixamorig_Spine-Matrix-animation-transform" target="mixamorig_Spine/matrix"/>
    </animation>
    <animation id="mixamorig_Spine1-anim" name="mixamorig_Spine1">
      <source id="mixamorig_Spine1-Matrix-animation-input">
        <float_array id="mixamorig_Spine1-Matrix-animation-input-array" count="22">

0.000000 0.033333 0.066667 0.100000 0.133333 0.166667 0.200000 0.233333 0.266667 0.300000 0.333333 0.366667 0.400000 0.433333 0.466667 0.500000
0.533333 0.566667 0.600000 0.633333 0.666667 0.700000</float_array>
        <technique_common>
          <accessor source="#mixamorig_Spine1-Matrix-animation-input-array" count="22">
            <param name="TIME" type="float"/>
          </accessor>
        </technique_common>
      </source>
      <source id="mixamorig_Spine1-Matrix-animation-output-transform">
        <float_array id="mixamorig_Spine1-Matrix-animation-output-transform-array" count="352">

0.998869 -0.042936 0.020427 0.000000 0.043367 0.998836 -0.021132 12.406000 -0.019496 0.021994 0.999568 0.000000 0.000000 0.000000 0.000000 1.000000
0.998669 -0.046393 0.022536 0.000000 0.047114 0.998358 -0.032595 12.406000 -0.020986 0.033613 0.999215 0.000000 0.000000 0.000000 0.000000 1.000000
0.997929 -0.059916 0.023406 0.000000 0.060956 0.997052 -0.046607 12.406000 -0.020544 0.047937 0.998639 -0.000000 0.000000 0.000000 0.000000 1.000000
0.995615 -0.093440 0.004484 0.000000 0.093510 0.992712 -0.076015 12.406000 0.002652 0.076101 0.997097 0.000000 0.000000 0.000000 0.000000 1.000000
0.990041 -0.128655 -0.057158 0.000000 0.119120 0.981947 -0.146937 12.406000 0.075031 0.138665 0.987493 0.000000 0.000000 0.000000 0.000000 1.000000
0.986249 -0.152905 -0.062715 -0.000000 0.142838 0.979520 -0.141909 12.406000 0.083129 0.131000 0.987891 0.000000 0.000000 0.000000 0.000000 1.000000
0.985013 -0.166032 -0.046723 -0.000000 0.161263 0.982612 -0.092016 12.406000 0.061188 0.083103 0.994661 -0.000000 0.000000 0.000000 0.000000 1.000000
0.985632 -0.167699 -0.020173 -0.000000 0.166821 0.985203 -0.039319 12.406000 0.026469 0.035389 0.999023 -0.000000 0.000000 0.000000 0.000000 1.000000
0.987292 -0.158899 0.002429 0.000000 0.158904 0.986895 -0.028051 12.406000 0.002061 0.028081 0.999604 0.000000 0.000000 0.000000 0.000000 1.000000
0.988996 -0.147887 0.004144 -0.000000 0.147929 0.988077 -0.042679 12.406000 0.002217 0.042823 0.999080 0.000000 0.000000 0.000000 0.000000 1.000000
0.990532 -0.137269 0.001987 0.000000 0.137146 0.988784 -0.059131 12.406000 0.006152 0.058844 0.998248 0.000000 0.000000 0.000000 0.000000 1.000000
0.991784 -0.127781 0.006119 -0.000000 0.127914 0.989858 -0.061804 12.406000 0.001840 0.062079 0.998070 0.000000 0.000000 0.000000 0.000000 1.000000
0.993342 -0.114361 0.013920 -0.000000 0.114921 0.992114 -0.050038 12.406000 -0.008088 0.051304 0.998650 -0.000000 0.000000 0.000000 0.000000 1.000000
0.994844 -0.099476 0.019725 0.000000 0.100114 0.994374 -0.034594 12.406000 -0.016173 0.036391 0.999207 0.000000 0.000000 0.000000 0.000000 1.000000
0.995916 -0.088448 0.018129 -0.000000 0.088809 0.995845 -0.020126 12.406000 -0.016274 0.021654 0.999633 -0.000000 0.000000 0.000000 0.000000 1.000000
0.996619 -0.081172 0.012699 0.000000 0.081353 0.996581 -0.014447 12.406000 -0.011483 0.015431 0.999815 0.000000 0.000000 0.000000 0.000000 1.000000
0.997339 -0.071970 0.011586 -0.000000 0.072150 0.997267 -0.015902 12.406000 -0.010410 0.016695 0.999806 0.000000 0.000000 0.000000 0.000000 1.000000
0.997920 -0.062287 0.016624 0.000000 0.062610 0.997845 -0.019629 12.406000 -0.015366 0.020629 0.999669 0.000000 0.000000 0.000000 0.000000 1.000000
0.998219 -0.056045 0.020465 0.000000 0.056549 0.998088 -0.024961 12.406000 -0.019027 0.026074 0.999479 -0.000000 0.000000 0.000000 0.000000 1.000000
0.998407 -0.052653 0.020289 0.000000 0.053201 0.998204 -0.027524 12.406000 -0.018803 0.028559 0.999415 -0.000000 0.000000 0.000000 0.000000 1.000000
0.998613 -0.048494 0.020515 0.000000 0.049005 0.998481 -0.025187 12.406000 -0.019263 0.026157 0.999472 0.000000 0.000000 0.000000 0.000000 1.000000
0.998869 -0.042936 0.020427 0.000000 0.043367 0.998836 -0.021132 12.406000 -0.019496 0.021994 0.999568 0.000000 0.000000 0.000000 0.000000 1.000000</float_array>
        <technique_common>
          <accessor source="#mixamorig_Spine1-Matrix-animation-output-transform-array" count="22" stride="16">
            <param type="float4x4"/>
          </accessor>
        </technique_common>
      </source>
      <source id="mixamorig_Spine1-Interpolations">
        <Name_array id="mixamorig_Spine1-Interpolations-array" count="22">
 LINEAR LINEAR LINEAR LINEAR LINEAR LINEAR LINEAR LINEAR LINEAR LINEAR LINEAR
LINEAR LINEAR LINEAR LINEAR LINEAR LINEAR LINEAR LINEAR LINEAR LINEAR LINEAR</Name_array>
        <technique_common>
          <accessor source="#mixamorig_Spine1-Interpolations-array" count="22">
            <param type="name"/>
          </accessor>
        </technique_common>
      </source>
      <sampler id="mixamorig_Spine1-Matrix-animation-transform">
        <input semantic="INPUT" source="#mixamorig_Spine1-Matrix-animation-input"/>
        <input semantic="OUTPUT" source="#mixamorig_Spine1-Matrix-animation-output-transform"/>
        <input semantic="INTERPOLATION" source="#mixamorig_Spine1-Interpolations"/>
      </sampler>
      <channel source="#mixamorig_Spine1-Matrix-animation-transform" target="mixamorig_Spine1/matrix"/>
    </animation>
    <animation id="mixamorig_Spine2-anim" name="mixamorig_Spine2">
      <source id="mixamorig_Spine2-Matrix-animation-input">
        <float_array id="mixamorig_Spine2-Matrix-animation-input-array" count="22">

0.000000 0.033333 0.066667 0.100000 0.133333 0.166667 0.200000 0.233333 0.266667 0.300000 0.333333 0.366667 0.400000 0.433333 0.466667 0.500000
0.533333 0.566667 0.600000 0.633333 0.666667 0.700000</float_array>
        <technique_common>
          <accessor source="#mixamorig_Spine2-Matrix-animation-input-array" count="22">
            <param name="TIME" type="float"/>
          </accessor>
        </technique_common>
      </source>
      <source id="mixamorig_Spine2-Matrix-animation-output-transform">
        <float_array id="mixamorig_Spine2-Matrix-animation-output-transform-array" count="352">

0.999542 -0.019835 0.022868 0.000000 0.022207 0.993834 -0.108633 14.178300 -0.020573 0.109091 0.993819 0.000000 0.000000 0.000000 0.000000 1.000000
0.999198 -0.027631 -0.028971 0.000000 0.016266 0.941408 -0.336877 14.178300 0.036582 0.336136 0.941103 0.000000 0.000000 0.000000 0.000000 1.000000
0.997318 -0.039414 -0.061669 0.000000 0.008529 0.899454 -0.436932 14.178300 0.072690 0.435234 0.897378 0.000000 0.000000 0.000000 0.000000 1.000000
0.997612 -0.050500 -0.047107 0.000000 0.033705 0.951388 -0.306144 14.178300 0.060277 0.303825 0.950819 0.000000 0.000000 0.000000 0.000000 1.000000
0.998357 -0.054154 -0.018749 0.000000 0.053277 0.997588 -0.044501 14.178300 0.021113 0.043429 0.998833 0.000000 0.000000 0.000000 0.000000 1.000000
0.998349 -0.057226 0.005034 0.000000 0.056155 0.990627 0.124519 14.178300 -0.012113 -0.124031 0.992204 -0.000000 0.000000 0.000000 0.000000 1.000000
0.997189 -0.074052 0.011392 0.000000 0.073239 0.995497 0.060181 14.178300 -0.015797 -0.059177 0.998122 0.000000 0.000000 0.000000 0.000000 1.000000
0.996974 -0.076809 0.011968 0.000000 0.076337 0.996436 0.035902 14.178300 -0.014683 -0.034880 0.999284 0.000000 0.000000 0.000000 0.000000 1.000000
0.998247 -0.058443 0.009308 -0.000000 0.057703 0.996141 0.066136 14.178300 -0.013137 -0.065483 0.997767 0.000000 0.000000 0.000000 0.000000 1.000000
0.999364 -0.035408 0.004183 0.000000 0.034798 0.994187 0.101892 14.178300 -0.007767 -0.101682 0.994787 -0.000000 0.000000 0.000000 0.000000 1.000000
0.999878 -0.015602 0.000390 -0.000000 0.015427 0.991832 0.126617 14.178300 -0.002362 -0.126596 0.991952 0.000000 0.000000 0.000000 0.000000 1.000000
0.999967 -0.006510 0.004875 0.000000 0.005802 0.991043 0.133417 14.178300 -0.005700 -0.133384 0.991048 0.000000 0.000000 0.000000 0.000000 1.000000
0.999892 -0.001625 0.014613 0.000000 -0.000071 0.993329 0.115317 14.178300 -0.014703 -0.115305 0.993221 -0.000000 0.000000 0.000000 0.000000 1.000000
0.999752 0.003313 0.022021 0.000000 -0.005297 0.995867 0.090669 14.178300 -0.021630 -0.090763 0.995638 0.000000 0.000000 0.000000 0.000000 1.000000
0.999785 0.004634 0.020232 -0.000000 -0.006038 0.997537 0.069881 14.178300 -0.019859 -0.069989 0.997350 0.000000 0.000000 0.000000 0.000000 1.000000
0.999902 0.001895 0.013855 -0.000000 -0.002807 0.997807 0.066135 14.178300 -0.013699 -0.066167 0.997714 0.000000 0.000000 0.000000 0.000000 1.000000
0.999927 0.001094 0.012069 -0.000000 -0.002057 0.996785 0.080091 14.178300 -0.011943 -0.080110 0.996714 -0.000000 0.000000 0.000000 0.000000 1.000000
0.999865 0.000450 0.016437 0.000000 -0.001931 0.995926 0.090149 14.178300 -0.016329 -0.090169 0.995793 0.000000 0.000000 0.000000 0.000000 1.000000
0.999806 -0.003555 0.019357 -0.000000 0.002248 0.997740 0.067153 14.178300 -0.019552 -0.067096 0.997555 0.000000 0.000000 0.000000 0.000000 1.000000
0.999770 -0.009979 0.019002 0.000000 0.009694 0.999840 0.015018 14.178300 -0.019149 -0.014830 0.999707 -0.000000 0.000000 0.000000 0.000000 1.000000
0.999668 -0.015631 0.020504 0.000000 0.016597 0.998718 -0.047820 14.178300 -0.019731 0.048144 0.998645 0.000000 0.000000 0.000000 0.000000 1.000000
0.999542 -0.019835 0.022868 0.000000 0.022207 0.993834 -0.108633 14.178300 -0.020573 0.109091 0.993819 0.000000 0.000000 0.000000 0.000000 1.000000</float_array>
        <technique_common>
          <accessor source="#mixamorig_Spine2-Matrix-animation-output-transform-array" count="22" stride="16">
            <param type="float4x4"/>
          </accessor>
        </technique_common>
      </source>
      <source id="mixamorig_Spine2-Interpolations">
        <Name_array id="mixamorig_Spine2-Interpolations-array" count="22">
 LINEAR LINEAR LINEAR LINEAR LINEAR LINEAR LINEAR LINEAR LINEAR LINEAR LINEAR
LINEAR LINEAR LINEAR LINEAR LINEAR LINEAR LINEAR LINEAR LINEAR LINEAR LINEAR</Name_array>
        <technique_common>
          <accessor source="#mixamorig_Spine2-Interpolations-array" count="22">
            <param type="name"/>
          </accessor>
        </technique_common>
      </source>
      <sampler id="mixamorig_Spine2-Matrix-animation-transform">
        <input semantic="INPUT" source="#mixamorig_Spine2-Matrix-animation-input"/>
        <input semantic="OUTPUT" source="#mixamorig_Spine2-Matrix-animation-output-transform"/>
        <input semantic="INTERPOLATION" source="#mixamorig_Spine2-Interpolations"/>
      </sampler>
      <channel source="#mixamorig_Spine2-Matrix-animation-transform" target="mixamorig_Spine2/matrix"/>
    </animation>
    <animation id="mixamorig_Neck-anim" name="mixamorig_Neck">
      <source id="mixamorig_Neck-Matrix-animation-input">
        <float_array id="mixamorig_Neck-Matrix-animation-input-array" count="22">

0.000000 0.033333 0.066667 0.100000 0.133333 0.166667 0.200000 0.233333 0.266667 0.300000 0.333333 0.366667 0.400000 0.433333 0.466667 0.500000
0.533333 0.566667 0.600000 0.633333 0.666667 0.700000</float_array>
        <technique_common>
          <accessor source="#mixamorig_Neck-Matrix-animation-input-array" count="22">
            <param name="TIME" type="float"/>
          </accessor>
        </technique_common>
      </source>
      <source id="mixamorig_Neck-Matrix-animation-output-transform">
        <float_array id="mixamorig_Neck-Matrix-animation-output-transform-array" count="352">

0.985070 0.027000 0.170026 0.024400 -0.032878 0.998952 0.031849 15.862300 -0.168988 -0.036964 0.984925 -1.675800 0.000000 0.000000 0.000000 1.000000
0.982819 0.008094 0.184397 0.024400 -0.039513 0.985104 0.167360 15.862300 -0.180295 -0.171771 0.968498 -1.675800 0.000000 0.000000 0.000000 1.000000
0.988940 0.029053 0.145440 0.024400 -0.050176 0.988341 0.143753 15.862300 -0.139568 -0.149461 0.978868 -1.675800 0.000000 0.000000 0.000000 1.000000
0.993975 0.100818 0.043010 0.024400 -0.097872 0.993020 -0.065827 15.862300 -0.049346 0.061221 0.996904 -1.675800 0.000000 0.000000 0.000000 1.000000
0.988397 0.059003 -0.139964 0.024400 -0.085912 0.977074 -0.194797 15.862300 0.125261 0.204561 0.970806 -1.675800 0.000000 0.000000 0.000000 1.000000
0.932976 -0.165633 -0.319565 0.024400 0.131576 0.983326 -0.125529 15.862300 0.335029 0.075068 0.939213 -1.675800 0.000000 0.000000 0.000000 1.000000
0.861700 -0.368144 -0.349204 0.024400 0.396823 0.917822 0.011602 15.862300 0.316236 -0.148569 0.936975 -1.675800 0.000000 0.000000 0.000000 1.000000
0.857571 -0.419158 -0.298127 0.024400 0.469985 0.874059 0.123024 15.862300 0.209014 -0.245617 0.946565 -1.675800 0.000000 0.000000 0.000000 1.000000
0.891290 -0.395105 -0.222472 0.024400 0.437784 0.877622 0.195256 15.862300 0.118100 -0.271425 0.955186 -1.675800 0.000000 0.000000 0.000000 1.000000
0.936356 -0.329715 -0.120523 0.024400 0.349738 0.905839 0.239039 15.862300 0.030359 -0.265977 0.963501 -1.675800 0.000000 0.000000 0.000000 1.000000
0.969423 -0.245365 -0.003834 0.024400 0.238596 0.938799 0.248451 15.862300 -0.057362 -0.241769 0.968637 -1.675800 0.000000 0.000000 0.000000 1.000000
0.980739 -0.165692 0.103430 0.024400 0.137663 0.962009 0.235768 15.862300 -0.138566 -0.216989 0.966290 -1.675800 0.000000 0.000000 0.000000 1.000000
0.979098 -0.111903 0.169836 0.024400 0.071791 0.971434 0.226192 15.862300 -0.190296 -0.209272 0.959163 -1.675800 0.000000 0.000000 0.000000 1.000000
0.981403 -0.080318 0.174346 0.024400 0.043867 0.978062 0.203645 15.862300 -0.186878 -0.192210 0.963396 -1.675800 0.000000 0.000000 0.000000 1.000000
0.984941 -0.049906 0.165530 0.024400 0.020363 0.984254 0.175581 15.862300 -0.171686 -0.169566 0.970449 -1.675800 0.000000 0.000000 0.000000 1.000000
0.987091 -0.020462 0.158849 0.024400 -0.000995 0.991003 0.133836 15.862300 -0.160159 -0.132266 0.978190 -1.675800 0.000000 0.000000 0.000000 1.000000
0.988526 0.014198 0.150379 0.024400 -0.025331 0.997056 0.072377 15.862300 -0.148909 -0.075356 0.985975 -1.675800 0.000000 0.000000 0.000000 1.000000
0.988705 0.047505 0.142145 0.024400 -0.049261 0.998747 0.008861 15.862300 -0.141546 -0.015763 0.989806 -1.675800 0.000000 0.000000 0.000000 1.000000
0.987943 0.070040 0.138072 0.024400 -0.065668 0.997193 -0.035973 15.862300 -0.140204 0.026472 0.989769 -1.675800 0.000000 0.000000 0.000000 1.000000
0.987208 0.072148 0.142176 0.024400 -0.066658 0.996848 -0.043015 15.862300 -0.144832 0.032987 0.988906 -1.675800 0.000000 0.000000 0.000000 1.000000
0.986518 0.051999 0.155171 0.024400 -0.051058 0.998645 -0.010045 15.862300 -0.155483 0.001987 0.987837 -1.675800 0.000000 0.000000 0.000000 1.000000
0.985070 0.027000 0.170026 0.024400 -0.032878 0.998952 0.031849 15.862300 -0.168988 -0.036964 0.984925 -1.675800 0.000000 0.000000 0.000000 1.000000</float_array>
        <technique_common>
          <accessor source="#mixamorig_Neck-Matrix-animation-output-transform-array" count="22" stride="16">
            <param type="float4x4"/>
          </accessor>
        </technique_common>
      </source>
      <source id="mixamorig_Neck-Interpolations">
        <Name_array id="mixamorig_Neck-Interpolations-array" count="22">
 LINEAR LINEAR LINEAR LINEAR LINEAR LINEAR LINEAR LINEAR LINEAR LINEAR LINEAR
LINEAR LINEAR LINEAR LINEAR LINEAR LINEAR LINEAR LINEAR LINEAR LINEAR LINEAR</Name_array>
        <technique_common>
          <accessor source="#mixamorig_Neck-Interpolations-array" count="22">
            <param type="name"/>
          </accessor>
        </technique_common>
      </source>
      <sampler id="mixamorig_Neck-Matrix-animation-transform">
        <input semantic="INPUT" source="#mixamorig_Neck-Matrix-animation-input"/>
        <input semantic="OUTPUT" source="#mixamorig_Neck-Matrix-animation-output-transform"/>
        <input semantic="INTERPOLATION" source="#mixamorig_Neck-Interpolations"/>
      </sampler>
      <channel source="#mixamorig_Neck-Matrix-animation-transform" target="mixamorig_Neck/matrix"/>
    </animation>
    <animation id="mixamorig_Head-anim" name="mixamorig_Head">
      <source id="mixamorig_Head-Matrix-animation-input">
        <float_array id="mixamorig_Head-Matrix-animation-input-array" count="22">

0.000000 0.033333 0.066667 0.100000 0.133333 0.166667 0.200000 0.233333 0.266667 0.300000 0.333333 0.366667 0.400000 0.433333 0.466667 0.500000
0.533333 0.566667 0.600000 0.633333 0.666667 0.700000</float_array>
        <technique_common>
          <accessor source="#mixamorig_Head-Matrix-animation-input-array" count="22">
            <param name="TIME" type="float"/>
          </accessor>
        </technique_common>
      </source>
      <source id="mixamorig_Head-Matrix-animation-output-transform">
        <float_array id="mixamorig_Head-Matrix-animation-output-transform-array" count="352">

0.912383 0.079624 0.401518 0.000000 -0.112642 0.991866 0.059267 5.564000 -0.393533 -0.099302 0.913932 0.988100 0.000000 0.000000 0.000000 1.000000
0.908237 0.077358 0.411244 0.000000 -0.172350 0.964690 0.199172 5.564000 -0.381315 -0.251773 0.889499 0.988100 0.000000 0.000000 0.000000 1.000000
0.915155 0.110620 0.387626 -0.000000 -0.196078 0.962340 0.188295 5.564000 -0.352199 -0.248324 0.902381 0.988100 0.000000 0.000000 0.000000 1.000000
0.927056 0.189560 0.323472 -0.000000 -0.198499 0.980086 -0.005459 5.564000 -0.318065 -0.059148 0.946222 0.988100 0.000000 0.000000 0.000000 1.000000
0.964502 0.221717 0.143446 0.000000 -0.213082 0.974289 -0.073189 5.564000 -0.155985 0.040025 0.986948 0.988100 0.000000 0.000000 0.000000 1.000000
0.983712 0.137165 -0.116173 -0.000000 -0.114793 0.976725 0.181192 5.564000 0.138323 -0.164905 0.976562 0.988100 0.000000 0.000000 0.000000 1.000000
0.965891 0.011620 -0.258688 0.000000 0.113264 0.879403 0.462408 5.564000 0.232865 -0.475936 0.848092 0.988100 0.000000 0.000000 0.000000 1.000000
0.968609 -0.052170 -0.243052 0.000000 0.189417 0.788084 0.585701 5.564000 0.160989 -0.613353 0.773227 0.988100 0.000000 0.000000 0.000000 1.000000
0.984654 -0.078623 -0.155804 0.000000 0.160989 0.753861 0.637006 5.564000 0.067371 -0.652313 0.754949 0.988100 0.000000 0.000000 0.000000 1.000000
0.996073 -0.085529 -0.022865 -0.000000 0.079885 0.756956 0.648565 5.564000 -0.038163 -0.647845 0.760816 0.988100 0.000000 0.000000 0.000000 1.000000
0.988970 -0.079914 0.124706 0.000000 -0.015954 0.779582 0.626097 5.564000 -0.147253 -0.621181 0.769708 0.988100 0.000000 0.000000 0.000000 1.000000
0.964776 -0.068634 0.253963 -0.000000 -0.097745 0.802741 0.588263 5.564000 -0.244242 -0.592365 0.767756 0.988100 0.000000 0.000000 0.000000 1.000000
0.940845 -0.054861 0.334366 0.000000 -0.151822 0.813948 0.560748 5.564000 -0.302920 -0.578342 0.757470 0.988100 0.000000 0.000000 0.000000 1.000000
0.936146 -0.026285 0.350627 0.000000 -0.175359 0.829429 0.530375 5.564000 -0.304761 -0.557994 0.771857 0.988100 0.000000 0.000000 0.000000 1.000000
0.934636 0.007437 0.355528 0.000000 -0.192095 0.851918 0.487172 5.564000 -0.299258 -0.523623 0.797661 0.988100 0.000000 0.000000 0.000000 1.000000
0.932373 0.035619 0.359738 -0.000000 -0.196814 0.884734 0.422504 5.564000 -0.303223 -0.464733 0.831913 0.988100 0.000000 0.000000 0.000000 1.000000
0.929745 0.064994 0.362421 -0.000000 -0.192065 0.925383 0.326768 5.564000 -0.314140 -0.373420 0.872854 0.988100 0.000000 0.000000 0.000000 1.000000
0.926501 0.092051 0.364859 0.000000 -0.181306 0.958849 0.218486 5.564000 -0.329733 -0.268578 0.905064 0.988100 0.000000 0.000000 0.000000 1.000000
0.922854 0.110406 0.368987 -0.000000 -0.166977 0.978007 0.124985 5.564000 -0.347073 -0.176955 0.920992 0.988100 0.000000 0.000000 0.000000 1.000000
0.919345 0.113064 0.376858 0.000000 -0.150712 0.985963 0.071856 5.564000 -0.363443 -0.122858 0.923480 0.988100 0.000000 0.000000 0.000000 1.000000
0.916056 0.098289 0.388820 0.000000 -0.132083 0.989354 0.061090 5.564000 -0.378676 -0.107319 0.919286 0.988100 0.000000 0.000000 0.000000 1.000000
0.912383 0.079624 0.401518 -0.000000 -0.112642 0.991866 0.059267 5.564000 -0.393533 -0.099302 0.913932 0.988100 0.000000 0.000000 0.000000 1.000000</float_array>
        <technique_common>
          <accessor source="#mixamorig_Head-Matrix-animation-output-transform-array" count="22" stride="16">
            <param type="float4x4"/>
          </accessor>
        </technique_common>
      </source>
      <source id="mixamorig_Head-Interpolations">
        <Name_array id="mixamorig_Head-Interpolations-array" count="22">
 LINEAR LINEAR LINEAR LINEAR LINEAR LINEAR LINEAR LINEAR LINEAR LINEAR LINEAR
LINEAR LINEAR LINEAR LINEAR LINEAR LINEAR LINEAR LINEAR LINEAR LINEAR LINEAR</Name_array>
        <technique_common>
          <accessor source="#mixamorig_Head-Interpolations-array" count="22">
            <param type="name"/>
          </accessor>
        </technique_common>
      </source>
      <sampler id="mixamorig_Head-Matrix-animation-transform">
        <input semantic="INPUT" source="#mixamorig_Head-Matrix-animation-input"/>
        <input semantic="OUTPUT" source="#mixamorig_Head-Matrix-animation-output-transform"/>
        <input semantic="INTERPOLATION" source="#mixamorig_Head-Interpolations"/>
      </sampler>
      <channel source="#mixamorig_Head-Matrix-animation-transform" target="mixamorig_Head/matrix"/>
    </animation>
    <animation id="mixamorig_LeftShoulder-anim" name="mixamorig_LeftShoulder">
      <source id="mixamorig_LeftShoulder-Matrix-animation-input">
        <float_array id="mixamorig_LeftShoulder-Matrix-animation-input-array" count="22">

0.000000 0.033333 0.066667 0.100000 0.133333 0.166667 0.200000 0.233333 0.266667 0.300000 0.333333 0.366667 0.400000 0.433333 0.466667 0.500000
0.533333 0.566667 0.600000 0.633333 0.666667 0.700000</float_array>
        <technique_common>
          <accessor source="#mixamorig_LeftShoulder-Matrix-animation-input-array" count="22">
            <param name="TIME" type="float"/>
          </accessor>
        </technique_common>
      </source>
      <source id="mixamorig_LeftShoulder-Matrix-animation-output-transform">
        <float_array id="mixamorig_LeftShoulder-Matrix-animation-output-transform-array" count="352">

0.174260 0.964500 -0.198428 5.935000 -0.041677 -0.194107 -0.980095 13.670200 -0.983817 0.179061 0.006372 -1.662600 0.000000 0.000000 0.000000 1.000000
0.133865 0.967013 -0.216717 5.935000 -0.036053 -0.213788 -0.976215 13.670200 -0.990344 0.138494 0.006245 -1.662600 0.000000 0.000000 0.000000 1.000000
0.093234 0.966826 -0.237814 5.935000 -0.028758 -0.236140 -0.971294 13.670200 -0.995229 0.097396 0.005787 -1.662600 0.000000 0.000000 0.000000 1.000000
0.052975 0.964852 -0.257399 5.935000 -0.019774 -0.256697 -0.966290 13.670200 -0.998400 0.056279 0.005480 -1.662600 0.000000 0.000000 0.000000 1.000000
0.013497 0.962441 -0.271155 5.935000 -0.009846 -0.271038 -0.962518 13.670200 -0.999860 0.015661 0.005819 -1.662600 0.000000 0.000000 0.000000 1.000000
-0.025025 0.961187 -0.274762 5.935000 -0.000435 -0.274858 -0.961485 13.670200 -0.999687 -0.023942 0.007297 -1.662600 0.000000 0.000000 0.000000 1.000000
-0.063695 0.963167 -0.261253 5.935000 0.005504 -0.261442 -0.965204 13.670200 -0.997954 -0.062917 0.011352 -1.662600 0.000000 0.000000 0.000000 1.000000
-0.091464 0.974188 -0.206378 5.935000 0.003382 -0.206941 -0.978347 13.670200 -0.995803 -0.090181 0.015633 -1.662600 0.000000 0.000000 0.000000 1.000000
-0.064766 0.987454 -0.144014 5.935000 -0.000190 -0.144329 -0.989530 13.670200 -0.997900 -0.064060 0.009535 -1.662600 0.000000 0.000000 0.000000 1.000000
0.032955 0.991432 -0.126398 5.935000 0.006277 -0.126669 -0.991925 13.670200 -0.999437 0.031896 -0.010398 -1.662600 0.000000 0.000000 0.000000 1.000000
0.149974 0.980480 -0.127152 5.935000 0.014236 -0.130735 -0.991315 13.670200 -0.988587 0.146861 -0.033565 -1.662600 0.000000 0.000000 0.000000 1.000000
0.176004 0.976490 -0.124461 5.935000 0.015043 -0.129088 -0.991519 13.670200 -0.984274 0.172639 -0.037409 -1.662600 0.000000 0.000000 0.000000 1.000000
0.114699 0.985167 -0.127636 5.935000 0.009597 -0.129577 -0.991523 13.670200 -0.993354 0.112502 -0.024317 -1.662600 0.000000 0.000000 0.000000 1.000000
0.107367 0.985898 -0.128361 5.935000 0.011553 -0.130336 -0.991403 13.670200 -0.994152 0.104961 -0.025384 -1.662600 0.000000 0.000000 0.000000 1.000000
0.171111 0.977656 -0.122101 5.935000 0.016894 -0.126822 -0.991782 13.670200 -0.985107 0.167642 -0.038218 -1.662600 0.000000 0.000000 0.000000 1.000000
0.212118 0.970701 -0.112900 5.935000 0.014381 -0.118617 -0.992836 13.670200 -0.977138 0.208974 -0.039120 -1.662600 0.000000 0.000000 0.000000 1.000000
0.224769 0.967762 -0.113649 5.935000 0.006907 -0.118213 -0.992964 13.670200 -0.974388 0.222403 -0.033255 -1.662600 0.000000 0.000000 0.000000 1.000000
0.222585 0.966731 -0.126041 5.935000 -0.002488 -0.128721 -0.991678 13.670200 -0.974910 0.221046 -0.026246 -1.662600 0.000000 0.000000 0.000000 1.000000
0.212697 0.966545 -0.143354 5.935000 -0.012694 -0.143965 -0.989501 13.670200 -0.977036 0.212283 -0.018352 -1.662600 0.000000 0.000000 0.000000 1.000000
0.201556 0.966139 -0.161093 5.935000 -0.022670 -0.159823 -0.986885 13.670200 -0.979215 0.202564 -0.010311 -1.662600 0.000000 0.000000 0.000000 1.000000
0.188065 0.965540 -0.179898 5.935000 -0.032409 -0.176966 -0.983683 13.670200 -0.981622 0.190826 -0.001989 -1.662600 0.000000 0.000000 0.000000 1.000000
0.174260 0.964500 -0.198429 5.935000 -0.041677 -0.194108 -0.980095 13.670200 -0.983817 0.179061 0.006372 -1.662600 0.000000 0.000000 0.000000 1.000000</float_array>
        <technique_common>
          <accessor source="#mixamorig_LeftShoulder-Matrix-animation-output-transform-array" count="22" stride="16">
            <param type="float4x4"/>
          </accessor>
        </technique_common>
      </source>
      <source id="mixamorig_LeftShoulder-Interpolations">
        <Name_array id="mixamorig_LeftShoulder-Interpolations-array" count="22">
 LINEAR LINEAR LINEAR LINEAR LINEAR LINEAR LINEAR LINEAR LINEAR LINEAR LINEAR
LINEAR LINEAR LINEAR LINEAR LINEAR LINEAR LINEAR LINEAR LINEAR LINEAR LINEAR</Name_array>
        <technique_common>
          <accessor source="#mixamorig_LeftShoulder-Interpolations-array" count="22">
            <param type="name"/>
          </accessor>
        </technique_common>
      </source>
      <sampler id="mixamorig_LeftShoulder-Matrix-animation-transform">
        <input semantic="INPUT" source="#mixamorig_LeftShoulder-Matrix-animation-input"/>
        <input semantic="OUTPUT" source="#mixamorig_LeftShoulder-Matrix-animation-output-transform"/>
        <input semantic="INTERPOLATION" source="#mixamorig_LeftShoulder-Interpolations"/>
      </sampler>
      <channel source="#mixamorig_LeftShoulder-Matrix-animation-transform" target="mixamorig_LeftShoulder/matrix"/>
    </animation>
    <animation id="mixamorig_LeftArm-anim" name="mixamorig_LeftArm">
      <source id="mixamorig_LeftArm-Matrix-animation-input">
        <float_array id="mixamorig_LeftArm-Matrix-animation-input-array" count="22">

0.000000 0.033333 0.066667 0.100000 0.133333 0.166667 0.200000 0.233333 0.266667 0.300000 0.333333 0.366667 0.400000 0.433333 0.466667 0.500000
0.533333 0.566667 0.600000 0.633333 0.666667 0.700000</float_array>
        <technique_common>
          <accessor source="#mixamorig_LeftArm-Matrix-animation-input-array" count="22">
            <param name="TIME" type="float"/>
          </accessor>
        </technique_common>
      </source>
      <source id="mixamorig_LeftArm-Matrix-animation-output-transform">
        <float_array id="mixamorig_LeftArm-Matrix-animation-output-transform-array" count="352">

0.963288 -0.234405 0.130883 0.000000 0.264779 0.748941 -0.607437 12.607900 0.044362 0.619792 0.783511 0.000000 0.000000 0.000000 0.000000 1.000000
0.975852 -0.218083 0.012329 -0.000000 0.187655 0.808136 -0.558303 12.607900 0.111793 0.547135 0.829546 0.000000 0.000000 0.000000 0.000000 1.000000
0.977666 -0.210165 -0.000537 0.000000 0.169994 0.792290 -0.585986 12.607900 0.123579 0.572807 0.810321 0.000000 0.000000 0.000000 0.000000 1.000000
0.984547 -0.152450 0.086180 0.000000 0.168527 0.691011 -0.702924 12.607900 0.047609 0.706585 0.706024 0.000000 0.000000 0.000000 0.000000 1.000000
0.996703 0.041990 0.069431 0.000000 0.030431 0.599783 -0.799584 12.607900 -0.075218 0.799060 0.596528 0.000000 0.000000 0.000000 0.000000 1.000000
0.984525 0.173043 -0.027689 0.000000 -0.111438 0.496253 -0.860996 12.607900 -0.135249 0.850758 0.507857 0.000000 0.000000 0.000000 0.000000 1.000000
0.970000 0.195857 -0.144014 0.000000 -0.215354 0.417415 -0.882829 12.607900 -0.112795 0.887358 0.447072 0.000000 0.000000 0.000000 0.000000 1.000000
0.969350 0.112361 -0.218483 -0.000000 -0.245127 0.382532 -0.890832 12.607900 -0.016518 0.917084 0.398351 -0.000000 0.000000 0.000000 0.000000 1.000000
0.963642 0.019301 -0.266498 0.000000 -0.243948 0.470461 -0.848031 12.607900 0.109009 0.882210 0.458064 0.000000 0.000000 0.000000 0.000000 1.000000
