<?xml version="1.0" encoding="utf-8"?>
<COLLADA xmlns="http://www.collada.org/2005/11/COLLADASchema" version="1.4.1">
  <asset>
    <contributor>
      <author>Mixamo</author>
      <authoring_tool>COLLADA Mixamo exporter</authoring_tool>
      <comments/>
    </contributor>
    <created>2022-12-10T03:30:27Z</created>
    <modified>2022-12-10T03:30:27Z</modified>
    <revision/>
    <title/>
    <unit meter="0.010000"/>
    <up_axis>Y_UP</up_axis>
  </asset>
  <library_animations>
    <animation id="mixamorig_Hips-anim" name="mixamorig_Hips">
      <source id="mixamorig_Hips-Matrix-animation-input">
        <float_array id="mixamorig_Hips-Matrix-animation-input-array" count="21">

0.000000 0.033333 0.066667 0.100000 0.133333 0.166667 0.200000 0.233333 0.266667 0.300000 0.333333 0.366667 0.400000 0.433333 0.466667 0.500000
0.533333 0.566667 0.600000 0.633333 0.666667</float_array>
        <technique_common>
          <accessor source="#mixamorig_Hips-Matrix-animation-input-array" count="21">
            <param name="TIME" type="float"/>
          </accessor>
        </technique_common>
      </source>
      <source id="mixamorig_Hips-Matrix-animation-output-transform">
        <float_array id="mixamorig_Hips-Matrix-animation-output-transform-array" count="336">

0.399186 -0.171962 -0.900600 -0.030437 -0.022477 0.980124 -0.197109 69.150436 0.916594 0.098926 0.387386 0.017096 0.000000 0.000000 0.000000 1.000000
0.401405 -0.169036 -0.900167 -0.175244 -0.023683 0.980577 -0.194697 69.206749 0.915594 0.099471 0.389605 -0.229306 0.000000 0.000000 0.000000 1.000000
0.398493 -0.164810 -0.902242 -0.392508 -0.021954 0.981727 -0.189025 69.331612 0.916909 0.095133 0.387593 -0.632241 0.000000 0.000000 0.000000 1.000000
0.382814 -0.159318 -0.909984 -0.806576 -0.019230 0.983430 -0.180267 69.666870 0.923625 0.086507 0.373407 -1.372340 0.000000 0.000000 0.000000 1.000000
0.353951 -0.147035 -0.923634 -1.328616 -0.020698 0.986091 -0.164910 70.299240 0.935035 0.077487 0.345985 -2.473162 0.000000 0.000000 0.000000 1.000000
0.319398 -0.126672 -0.939116 -2.007139 -0.021145 0.989826 -0.140704 71.481567 0.947385 0.064798 0.313470 -4.206374 0.000000 0.000000 0.000000 1.000000
0.298835 -0.112875 -0.947606 -2.747631 -0.017188 0.992183 -0.123606 73.153183 0.954150 0.053225 0.294559 -6.832919 0.000000 0.000000 0.000000 1.000000
0.312243 -0.116203 -0.942868 -3.200843 -0.014830 0.991774 -0.127142 75.204391 0.949886 0.053682 0.307951 -10.479795 0.000000 0.000000 0.000000 1.000000
0.361081 -0.127301 -0.923805 -3.307687 -0.010596 0.990015 -0.140567 77.110359 0.932474 0.060545 0.356126 -14.531295 0.000000 0.000000 0.000000 1.000000
0.425181 -0.131804 -0.895460 -3.127813 -0.001523 0.989235 -0.146330 78.611908 0.905107 0.063581 0.420403 -18.350285 0.000000 0.000000 0.000000 1.000000
0.454913 -0.133528 -0.880468 -2.846888 0.004036 0.988994 -0.147901 79.586258 0.890527 0.063728 0.450445 -21.205029 0.000000 0.000000 0.000000 1.000000
0.471117 -0.135113 -0.871661 -2.516452 0.007406 0.988770 -0.149263 80.400162 0.882040 0.063865 0.466827 -23.434875 0.000000 0.000000 0.000000 1.000000
0.481817 -0.136561 -0.865566 -2.162053 0.009857 0.988564 -0.150479 80.907219 0.876217 0.063971 0.477653 -25.070175 0.000000 0.000000 0.000000 1.000000
0.488778 -0.136896 -0.861600 -1.805902 0.011323 0.988524 -0.150639 81.035156 0.872335 0.063874 0.484719 -26.039333 0.000000 0.000000 0.000000 1.000000
0.494032 -0.134957 -0.858906 -1.525402 0.010316 0.988720 -0.149420 81.083626 0.869383 0.064958 0.489851 -26.388153 0.000000 0.000000 0.000000 1.000000
0.497922 -0.132732 -0.857004 -1.305095 0.007054 0.988805 -0.149047 81.176193 0.867193 0.068169 0.493284 -26.305937 0.000000 0.000000 0.000000 1.000000
0.501458 -0.130855 -0.855229 -1.099719 0.003290 0.988777 -0.149360 81.283630 0.865176 0.072084 0.496261 -26.093016 0.000000 0.000000 0.000000 1.000000
0.504549 -0.130204 -0.853509 -0.913296 -0.000980 0.988476 -0.151373 81.376472 0.863382 0.077212 0.498607 -25.599829 0.000000 0.000000 0.000000 1.000000
0.507424 -0.130071 -0.851823 -0.698938 -0.005503 0.988032 -0.154148 81.162735 0.861679 0.082906 0.500635 -24.900501 0.000000 0.000000 0.000000 1.000000
0.510291 -0.129924 -0.850131 -0.474451 -0.010020 0.987557 -0.156942 80.880585 0.859943 0.088605 0.502640 -24.176081 0.000000 0.000000 0.000000 1.000000
0.513288 -0.129408 -0.848404 -0.248128 -0.014365 0.987132 -0.159259 80.561256 0.858096 0.093933 0.504824 -23.485893 0.000000 0.000000 0.000000 1.000000</float_array>
        <technique_common>
          <accessor source="#mixamorig_Hips-Matrix-animation-output-transform-array" count="21" stride="16">
            <param type="float4x4"/>
          </accessor>
        </technique_common>
      </source>
      <source id="mixamorig_Hips-Interpolations">
        <Name_array id="mixamorig_Hips-Interpolations-array" count="21">
 LINEAR LINEAR LINEAR LINEAR LINEAR LINEAR LINEAR LINEAR LINEAR LINEAR LINEAR
LINEAR LINEAR LINEAR LINEAR LINEAR LINEAR LINEAR LINEAR LINEAR LINEAR</Name_array>
        <technique_common>
          <accessor source="#mixamorig_Hips-Interpolations-array" count="21">
            <param type="name"/>
          </accessor>
        </technique_common>
      </source>
      <sampler id="mixamorig_Hips-Matrix-animation-transform">
        <input semantic="INPUT" source="#mixamorig_Hips-Matrix-animation-input"/>
        <input semantic="OUTPUT" source="#mixamorig_Hips-Matrix-animation-output-transform"/>
        <input semantic="INTERPOLATION" source="#mixamorig_Hips-Interpolations"/>
      </sampler>
      <channel source="#mixamorig_Hips-Matrix-animation-transform" target="mixamorig_Hips/matrix"/>
    </animation>
    <animation id="mixamorig_Spine-anim" name="mixamorig_Spine">
      <source id="mixamorig_Spine-Matrix-animation-input">
        <float_array id="mixamorig_Spine-Matrix-animation-input-array" count="21">

0.000000 0.033333 0.066667 0.100000 0.133333 0.166667 0.200000 0.233333 0.266667 0.300000 0.333333 0.366667 0.400000 0.433333 0.466667 0.500000
0.533333 0.566667 0.600000 0.633333 0.666667</float_array>
        <technique_common>
          <accessor source="#mixamorig_Spine-Matrix-animation-input-array" count="21">
            <param name="TIME" type="float"/>
          </accessor>
        </technique_common>
      </source>
      <source id="mixamorig_Spine-Matrix-animation-output-transform">
        <float_array id="mixamorig_Spine-Matrix-animation-output-transform-array" count="336">

0.950388 0.152997 0.270839 0.017300 -0.150273 0.988162 -0.030895 10.574800 -0.272360 -0.011338 0.962129 -1.117200 0.000000 0.000000 0.000000 1.000000
0.957846 0.145258 0.247853 0.017300 -0.141310 0.989390 -0.033741 10.574800 -0.250124 -0.002706 0.968210 -1.117200 0.000000 0.000000 0.000000 1.000000
0.965607 0.137363 0.220758 0.017300 -0.133024 0.990513 -0.034478 10.574800 -0.223399 0.003926 0.974719 -1.117200 0.000000 0.000000 0.000000 1.000000
0.970051 0.130519 0.204856 0.017300 -0.127450 0.991445 -0.028161 10.574800 -0.206779 0.001209 0.978387 -1.117200 0.000000 0.000000 0.000000 1.000000
0.975212 0.119319 0.186344 0.017300 -0.118054 0.992846 -0.017911 10.574800 -0.187148 -0.004531 0.982321 -1.117200 0.000000 0.000000 0.000000 1.000000
0.977025 0.113058 0.180667 0.017300 -0.111668 0.993585 -0.017876 10.574800 -0.181529 -0.002709 0.983382 -1.117200 0.000000 0.000000 0.000000 1.000000
0.978179 0.102732 0.180589 0.017300 -0.102077 0.994692 -0.012942 10.574800 -0.180960 -0.005774 0.983474 -1.117200 0.000000 0.000000 0.000000 1.000000
0.980654 0.090392 0.173630 0.017300 -0.092336 0.995723 0.003136 10.574800 -0.172603 -0.019108 0.984806 -1.117200 0.000000 0.000000 0.000000 1.000000
0.985287 0.079778 0.151146 0.017300 -0.083216 0.996394 0.016550 10.574800 -0.149281 -0.028885 0.988373 -1.117200 0.000000 0.000000 0.000000 1.000000
0.989562 0.073640 0.123871 0.017300 -0.075208 0.997136 0.008017 10.574800 -0.122926 -0.017250 0.992266 -1.117200 0.000000 0.000000 0.000000 1.000000
0.990405 0.072355 0.117738 0.017300 -0.072174 0.997375 -0.005807 10.574800 -0.117849 -0.002747 0.993028 -1.117200 0.000000 0.000000 0.000000 1.000000
0.990243 0.073082 0.118651 0.017300 -0.071681 0.997299 -0.016035 10.574800 -0.119502 0.007374 0.992807 -1.117200 0.000000 0.000000 0.000000 1.000000
0.990023 0.072852 0.120615 0.017300 -0.070876 0.997272 -0.020597 10.574800 -0.121787 0.011843 0.992486 -1.117200 0.000000 0.000000 0.000000 1.000000
0.989939 0.071146 0.122307 0.017300 -0.069257 0.997406 -0.019639 10.574800 -0.123387 0.010971 0.992298 -1.117200 0.000000 0.000000 0.000000 1.000000
0.990416 0.068177 0.120118 0.017300 -0.066484 0.997624 -0.018049 10.574800 -0.121063 0.009890 0.992596 -1.117200 0.000000 0.000000 0.000000 1.000000
0.991472 0.064163 0.113431 0.017300 -0.062649 0.997893 -0.016868 10.574800 -0.114274 0.009618 0.993403 -1.117200 0.000000 0.000000 0.000000 1.000000
0.992586 0.060456 0.105445 0.017300 -0.059050 0.998120 -0.016401 10.574800 -0.106239 0.010053 0.994290 -1.117200 0.000000 0.000000 0.000000 1.000000
0.993702 0.058304 0.095696 0.017300 -0.056826 0.998220 -0.018100 10.574800 -0.096581 0.012548 0.995246 -1.117200 0.000000 0.000000 0.000000 1.000000
0.994734 0.054213 0.086975 0.017300 -0.052723 0.998422 -0.019343 10.574800 -0.087886 0.014656 0.996023 -1.117200 0.000000 0.000000 0.000000 1.000000
0.995666 0.050106 0.078345 0.017300 -0.048632 0.998604 -0.020609 10.574800 -0.079269 0.016710 0.996713 -1.117200 0.000000 0.000000 0.000000 1.000000
0.996514 0.049266 0.067321 0.017300 -0.047750 0.998572 -0.023939 10.574800 -0.068404 0.020641 0.997444 -1.117200 0.000000 0.000000 0.000000 1.000000</float_array>
        <technique_common>
          <accessor source="#mixamorig_Spine-Matrix-animation-output-transform-array" count="21" stride="16">
            <param type="float4x4"/>
          </accessor>
        </technique_common>
      </source>
      <source id="mixamorig_Spine-Interpolations">
        <Name_array id="mixamorig_Spine-Interpolations-array" count="21">
 LINEAR LINEAR LINEAR LINEAR LINEAR LINEAR LINEAR LINEAR LINEAR LINEAR LINEAR
LINEAR LINEAR LINEAR LINEAR LINEAR LINEAR LINEAR LINEAR LINEAR LINEAR</Name_array>
        <technique_common>
          <accessor source="#mixamorig_Spine-Interpolations-array" count="21">
            <param type="name"/>
          </accessor>
        </technique_common>
      </source>
      <sampler id="mixamorig_Spine-Matrix-animation-transform">
        <input semantic="INPUT" source="#mixamorig_Spine-Matrix-animation-input"/>
        <input semantic="OUTPUT" source="#mixamorig_Spine-Matrix-animation-output-transform"/>
        <input semantic="INTERPOLATION" source="#mixamorig_Spine-Interpolations"/>
      </sampler>
      <channel source="#mixamorig_Spine-Matrix-animation-transform" target="mixamorig_Spine/matrix"/>
    </animation>
    <animation id="mixamorig_Spine1-anim" name="mixamorig_Spine1">
      <source id="mixamorig_Spine1-Matrix-animation-input">
        <float_array id="mixamorig_Spine1-Matrix-animation-input-array" count="21">

0.000000 0.033333 0.066667 0.100000 0.133333 0.166667 0.200000 0.233333 0.266667 0.300000 0.333333 0.366667 0.400000 0.433333 0.466667 0.500000
0.533333 0.566667 0.600000 0.633333 0.666667</float_array>
        <technique_common>
          <accessor source="#mixamorig_Spine1-Matrix-animation-input-array" count="21">
            <param name="TIME" type="float"/>
          </accessor>
        </technique_common>
      </source>
      <source id="mixamorig_Spine1-Matrix-animation-output-transform">
        <float_array id="mixamorig_Spine1-Matrix-animation-output-transform-array" count="336">

0.999082 0.038428 0.018907 0.000000 -0.035686 0.991055 -0.128595 12.406000 -0.023679 0.127802 0.991517 0.000000 0.000000 0.000000 0.000000 1.000000
0.999163 0.037813 0.015588 -0.000000 -0.035605 0.991713 -0.123441 12.406000 -0.020127 0.122783 0.992229 0.000000 0.000000 0.000000 0.000000 1.000000
0.999239 0.037351 0.011231 -0.000000 -0.035770 0.992384 -0.117871 12.406000 -0.015548 0.117380 0.992965 -0.000000 0.000000 0.000000 0.000000 1.000000
0.999303 0.035990 0.009938 0.000000 -0.034657 0.993141 -0.111672 12.406000 -0.013889 0.111250 0.993695 0.000000 0.000000 0.000000 0.000000 1.000000
0.999390 0.033985 0.008097 0.000000 -0.032967 0.994093 -0.103404 12.406000 -0.011564 0.103074 0.994606 -0.000000 0.000000 0.000000 0.000000 1.000000
0.999444 0.031767 0.010084 0.000000 -0.030642 0.994815 -0.096977 12.406000 -0.013112 0.096614 0.995236 0.000000 0.000000 0.000000 0.000000 1.000000
0.999471 0.029629 0.013414 0.000000 -0.028292 0.995469 -0.090778 12.406000 -0.016043 0.090350 0.995781 0.000000 0.000000 0.000000 0.000000 1.000000
0.999565 0.025814 0.014293 0.000000 -0.024521 0.996145 -0.084222 12.406000 -0.016412 0.083835 0.996344 0.000000 0.000000 0.000000 0.000000 1.000000
0.999742 0.020006 0.010718 0.000000 -0.019103 0.996722 -0.078616 12.406000 -0.012256 0.078391 0.996847 0.000000 0.000000 0.000000 0.000000 1.000000
0.999867 0.015027 0.006404 0.000000 -0.014503 0.997057 -0.075281 12.406000 -0.007516 0.075178 0.997142 0.000000 0.000000 0.000000 0.000000 1.000000
0.999916 0.010069 0.008113 0.000000 -0.009459 0.997361 -0.071983 12.406000 -0.008817 0.071901 0.997373 -0.000000 0.000000 0.000000 0.000000 1.000000
0.999929 0.002951 0.011562 0.000000 -0.002162 0.997706 -0.067658 12.406000 -0.011735 0.067628 0.997642 0.000000 0.000000 0.000000 0.000000 1.000000
0.999877 -0.004218 0.015095 0.000000 0.005155 0.998025 -0.062601 12.406000 -0.014801 0.062671 0.997924 -0.000000 0.000000 0.000000 0.000000 1.000000
0.999770 -0.011094 0.018332 0.000000 0.012122 0.998302 -0.056967 12.406000 -0.017669 0.057176 0.998208 0.000000 0.000000 0.000000 0.000000 1.000000
0.999645 -0.017262 0.020298 0.000000 0.018288 0.998506 -0.051488 12.406000 -0.019379 0.051841 0.998467 0.000000 0.000000 0.000000 0.000000 1.000000
0.999530 -0.022514 0.020820 0.000000 0.023459 0.998653 -0.046284 12.406000 -0.019750 0.046751 0.998711 0.000000 0.000000 0.000000 0.000000 1.000000
0.999407 -0.027249 0.021066 0.000000 0.028098 0.998760 -0.041108 12.406000 -0.019920 0.041675 0.998933 0.000000 0.000000 0.000000 0.000000 1.000000
0.999301 -0.030821 0.021156 0.000000 0.031567 0.998856 -0.035925 12.406000 -0.020025 0.036567 0.999131 -0.000000 0.000000 0.000000 0.000000 1.000000
0.999147 -0.035473 0.021162 0.000000 0.036122 0.998863 -0.031123 12.406000 -0.020034 0.031861 0.999291 0.000000 0.000000 0.000000 0.000000 1.000000
0.998971 -0.040169 0.021035 0.000000 0.040718 0.998824 -0.026334 12.406000 -0.019953 0.027164 0.999432 0.000000 0.000000 0.000000 0.000000 1.000000
0.998873 -0.042846 0.020412 -0.000000 0.043276 0.998840 -0.021134 12.406000 -0.019483 0.021994 0.999568 0.000000 0.000000 0.000000 0.000000 1.000000</float_array>
        <technique_common>
          <accessor source="#mixamorig_Spine1-Matrix-animation-output-transform-array" count="21" stride="16">
            <param type="float4x4"/>
          </accessor>
        </technique_common>
      </source>
      <source id="mixamorig_Spine1-Interpolations">
        <Name_array id="mixamorig_Spine1-Interpolations-array" count="21">
 LINEAR LINEAR LINEAR LINEAR LINEAR LINEAR LINEAR LINEAR LINEAR LINEAR LINEAR
LINEAR LINEAR LINEAR LINEAR LINEAR LINEAR LINEAR LINEAR LINEAR LINEAR</Name_array>
        <technique_common>
          <accessor source="#mixamorig_Spine1-Interpolations-array" count="21">
            <param type="name"/>
          </accessor>
        </technique_common>
      </source>
      <sampler id="mixamorig_Spine1-Matrix-animation-transform">
        <input semantic="INPUT" source="#mixamorig_Spine1-Matrix-animation-input"/>
        <input semantic="OUTPUT" source="#mixamorig_Spine1-Matrix-animation-output-transform"/>
        <input semantic="INTERPOLATION" source="#mixamorig_Spine1-Interpolations"/>
      </sampler>
      <channel source="#mixamorig_Spine1-Matrix-animation-transform" target="mixamorig_Spine1/matrix"/>
    </animation>
    <animation id="mixamorig_Spine2-anim" name="mixamorig_Spine2">
      <source id="mixamorig_Spine2-Matrix-animation-input">
        <float_array id="mixamorig_Spine2-Matrix-animation-input-array" count="21">

0.000000 0.033333 0.066667 0.100000 0.133333 0.166667 0.200000 0.233333 0.266667 0.300000 0.333333 0.366667 0.400000 0.433333 0.466667 0.500000
0.533333 0.566667 0.600000 0.633333 0.666667</float_array>
        <technique_common>
          <accessor source="#mixamorig_Spine2-Matrix-animation-input-array" count="21">
            <param name="TIME" type="float"/>
          </accessor>
        </technique_common>
      </source>
      <source id="mixamorig_Spine2-Matrix-animation-output-transform">
        <float_array id="mixamorig_Spine2-Matrix-animation-output-transform-array" count="336">

0.979229 -0.110833 -0.169784 0.000000 0.087991 0.986708 -0.136620 14.178300 0.182669 0.118843 0.975965 0.000000 0.000000 0.000000 0.000000 1.000000
0.979108 -0.109806 -0.171141 0.000000 0.086774 0.986804 -0.136701 14.178300 0.183894 0.118995 0.975717 0.000000 0.000000 0.000000 0.000000 1.000000
0.979453 -0.106518 -0.171245 0.000000 0.083656 0.987226 -0.135597 14.178300 0.183501 0.118486 0.975853 -0.000000 0.000000 0.000000 0.000000 1.000000
0.980762 -0.102178 -0.166331 0.000000 0.080288 0.987805 -0.133399 14.178300 0.177933 0.117478 0.977005 0.000000 0.000000 0.000000 0.000000 1.000000
0.982338 -0.096809 -0.160126 0.000000 0.076450 0.988724 -0.128762 14.178300 0.170786 0.114246 0.978662 0.000000 0.000000 0.000000 0.000000 1.000000
0.984809 -0.090011 -0.148491 0.000000 0.071516 0.989512 -0.125508 14.178300 0.158231 0.112982 0.980917 -0.000000 0.000000 0.000000 0.000000 1.000000
0.987522 -0.082052 -0.134418 0.000000 0.065646 0.990327 -0.122238 14.178300 0.143148 0.111889 0.983356 -0.000000 0.000000 0.000000 0.000000 1.000000
0.989758 -0.074773 -0.121606 0.000000 0.060290 0.991098 -0.118704 14.178300 0.129399 0.110157 0.985455 -0.000000 0.000000 0.000000 0.000000 1.000000
0.991270 -0.068962 -0.112372 0.000000 0.055798 0.991640 -0.116351 14.178300 0.119456 0.109065 0.986831 -0.000000 0.000000 0.000000 0.000000 1.000000
0.992732 -0.061877 -0.103223 0.000000 0.049754 0.991985 -0.116144 14.178300 0.109582 0.110164 0.987854 0.000000 0.000000 0.000000 0.000000 1.000000
0.994668 -0.054233 -0.087720 -0.000000 0.043877 0.992285 -0.115958 14.178300 0.093332 0.111490 0.989373 0.000000 0.000000 0.000000 0.000000 1.000000
0.996336 -0.048616 -0.070359 -0.000000 0.040306 0.992541 -0.115055 14.178300 0.075428 0.111797 0.990864 0.000000 0.000000 0.000000 0.000000 1.000000
0.997641 -0.043364 -0.053222 -0.000000 0.037095 0.992835 -0.113594 14.178300 0.057766 0.111351 0.992101 -0.000000 0.000000 0.000000 0.000000 1.000000
0.998598 -0.038144 -0.036692 0.000000 0.033833 0.993167 -0.111690 14.178300 0.040701 0.110292 0.993066 0.000000 0.000000 0.000000 0.000000 1.000000
0.999190 -0.033357 -0.022496 0.000000 0.030683 0.993433 -0.110225 14.178300 0.026025 0.109446 0.993652 0.000000 0.000000 0.000000 0.000000 1.000000
0.999508 -0.029255 -0.011267 0.000000 0.027850 0.993615 -0.109334 14.178300 0.014394 0.108967 0.993941 0.000000 0.000000 0.000000 0.000000 1.000000
0.999668 -0.025708 -0.001549 0.000000 0.025388 0.993752 -0.108685 14.178300 0.004333 0.108609 0.994075 0.000000 0.000000 0.000000 0.000000 1.000000
0.999705 -0.023833 0.004604 0.000000 0.024192 0.993806 -0.108467 14.178300 -0.001990 0.108547 0.994089 0.000000 0.000000 0.000000 0.000000 1.000000
0.999683 -0.022201 0.011855 0.000000 0.023358 0.993820 -0.108517 14.178300 -0.009373 0.108760 0.994024 0.000000 0.000000 0.000000 0.000000 1.000000
0.999605 -0.020555 0.019172 0.000000 0.022518 0.993833 -0.108578 14.178300 -0.016822 0.108967 0.993903 0.000000 0.000000 0.000000 0.000000 1.000000
0.999544 -0.019730 0.022852 0.000000 0.022099 0.993850 -0.108509 14.178300 -0.020571 0.108965 0.993833 0.000000 0.000000 0.000000 0.000000 1.000000</float_array>
        <technique_common>
          <accessor source="#mixamorig_Spine2-Matrix-animation-output-transform-array" count="21" stride="16">
            <param type="float4x4"/>
          </accessor>
        </technique_common>
      </source>
      <source id="mixamorig_Spine2-Interpolations">
        <Name_array id="mixamorig_Spine2-Interpolations-array" count="21">
 LINEAR LINEAR LINEAR LINEAR LINEAR LINEAR LINEAR LINEAR LINEAR LINEAR LINEAR
LINEAR LINEAR LINEAR LINEAR LINEAR LINEAR LINEAR LINEAR LINEAR LINEAR</Name_array>
        <technique_common>
          <accessor source="#mixamorig_Spine2-Interpolations-array" count="21">
            <param type="name"/>
          </accessor>
        </technique_common>
      </source>
      <sampler id="mixamorig_Spine2-Matrix-animation-transform">
        <input semantic="INPUT" source="#mixamorig_Spine2-Matrix-animation-input"/>
        <input semantic="OUTPUT" source="#mixamorig_Spine2-Matrix-animation-output-transform"/>
        <input semantic="INTERPOLATION" source="#mixamorig_Spine2-Interpolations"/>
      </sampler>
      <channel source="#mixamorig_Spine2-Matrix-animation-transform" target="mixamorig_Spine2/matrix"/>
    </animation>
    <animation id="mixamorig_Neck-anim" name="mixamorig_Neck">
      <source id="mixamorig_Neck-Matrix-animation-input">
        <float_array id="mixamorig_Neck-Matrix-animation-input-array" count="21">

0.000000 0.033333 0.066667 0.100000 0.133333 0.166667 0.200000 0.233333 0.266667 0.300000 0.333333 0.366667 0.400000 0.433333 0.466667 0.500000
0.533333 0.566667 0.600000 0.633333 0.666667</float_array>
        <technique_common>
          <accessor source="#mixamorig_Neck-Matrix-animation-input-array" count="21">
            <param name="TIME" type="float"/>
          </accessor>
        </technique_common>
      </source>
      <source id="mixamorig_Neck-Matrix-animation-output-transform">
        <float_array id="mixamorig_Neck-Matrix-animation-output-transform-array" count="336">

0.930865 -0.086829 0.354896 0.024400 0.116798 0.991100 -0.063870 15.862300 -0.346191 0.100906 0.932722 -1.675800 0.000000 0.000000 0.000000 1.000000
0.932896 -0.081659 0.350766 0.024400 0.106763 0.992881 -0.052802 15.862300 -0.343958 0.086708 0.934973 -1.675800 0.000000 0.000000 0.000000 1.000000
0.932881 -0.089967 0.348768 0.024400 0.109344 0.993343 -0.036234 15.862300 -0.343186 0.071937 0.936508 -1.675800 0.000000 0.000000 0.000000 1.000000
0.933242 -0.099386 0.345227 0.024400 0.113344 0.993346 -0.020429 15.862300 -0.340899 0.058195 0.938297 -1.675800 0.000000 0.000000 0.000000 1.000000
0.933014 -0.093811 0.347396 0.024400 0.108160 0.993888 -0.022100 15.862300 -0.343199 0.058194 0.937458 -1.675800 0.000000 0.000000 0.000000 1.000000
0.935220 -0.085761 0.343525 0.024400 0.100458 0.994623 -0.025181 15.862300 -0.339518 0.058059 0.938806 -1.675800 0.000000 0.000000 0.000000 1.000000
0.938859 -0.084724 0.333715 0.024400 0.098511 0.994832 -0.024577 15.862300 -0.329909 0.055949 0.942353 -1.675800 0.000000 0.000000 0.000000 1.000000
0.944276 -0.071202 0.321360 0.024400 0.085288 0.995906 -0.029950 15.862300 -0.317912 0.055689 0.946483 -1.675800 0.000000 0.000000 0.000000 1.000000
0.949388 -0.068249 0.306602 0.024400 0.080271 0.996414 -0.026757 15.862300 -0.303676 0.050014 0.951462 -1.675800 0.000000 0.000000 0.000000 1.000000
0.954759 -0.075255 0.287701 0.024400 0.082229 0.996539 -0.012216 15.862300 -0.285786 0.035320 0.957642 -1.675800 0.000000 0.000000 0.000000 1.000000
0.960312 -0.086662 0.265122 0.024400 0.089609 0.995977 0.000984 15.862300 -0.264141 0.022812 0.964214 -1.675800 0.000000 0.000000 0.000000 1.000000
0.965575 -0.078711 0.247930 0.024400 0.079565 0.996808 0.006591 15.862300 -0.247657 0.013363 0.968756 -1.675800 0.000000 0.000000 0.000000 1.000000
0.969087 -0.071196 0.236224 0.024400 0.070195 0.997453 0.012656 15.862300 -0.236523 0.004317 0.971616 -1.675800 0.000000 0.000000 0.000000 1.000000
0.971935 -0.057272 0.228170 0.024400 0.055635 0.998359 0.013603 15.862300 -0.228575 -0.000527 0.973526 -1.675800 0.000000 0.000000 0.000000 1.000000
0.974285 -0.043672 0.221047 0.024400 0.041731 0.999038 0.013443 15.862300 -0.221421 -0.003873 0.975171 -1.675800 0.000000 0.000000 0.000000 1.000000
0.976224 -0.033480 0.214164 0.024400 0.030903 0.999404 0.015370 15.862300 -0.214551 -0.008386 0.976677 -1.675800 0.000000 0.000000 0.000000 1.000000
0.978076 -0.023008 0.206973 0.024400 0.019880 0.999655 0.017181 15.862300 -0.207296 -0.012689 0.978196 -1.675800 0.000000 0.000000 0.000000 1.000000
0.980084 -0.009916 0.198334 0.024400 0.006675 0.999833 0.017003 15.862300 -0.198470 -0.015340 0.979987 -1.675800 0.000000 0.000000 0.000000 1.000000
0.981745 0.003936 0.190163 0.024400 -0.007697 0.999789 0.019047 15.862300 -0.190048 -0.020163 0.981568 -1.675800 0.000000 0.000000 0.000000 1.000000
0.983353 0.014614 0.181116 0.024400 -0.019805 0.999442 0.026887 15.862300 -0.180622 -0.030026 0.983094 -1.675800 0.000000 0.000000 0.000000 1.000000
0.985070 0.027000 0.170027 0.024400 -0.032878 0.998952 0.031849 15.862300 -0.168988 -0.036964 0.984925 -1.675800 0.000000 0.000000 0.000000 1.000000</float_array>
        <technique_common>
          <accessor source="#mixamorig_Neck-Matrix-animation-output-transform-array" count="21" stride="16">
            <param type="float4x4"/>
          </accessor>
        </technique_common>
      </source>
      <source id="mixamorig_Neck-Interpolations">
        <Name_array id="mixamorig_Neck-Interpolations-array" count="21">
 LINEAR LINEAR LINEAR LINEAR LINEAR LINEAR LINEAR LINEAR LINEAR LINEAR LINEAR
LINEAR LINEAR LINEAR LINEAR LINEAR LINEAR LINEAR LINEAR LINEAR LINEAR</Name_array>
        <technique_common>
          <accessor source="#mixamorig_Neck-Interpolations-array" count="21">
            <param type="name"/>
          </accessor>
        </technique_common>
      </source>
      <sampler id="mixamorig_Neck-Matrix-animation-transform">
        <input semantic="INPUT" source="#mixamorig_Neck-Matrix-animation-input"/>
        <input semantic="OUTPUT" source="#mixamorig_Neck-Matrix-animation-output-transform"/>
        <input semantic="INTERPOLATION" source="#mixamorig_Neck-Interpolations"/>
      </sampler>
      <channel source="#mixamorig_Neck-Matrix-animation-transform" target="mixamorig_Neck/matrix"/>
    </animation>
    <animation id="mixamorig_Head-anim" name="mixamorig_Head">
      <source id="mixamorig_Head-Matrix-animation-input">
        <float_array id="mixamorig_Head-Matrix-animation-input-array" count="21">

0.000000 0.033333 0.066667 0.100000 0.133333 0.166667 0.200000 0.233333 0.266667 0.300000 0.333333 0.366667 0.400000 0.433333 0.466667 0.500000
0.533333 0.566667 0.600000 0.633333 0.666667</float_array>
        <technique_common>
          <accessor source="#mixamorig_Head-Matrix-animation-input-array" count="21">
            <param name="TIME" type="float"/>
          </accessor>
        </technique_common>
      </source>
      <source id="mixamorig_Head-Matrix-animation-output-transform">
        <float_array id="mixamorig_Head-Matrix-animation-output-transform-array" count="336">

0.789907 0.205095 0.577913 0.000000 -0.401234 0.885543 0.234147 5.564000 -0.463744 -0.416833 0.781787 0.988100 0.000000 0.000000 0.000000 1.000000
0.787813 0.194480 0.584404 0.000000 -0.399771 0.883272 0.244978 5.564000 -0.468544 -0.426624 0.773601 0.988100 0.000000 0.000000 0.000000 1.000000
0.786189 0.164731 0.595626 0.000000 -0.386373 0.883239 0.265714 5.564000 -0.482309 -0.439035 0.758041 0.988100 0.000000 0.000000 0.000000 1.000000
0.782897 0.150367 0.603706 0.000000 -0.364351 0.897359 0.248989 5.564000 -0.504301 -0.414894 0.757326 0.988100 0.000000 0.000000 0.000000 1.000000
0.772370 0.130456 0.621632 0.000000 -0.340766 0.911020 0.232211 5.564000 -0.536026 -0.391183 0.748099 0.988100 0.000000 0.000000 0.000000 1.000000
0.769673 0.124296 0.626222 0.000000 -0.319751 0.924030 0.209591 5.564000 -0.552596 -0.361552 0.750945 0.988100 0.000000 0.000000 0.000000 1.000000
0.770796 0.131804 0.623299 -0.000000 -0.304223 0.935759 0.178336 5.564000 -0.559752 -0.327083 0.761377 0.988100 0.000000 0.000000 0.000000 1.000000
0.786303 0.130317 0.603942 0.000000 -0.281468 0.945730 0.162390 5.564000 -0.550004 -0.297678 0.780310 0.988100 0.000000 0.000000 0.000000 1.000000
0.806599 0.123240 0.578109 0.000000 -0.257635 0.953535 0.156190 5.564000 -0.531999 -0.274924 0.800871 0.988100 0.000000 0.000000 0.000000 1.000000
0.828170 0.121132 0.547230 0.000000 -0.239814 0.959061 0.150639 5.564000 -0.506580 -0.255988 0.823315 0.988100 0.000000 0.000000 0.000000 1.000000
0.845233 0.135375 0.516967 -0.000000 -0.239903 0.960546 0.140705 5.564000 -0.477523 -0.242951 0.844362 0.988100 0.000000 0.000000 0.000000 1.000000
0.864581 0.133071 0.484554 -0.000000 -0.223303 0.965597 0.133258 5.564000 -0.450151 -0.223415 0.864552 0.988100 0.000000 0.000000 0.000000 1.000000
0.875503 0.128265 0.465879 0.000000 -0.204774 0.971758 0.117278 5.564000 -0.437679 -0.198077 0.877042 0.988100 0.000000 0.000000 0.000000 1.000000
0.882336 0.124802 0.453771 -0.000000 -0.187179 0.977716 0.095056 5.564000 -0.431796 -0.168807 0.886034 0.988100 0.000000 0.000000 0.000000 1.000000
0.886405 0.122203 0.446489 -0.000000 -0.175894 0.981098 0.080675 5.564000 -0.428191 -0.150046 0.891145 0.988100 0.000000 0.000000 0.000000 1.000000
0.889579 0.114497 0.442199 0.000000 -0.164100 0.983554 0.075453 5.564000 -0.426288 -0.139686 0.893737 0.988100 0.000000 0.000000 0.000000 1.000000
0.893293 0.104918 0.437058 -0.000000 -0.150762 0.985985 0.071449 5.564000 -0.423437 -0.129716 0.896591 0.988100 0.000000 0.000000 0.000000 1.000000
0.898892 0.095552 0.427625 -0.000000 -0.136145 0.988535 0.065297 5.564000 -0.416483 -0.116914 0.901595 0.988100 0.000000 0.000000 0.000000 1.000000
0.903193 0.087453 0.420230 -0.000000 -0.125759 0.989977 0.064269 5.564000 -0.410398 -0.110895 0.905139 0.988100 0.000000 0.000000 0.000000 1.000000
0.906424 0.085284 0.413669 0.000000 -0.121541 0.990643 0.062084 5.564000 -0.404504 -0.106552 0.908308 0.988100 0.000000 0.000000 0.000000 1.000000
0.912383 0.079624 0.401518 0.000000 -0.112642 0.991866 0.059267 5.564000 -0.393533 -0.099302 0.913932 0.988100 0.000000 0.000000 0.000000 1.000000</float_array>
        <technique_common>
          <accessor source="#mixamorig_Head-Matrix-animation-output-transform-array" count="21" stride="16">
            <param type="float4x4"/>
          </accessor>
        </technique_common>
      </source>
      <source id="mixamorig_Head-Interpolations">
        <Name_array id="mixamorig_Head-Interpolations-array" count="21">
 LINEAR LINEAR LINEAR LINEAR LINEAR LINEAR LINEAR LINEAR LINEAR LINEAR LINEAR
LINEAR LINEAR LINEAR LINEAR LINEAR LINEAR LINEAR LINEAR LINEAR LINEAR</Name_array>
        <technique_common>
          <accessor source="#mixamorig_Head-Interpolations-array" count="21">
            <param type="name"/>
          </accessor>
        </technique_common>
      </source>
      <sampler id="mixamorig_Head-Matrix-animation-transform">
        <input semantic="INPUT" source="#mixamorig_Head-Matrix-animation-input"/>
        <input semantic="OUTPUT" source="#mixamorig_Head-Matrix-animation-output-transform"/>
        <input semantic="INTERPOLATION" source="#mixamorig_Head-Interpolations"/>
      </sampler>
      <channel source="#mixamorig_Head-Matrix-animation-transform" target="mixamorig_Head/matrix"/>
    </animation>
    <animation id="mixamorig_LeftShoulder-anim" name="mixamorig_LeftShoulder">
      <source id="mixamorig_LeftShoulder-Matrix-animation-input">
        <float_array id="mixamorig_LeftShoulder-Matrix-animation-input-array" count="21">

0.000000 0.033333 0.066667 0.100000 0.133333 0.166667 0.200000 0.233333 0.266667 0.300000 0.333333 0.366667 0.400000 0.433333 0.466667 0.500000
0.533333 0.566667 0.600000 0.633333 0.666667</float_array>
        <technique_common>
          <accessor source="#mixamorig_LeftShoulder-Matrix-animation-input-array" count="21">
            <param name="TIME" type="float"/>
          </accessor>
        </technique_common>
      </source>
      <source id="mixamorig_LeftShoulder-Matrix-animation-output-transform">
        <float_array id="mixamorig_LeftShoulder-Matrix-animation-output-transform-array" count="336">

0.212602 0.958591 0.189484 5.935000 0.034449 0.186444 -0.981862 13.670200 -0.976531 0.215274 0.006616 -1.662600 0.000000 0.000000 0.000000 1.000000
0.213707 0.968105 0.130778 5.935000 0.026291 0.128123 -0.991410 13.670200 -0.976544 0.215309 0.001928 -1.662600 0.000000 0.000000 0.000000 1.000000
0.210857 0.974899 0.071490 5.935000 0.018027 0.069243 -0.997437 13.670200 -0.977351 0.211605 -0.002974 -1.662600 0.000000 0.000000 0.000000 1.000000
0.199852 0.979760 0.011376 5.935000 0.009814 0.009608 -0.999906 13.670200 -0.979777 0.199945 -0.007695 -1.662600 0.000000 0.000000 0.000000 1.000000
0.186625 0.981097 -0.051184 5.935000 0.002116 -0.052501 -0.998619 13.670200 -0.982429 0.186259 -0.011874 -1.662600 0.000000 0.000000 0.000000 1.000000
0.163066 0.978998 -0.122365 5.935000 -0.007228 -0.122837 -0.992401 13.670200 -0.986589 0.162712 -0.012954 -1.662600 0.000000 0.000000 0.000000 1.000000
0.108754 0.970358 -0.215817 5.935000 -0.017649 -0.215186 -0.976414 13.670200 -0.993912 0.109998 -0.006276 -1.662600 0.000000 0.000000 0.000000 1.000000
0.069070 0.955826 -0.285702 5.935000 -0.021057 -0.284925 -0.958318 13.670200 -0.997390 0.072208 0.000447 -1.662600 0.000000 0.000000 0.000000 1.000000
0.055812 0.944980 -0.322332 5.935000 -0.024245 -0.321457 -0.946614 13.670200 -0.998147 0.060647 0.004970 -1.662600 0.000000 0.000000 0.000000 1.000000
0.066156 0.940756 -0.332567 5.935000 -0.027791 -0.331430 -0.943070 13.670200 -0.997422 0.071632 0.004218 -1.662600 0.000000 0.000000 0.000000 1.000000
0.080006 0.941055 -0.328656 5.935000 -0.030992 -0.327205 -0.944445 13.670200 -0.996312 0.085747 0.002987 -1.662600 0.000000 0.000000 0.000000 1.000000
0.094978 0.942923 -0.319180 5.935000 -0.033850 -0.317384 -0.947693 13.670200 -0.994904 0.100815 0.001773 -1.662600 0.000000 0.000000 0.000000 1.000000
0.109437 0.944777 -0.308902 5.935000 -0.036443 -0.306746 -0.951094 13.670200 -0.993325 0.115342 0.000861 -1.662600 0.000000 0.000000 0.000000 1.000000
0.120895 0.946878 -0.298004 5.935000 -0.038520 -0.295505 -0.954564 13.670200 -0.991918 0.126881 0.000749 -1.662600 0.000000 0.000000 0.000000 1.000000
0.129816 0.949391 -0.286016 5.935000 -0.040032 -0.283204 -0.958224 13.670200 -0.990730 0.135843 0.001241 -1.662600 0.000000 0.000000 0.000000 1.000000
0.137924 0.952062 -0.273047 5.935000 -0.041097 -0.269943 -0.961999 13.670200 -0.989590 0.143904 0.001896 -1.662600 0.000000 0.000000 0.000000 1.000000
0.145668 0.954822 -0.259029 5.935000 -0.041833 -0.255643 -0.965866 13.670200 -0.988449 0.151531 0.002704 -1.662600 0.000000 0.000000 0.000000 1.000000
0.152972 0.957567 -0.244263 5.935000 -0.042196 -0.240618 -0.969702 13.670200 -0.987329 0.158645 0.003598 -1.662600 0.000000 0.000000 0.000000 1.000000
0.160030 0.960171 -0.229047 5.935000 -0.042282 -0.225157 -0.973405 13.670200 -0.986206 0.165459 0.004566 -1.662600 0.000000 0.000000 0.000000 1.000000
0.167035 0.962516 -0.213686 5.935000 -0.042185 -0.209556 -0.976886 13.670200 -0.985048 0.172189 0.005600 -1.662600 0.000000 0.000000 0.000000 1.000000
0.174182 0.964502 -0.198488 5.935000 -0.042001 -0.194109 -0.980080 13.670200 -0.983817 0.179049 0.006699 -1.662600 0.000000 0.000000 0.000000 1.000000</float_array>
        <technique_common>
          <accessor source="#mixamorig_LeftShoulder-Matrix-animation-output-transform-array" count="21" stride="16">
            <param type="float4x4"/>
          </accessor>
        </technique_common>
      </source>
      <source id="mixamorig_LeftShoulder-Interpolations">
        <Name_array id="mixamorig_LeftShoulder-Interpolations-array" count="21">
 LINEAR LINEAR LINEAR LINEAR LINEAR LINEAR LINEAR LINEAR LINEAR LINEAR LINEAR
LINEAR LINEAR LINEAR LINEAR LINEAR LINEAR LINEAR LINEAR LINEAR LINEAR</Name_array>
        <technique_common>
          <accessor source="#mixamorig_LeftShoulder-Interpolations-array" count="21">
            <param type="name"/>
          </accessor>
        </technique_common>
      </source>
      <sampler id="mixamorig_LeftShoulder-Matrix-animation-transform">
        <input semantic="INPUT" source="#mixamorig_LeftShoulder-Matrix-animation-input"/>
        <input semantic="OUTPUT" source="#mixamorig_LeftShoulder-Matrix-animation-output-transform"/>
        <input semantic="INTERPOLATION" source="#mixamorig_LeftShoulder-Interpolations"/>
      </sampler>
      <channel source="#mixamorig_LeftShoulder-Matrix-animation-transform" target="mixamorig_LeftShoulder/matrix"/>
    </animation>
    <animation id="mixamorig_LeftArm-anim" name="mixamorig_LeftArm">
      <source id="mixamorig_LeftArm-Matrix-animation-input">
        <float_array id="mixamorig_LeftArm-Matrix-animation-input-array" count="21">

0.000000 0.033333 0.066667 0.100000 0.133333 0.166667 0.200000 0.233333 0.266667 0.300000 0.333333 0.366667 0.400000 0.433333 0.466667 0.500000
0.533333 0.566667 0.600000 0.633333 0.666667</float_array>
        <technique_common>
          <accessor source="#mixamorig_LeftArm-Matrix-animation-input-array" count="21">
            <param name="TIME" type="float"/>
          </accessor>
        </technique_common>
      </source>
      <source id="mixamorig_LeftArm-Matrix-animation-output-transform">
        <float_array id="mixamorig_LeftArm-Matrix-animation-output-transform-array" count="336">

0.908206 -0.329176 -0.258468 -0.000000 0.330465 0.942981 -0.039758 12.607900 0.256818 -0.049306 0.965201 0.000000 0.000000 0.000000 0.000000 1.000000
0.922350 -0.284687 -0.261196 -0.000000 0.288290 0.957210 -0.025270 12.607900 0.257213 -0.051992 0.964955 0.000000 0.000000 0.000000 0.000000 1.000000
0.940070 -0.227230 -0.254235 -0.000000 0.226009 0.973517 -0.034409 12.607900 0.255320 -0.025112 0.966530 0.000000 0.000000 0.000000 0.000000 1.000000
0.957408 -0.166215 -0.236098 0.000000 0.151935 0.985342 -0.077572 12.607900 0.245531 0.038396 0.968628 -0.000000 0.000000 0.000000 0.000000 1.000000
0.971440 -0.113722 -0.208259 -0.000000 0.081814 0.984379 -0.155901 12.607900 0.222735 0.134410 0.965569 -0.000000 0.000000 0.000000 0.000000 1.000000
0.980939 -0.084211 -0.175121 0.000000 0.037219 0.965955 -0.256018 12.607900 0.190718 0.244620 0.950677 0.000000 0.000000 0.000000 0.000000 1.000000
0.983455 -0.107558 -0.145765 0.000000 0.056210 0.946123 -0.318892 12.607900 0.172211 0.305423 0.936515 0.000000 0.000000 0.000000 0.000000 1.000000
0.986950 -0.125712 -0.100625 -0.000000 0.080056 0.925277 -0.370747 12.607900 0.139714 0.357853 0.923267 0.000000 0.000000 0.000000 0.000000 1.000000
0.990667 -0.128853 -0.044447 0.000000 0.098814 0.903538 -0.416960 12.607900 0.093886 0.408677 0.907837 0.000000 0.000000 0.000000 0.000000 1.000000
0.992041 -0.125893 -0.002526 0.000000 0.110310 0.878574 -0.464694 12.607900 0.060721 0.460716 0.885468 0.000000 0.000000 0.000000 0.000000 1.000000
0.990448 -0.134053 0.032298 0.000000 0.131947 0.853377 -0.504318 12.607900 0.040043 0.503762 0.862914 0.000000 0.000000 0.000000 0.000000 1.000000
0.983960 -0.163881 0.070469 0.000000 0.175879 0.825166 -0.536813 12.607900 0.029825 0.540596 0.840753 0.000000 0.000000 0.000000 0.000000 1.000000
0.976276 -0.187976 0.107474 0.000000 0.215625 0.798632 -0.561865 12.607900 0.019785 0.571709 0.820218 0.000000 0.000000 0.000000 0.000000 1.000000
0.970276 -0.205755 0.127399 0.000000 0.241313 0.782853 -0.573506 12.607900 0.018267 0.587201 0.809235 0.000000 0.000000 0.000000 0.000000 1.000000
0.966724 -0.216736 0.135908 0.000000 0.254917 0.771453 -0.582991 12.607900 0.021508 0.598236 0.801031 0.000000 0.000000 0.000000 0.000000 1.000000
0.964485 -0.223846 0.140222 -0.000000 0.262945 0.763255 -0.590171 12.607900 0.025082 0.606081 0.795007 0.000000 0.000000 0.000000 0.000000 1.000000
0.963266 -0.228007 0.141884 0.000000 0.267090 0.758428 -0.594517 12.607900 0.027945 0.610574 0.791466 -0.000000 0.000000 0.000000 0.000000 1.000000
