<?xml version="1.0" encoding="utf-8"?>
<COLLADA xmlns="http://www.collada.org/2005/11/COLLADASchema" version="1.4.1">
  <asset>
    <contributor>
      <author>Mixamo</author>
      <authoring_tool>COLLADA Mixamo exporter</authoring_tool>
      <comments/>
    </contributor>
    <created>2022-12-10T03:28:02Z</created>
    <modified>2022-12-10T03:28:02Z</modified>
    <revision/>
    <title/>
    <unit meter="0.010000"/>
    <up_axis>Y_UP</up_axis>
  </asset>
  <library_animations>
    <animation id="mixamorig_Hips-anim" name="mixamorig_Hips">
      <source id="mixamorig_Hips-Matrix-animation-input">
        <float_array id="mixamorig_Hips-Matrix-animation-input-array" count="35">

0.000000 0.033333 0.066667 0.100000 0.133333 0.166667 0.200000 0.233333 0.266667 0.300000 0.333333 0.366667 0.400000 0.433333 0.466667 0.500000
0.533333 0.566667 0.600000 0.633333 0.666667 0.700000 0.733333 0.766667 0.800000 0.833333 0.866667 0.900000 0.933333 0.966667 1.000000 1.033333
1.066667 1.100000 1.133333</float_array>
        <technique_common>
          <accessor source="#mixamorig_Hips-Matrix-animation-input-array" count="35">
            <param name="TIME" type="float"/>
          </accessor>
        </technique_common>
      </source>
      <source id="mixamorig_Hips-Matrix-animation-output-transform">
        <float_array id="mixamorig_Hips-Matrix-animation-output-transform-array" count="560">

0.483425 -0.058570 -0.873424 -0.010004 0.037141 0.998233 -0.046382 76.725128 0.874597 -0.010018 0.484746 0.023718 0.000000 0.000000 0.000000 1.000000
0.464545 -0.069253 -0.882837 -0.385753 0.053908 0.997300 -0.049865 76.830360 0.883907 -0.024428 0.467024 -0.464022 0.000000 0.000000 0.000000 1.000000
0.450901 -0.081648 -0.888832 -1.252324 0.075565 0.995724 -0.053133 77.534515 0.889370 -0.043207 0.455143 -0.956000 0.000000 0.000000 0.000000 1.000000
0.444966 -0.091875 -0.890822 -1.924999 0.088833 0.994346 -0.058180 78.655426 0.891131 -0.053246 0.450612 -1.378768 0.000000 0.000000 0.000000 1.000000
0.434746 -0.104125 -0.894513 -1.965642 0.098257 0.992848 -0.067818 79.733429 0.895177 -0.058408 0.441867 -1.662941 0.000000 0.000000 0.000000 1.000000
0.412655 -0.116270 -0.903436 -2.424691 0.104422 0.991320 -0.079885 81.082581 0.904882 -0.061373 0.421214 -1.907382 0.000000 0.000000 0.000000 1.000000
0.389008 -0.124142 -0.912832 -2.646468 0.106156 0.990319 -0.089441 82.452690 0.915098 -0.062109 0.398420 -1.840586 0.000000 0.000000 0.000000 1.000000
0.379248 -0.125904 -0.916689 -2.139459 0.107037 0.990018 -0.091692 83.545784 0.919083 -0.063345 0.388939 -1.599313 0.000000 0.000000 0.000000 1.000000
0.375778 -0.121525 -0.918707 -1.706971 0.108434 0.990320 -0.086645 84.399849 0.920344 -0.067060 0.385318 -1.414432 0.000000 0.000000 0.000000 1.000000
0.367945 -0.116504 -0.922520 -1.319001 0.108979 0.990685 -0.081646 84.892998 0.923439 -0.070494 0.377214 -1.084419 0.000000 0.000000 0.000000 1.000000
0.356201 -0.115769 -0.927210 -0.288880 0.107291 0.990800 -0.082491 84.892471 0.928229 -0.070097 0.365345 -0.791383 0.000000 0.000000 0.000000 1.000000
0.343568 -0.114686 -0.932099 0.799356 0.106325 0.990884 -0.082728 84.573502 0.933090 -0.070683 0.352630 -0.582792 0.000000 0.000000 0.000000 1.000000
0.324306 -0.112190 -0.939276 1.501146 0.105395 0.991045 -0.081984 83.948799 0.940063 -0.072407 0.333226 -0.248748 0.000000 0.000000 0.000000 1.000000
0.300570 -0.111559 -0.947213 2.819451 0.102335 0.991175 -0.084264 83.267044 0.948254 -0.071605 0.309334 0.038644 0.000000 0.000000 0.000000 1.000000
0.273330 -0.113692 -0.955178 4.050683 0.095318 0.991305 -0.090716 82.503326 0.957186 -0.066250 0.281790 0.502029 0.000000 0.000000 0.000000 1.000000
0.245987 -0.111048 -0.962891 4.480730 0.081876 0.992245 -0.093517 81.650139 0.965809 -0.055834 0.253172 1.307879 0.000000 0.000000 0.000000 1.000000
0.233114 -0.099798 -0.967315 5.225870 0.068522 0.993933 -0.086031 81.054398 0.970032 -0.046227 0.238538 1.994934 0.000000 0.000000 0.000000 1.000000
0.238551 -0.085719 -0.967340 5.732779 0.063256 0.995353 -0.072602 80.812965 0.969068 -0.043870 0.242864 2.877036 0.000000 0.000000 0.000000 1.000000
0.264108 -0.078263 -0.961312 5.594913 0.061249 0.996052 -0.064264 80.797638 0.962546 -0.041907 0.267859 4.037721 0.000000 0.000000 0.000000 1.000000
0.282264 -0.070190 -0.956765 6.346860 0.049827 0.997046 -0.058446 80.708618 0.958042 -0.031176 0.284928 4.729328 0.000000 0.000000 0.000000 1.000000
0.283667 -0.060448 -0.957016 7.127784 0.035812 0.997983 -0.052421 80.779747 0.958254 -0.019403 0.285260 5.250410 0.000000 0.000000 0.000000 1.000000
0.288891 -0.058623 -0.955565 7.237958 0.025834 0.998237 -0.053431 81.159409 0.957013 -0.009250 0.289896 5.879880 0.000000 0.000000 0.000000 1.000000
0.297325 -0.063419 -0.952668 8.007394 0.013736 0.997972 -0.062148 81.533958 0.954678 0.005392 0.297593 6.278767 0.000000 0.000000 0.000000 1.000000
0.308590 -0.067633 -0.948788 8.433733 0.002756 0.997528 -0.070211 82.150826 0.951191 0.019052 0.308013 6.619557 0.000000 0.000000 0.000000 1.000000
0.321597 -0.071633 -0.944163 8.160680 -0.005907 0.996963 -0.077651 82.815193 0.946858 0.030549 0.320198 6.876069 0.000000 0.000000 0.000000 1.000000
0.332980 -0.077615 -0.939734 8.194130 -0.009688 0.996272 -0.085717 83.259911 0.942884 0.037646 0.330987 6.955013 0.000000 0.000000 0.000000 1.000000
0.349077 -0.083198 -0.933393 7.182380 -0.011918 0.995576 -0.093198 83.584976 0.937018 0.043658 0.346541 6.993536 0.000000 0.000000 0.000000 1.000000
0.369235 -0.087368 -0.925220 6.046678 -0.009126 0.995182 -0.097617 83.503136 0.929291 0.044487 0.366659 6.804543 0.000000 0.000000 0.000000 1.000000
0.389882 -0.089215 -0.916533 5.588192 -0.002700 0.995181 -0.098019 83.013260 0.920861 0.040690 0.387762 6.420117 0.000000 0.000000 0.000000 1.000000
0.416183 -0.089095 -0.904905 4.843560 0.006950 0.995471 -0.094816 82.302589 0.909254 0.033172 0.414918 5.883128 0.000000 0.000000 0.000000 1.000000
0.442486 -0.088402 -0.892408 3.809198 0.019230 0.995836 -0.089113 81.126442 0.896569 0.022270 0.442343 5.098064 0.000000 0.000000 0.000000 1.000000
0.462055 -0.085438 -0.882726 2.835377 0.027380 0.996248 -0.082095 79.644279 0.886428 0.013763 0.462661 4.098855 0.000000 0.000000 0.000000 1.000000
0.472096 -0.079575 -0.877948 2.396455 0.033461 0.996817 -0.072356 78.394386 0.880912 0.004782 0.473257 3.017812 0.000000 0.000000 0.000000 1.000000
0.479863 -0.069533 -0.874584 0.979142 0.037598 0.997568 -0.058681 77.230347 0.876537 -0.004724 0.481311 1.544113 0.000000 0.000000 0.000000 1.000000
0.483425 -0.058570 -0.873424 -0.009999 0.037141 0.998233 -0.046382 76.725121 0.874597 -0.010018 0.484746 0.022493 0.000000 0.000000 0.000000 1.000000</float_array>
        <technique_common>
          <accessor source="#mixamorig_Hips-Matrix-animation-output-transform-array" count="35" stride="16">
            <param type="float4x4"/>
          </accessor>
        </technique_common>
      </source>
      <source id="mixamorig_Hips-Interpolations">
        <Name_array id="mixamorig_Hips-Interpolations-array" count="35">
 LINEAR LINEAR LINEAR LINEAR LINEAR LINEAR LINEAR LINEAR LINEAR LINEAR LINEAR
LINEAR LINEAR LINEAR LINEAR LINEAR LINEAR LINEAR LINEAR LINEAR LINEAR LINEAR LINEAR
LINEAR LINEAR LINEAR LINEAR LINEAR LINEAR LINEAR LINEAR LINEAR LINEAR LINEAR LINEAR</Name_array>
        <technique_common>
          <accessor source="#mixamorig_Hips-Interpolations-array" count="35">
            <param type="name"/>
          </accessor>
        </technique_common>
      </source>
      <sampler id="mixamorig_Hips-Matrix-animation-transform">
        <input semantic="INPUT" source="#mixamorig_Hips-Matrix-animation-input"/>
        <input semantic="OUTPUT" source="#mixamorig_Hips-Matrix-animation-output-transform"/>
        <input semantic="INTERPOLATION" source="#mixamorig_Hips-Interpolations"/>
      </sampler>
      <channel source="#mixamorig_Hips-Matrix-animation-transform" target="mixamorig_Hips/matrix"/>
    </animation>
    <animation id="mixamorig_Spine-anim" name="mixamorig_Spine">
      <source id="mixamorig_Spine-Matrix-animation-input">
        <float_array id="mixamorig_Spine-Matrix-animation-input-array" count="35">

0.000000 0.033333 0.066667 0.100000 0.133333 0.166667 0.200000 0.233333 0.266667 0.300000 0.333333 0.366667 0.400000 0.433333 0.466667 0.500000
0.533333 0.566667 0.600000 0.633333 0.666667 0.700000 0.733333 0.766667 0.800000 0.833333 0.866667 0.900000 0.933333 0.966667 1.000000 1.033333
1.066667 1.100000 1.133333</float_array>
        <technique_common>
          <accessor source="#mixamorig_Spine-Matrix-animation-input-array" count="35">
            <param name="TIME" type="float"/>
          </accessor>
        </technique_common>
      </source>
      <source id="mixamorig_Spine-Matrix-animation-output-transform">
        <float_array id="mixamorig_Spine-Matrix-animation-output-transform-array" count="560">

0.997338 0.042376 -0.059341 0.017300 -0.053061 0.979962 -0.191988 10.574800 0.050017 0.194626 0.979602 -1.117200 0.000000 0.000000 0.000000 1.000000
0.996681 0.052129 -0.062527 0.017300 -0.063886 0.976908 -0.203886 10.574800 0.050455 0.207204 0.976996 -1.117200 0.000000 0.000000 0.000000 1.000000
0.995957 0.064530 -0.062500 0.017300 -0.076831 0.972391 -0.220346 10.574800 0.046556 0.224257 0.973417 -1.117200 0.000000 0.000000 0.000000 1.000000
0.995617 0.069771 -0.062278 0.017300 -0.082721 0.967644 -0.238375 10.574800 0.043631 0.242481 0.969174 -1.117200 0.000000 0.000000 0.000000 1.000000
0.995254 0.077357 -0.059040 0.017300 -0.089755 0.964139 -0.249761 10.574800 0.037602 0.253875 0.966506 -1.117200 0.000000 0.000000 0.000000 1.000000
0.994938 0.089751 -0.045192 0.017300 -0.098388 0.961518 -0.256520 10.574800 0.020430 0.259668 0.965482 -1.117200 0.000000 0.000000 0.000000 1.000000
0.994301 0.102866 -0.028012 0.017300 -0.106612 0.959093 -0.262250 10.574800 -0.000111 0.263742 0.964593 -1.117200 0.000000 0.000000 0.000000 1.000000
0.993735 0.109472 -0.022493 0.017300 -0.111469 0.956399 -0.269955 10.574800 -0.008040 0.270771 0.962610 -1.117200 0.000000 0.000000 0.000000 1.000000
0.993399 0.113079 -0.019258 0.017300 -0.113936 0.953275 -0.279794 10.574800 -0.013280 0.280141 0.959867 -1.117200 0.000000 0.000000 0.000000 1.000000
0.993140 0.116369 -0.011412 0.017300 -0.114727 0.950950 -0.287283 10.574800 -0.022579 0.286622 0.957778 -1.117200 0.000000 0.000000 0.000000 1.000000
0.993146 0.116881 -0.000292 0.017300 -0.112053 0.951408 -0.286821 10.574800 -0.033246 0.284888 0.957984 -1.117200 0.000000 0.000000 0.000000 1.000000
0.993225 0.115834 0.009279 0.017300 -0.108260 0.951382 -0.288363 10.574800 -0.042230 0.285405 0.957476 -1.117200 0.000000 0.000000 0.000000 1.000000
0.993153 0.114769 0.021777 0.017300 -0.103405 0.950449 -0.293179 10.574800 -0.054346 0.288920 0.955810 -1.117200 0.000000 0.000000 0.000000 1.000000
0.992947 0.113269 0.035011 0.017300 -0.097902 0.949939 -0.296699 10.574800 -0.066866 0.291179 0.954329 -1.117200 0.000000 0.000000 0.000000 1.000000
0.992749 0.109170 0.050306 0.017300 -0.089532 0.950817 -0.296530 10.574800 -0.080204 0.289876 0.953698 -1.117200 0.000000 0.000000 0.000000 1.000000
0.992070 0.104321 0.070102 0.017300 -0.079086 0.951618 -0.296931 10.574800 -0.097686 0.289032 0.952322 -1.117200 0.000000 0.000000 0.000000 1.000000
0.991547 0.100316 0.082286 0.017300 -0.071048 0.950467 -0.302598 10.574800 -0.108566 0.294193 0.949560 -1.117200 0.000000 0.000000 0.000000 1.000000
0.991793 0.100044 0.079613 0.017300 -0.070353 0.946963 -0.313546 10.574800 -0.106759 0.305372 0.946230 -1.117200 0.000000 0.000000 0.000000 1.000000
0.993139 0.096999 0.065321 0.017300 -0.071451 0.945498 -0.317691 10.574800 -0.092577 0.310844 0.945942 -1.117200 0.000000 0.000000 0.000000 1.000000
0.994670 0.086091 0.056744 0.017300 -0.063493 0.945022 -0.320784 10.574800 -0.081241 0.315471 0.945451 -1.117200 0.000000 0.000000 0.000000 1.000000
0.995619 0.080083 0.048263 0.017300 -0.059876 0.942520 -0.328741 10.574800 -0.071815 0.324411 0.943186 -1.117200 0.000000 0.000000 0.000000 1.000000
0.996639 0.073615 0.035941 0.017300 -0.057959 0.943691 -0.325711 10.574800 -0.057895 0.322533 0.944786 -1.117200 0.000000 0.000000 0.000000 1.000000
0.997927 0.057793 0.028329 0.017300 -0.046155 0.949339 -0.310847 10.574800 -0.044859 0.308895 0.950038 -1.117200 0.000000 0.000000 0.000000 1.000000
0.998946 0.042013 0.018486 0.017300 -0.034773 0.955580 -0.292674 10.574800 -0.029961 0.291723 0.956034 -1.117200 0.000000 0.000000 0.000000 1.000000
0.999485 0.031007 0.008308 0.017300 -0.027634 0.962799 -0.268802 10.574800 -0.016333 0.268434 0.963160 -1.117200 0.000000 0.000000 0.000000 1.000000
0.999596 0.028400 0.001092 0.017300 -0.027307 0.970357 -0.240129 10.574800 -0.007880 0.240003 0.970740 -1.117200 0.000000 0.000000 0.000000 1.000000
0.999559 0.028861 -0.006935 0.017300 -0.029671 0.977985 -0.206557 10.574800 0.000821 0.206672 0.978410 -1.117200 0.000000 0.000000 0.000000 1.000000
0.999214 0.036229 -0.016059 0.017300 -0.038528 0.982966 -0.179704 10.574800 0.009275 0.180182 0.983590 -1.117200 0.000000 0.000000 0.000000 1.000000
0.998633 0.046376 -0.024099 0.017300 -0.049739 0.984915 -0.165734 10.574800 0.016049 0.166706 0.985876 -1.117200 0.000000 0.000000 0.000000 1.000000
0.997884 0.054719 -0.035108 0.017300 -0.059651 0.985360 -0.159709 10.574800 0.025855 0.161465 0.986540 -1.117200 0.000000 0.000000 0.000000 1.000000
0.997082 0.060572 -0.046464 0.017300 -0.067256 0.984943 -0.159263 10.574800 0.036118 0.161923 0.986142 -1.117200 0.000000 0.000000 0.000000 1.000000
0.996750 0.059973 -0.053790 0.017300 -0.067919 0.984661 -0.160718 10.574800 0.043327 0.163849 0.985534 -1.117200 0.000000 0.000000 0.000000 1.000000
0.996715 0.057801 -0.056734 0.017300 -0.066514 0.983847 -0.166193 10.574800 0.046212 0.169420 0.984460 -1.117200 0.000000 0.000000 0.000000 1.000000
0.996874 0.051782 -0.059672 0.017300 -0.061619 0.982282 -0.176989 10.574800 0.049450 0.180113 0.982402 -1.117200 0.000000 0.000000 0.000000 1.000000
0.997338 0.042376 -0.059341 0.017300 -0.053060 0.979962 -0.191988 10.574800 0.050016 0.194625 0.979602 -1.117200 0.000000 0.000000 0.000000 1.000000</float_array>
        <technique_common>
          <accessor source="#mixamorig_Spine-Matrix-animation-output-transform-array" count="35" stride="16">
            <param type="float4x4"/>
          </accessor>
        </technique_common>
      </source>
      <source id="mixamorig_Spine-Interpolations">
        <Name_array id="mixamorig_Spine-Interpolations-array" count="35">
 LINEAR LINEAR LINEAR LINEAR LINEAR LINEAR LINEAR LINEAR LINEAR LINEAR LINEAR
LINEAR LINEAR LINEAR LINEAR LINEAR LINEAR LINEAR LINEAR LINEAR LINEAR LINEAR LINEAR
LINEAR LINEAR LINEAR LINEAR LINEAR LINEAR LINEAR LINEAR LINEAR LINEAR LINEAR LINEAR</Name_array>
        <technique_common>
          <accessor source="#mixamorig_Spine-Interpolations-array" count="35">
            <param type="name"/>
          </accessor>
        </technique_common>
      </source>
      <sampler id="mixamorig_Spine-Matrix-animation-transform">
        <input semantic="INPUT" source="#mixamorig_Spine-Matrix-animation-input"/>
        <input semantic="OUTPUT" source="#mixamorig_Spine-Matrix-animation-output-transform"/>
        <input semantic="INTERPOLATION" source="#mixamorig_Spine-Interpolations"/>
      </sampler>
      <channel source="#mixamorig_Spine-Matrix-animation-transform" target="mixamorig_Spine/matrix"/>
    </animation>
    <animation id="mixamorig_Spine1-anim" name="mixamorig_Spine1">
      <source id="mixamorig_Spine1-Matrix-animation-input">
        <float_array id="mixamorig_Spine1-Matrix-animation-input-array" count="35">

0.000000 0.033333 0.066667 0.100000 0.133333 0.166667 0.200000 0.233333 0.266667 0.300000 0.333333 0.366667 0.400000 0.433333 0.466667 0.500000
0.533333 0.566667 0.600000 0.633333 0.666667 0.700000 0.733333 0.766667 0.800000 0.833333 0.866667 0.900000 0.933333 0.966667 1.000000 1.033333
1.066667 1.100000 1.133333</float_array>
        <technique_common>
          <accessor source="#mixamorig_Spine1-Matrix-animation-input-array" count="35">
            <param name="TIME" type="float"/>
          </accessor>
        </technique_common>
      </source>
      <source id="mixamorig_Spine1-Matrix-animation-output-transform">
        <float_array id="mixamorig_Spine1-Matrix-animation-output-transform-array" count="560">

0.999701 0.022120 -0.010400 0.000000 -0.022353 0.999490 -0.022787 12.406000 0.009890 0.023012 0.999686 -0.000000 0.000000 0.000000 0.000000 1.000000
0.999519 0.029725 -0.008896 0.000000 -0.029905 0.999334 -0.020927 12.406000 0.008268 0.021183 0.999741 0.000000 0.000000 0.000000 0.000000 1.000000
0.999296 0.037011 -0.006140 0.000000 -0.037128 0.999107 -0.020183 12.406000 0.005387 0.020397 0.999777 0.000000 0.000000 0.000000 0.000000 1.000000
0.999162 0.040720 -0.004252 -0.000000 -0.040799 0.998961 -0.020299 12.406000 0.003421 0.020455 0.999785 0.000000 0.000000 0.000000 0.000000 1.000000
0.999086 0.042705 -0.002019 0.000000 -0.042736 0.998890 -0.019804 12.406000 0.001171 0.019873 0.999802 0.000000 0.000000 0.000000 0.000000 1.000000
0.999034 0.043838 0.002940 0.000000 -0.043774 0.998857 -0.019178 12.406000 -0.003777 0.019030 0.999812 0.000000 0.000000 0.000000 0.000000 1.000000
0.999016 0.043557 0.008353 0.000000 -0.043390 0.998873 -0.019221 12.406000 -0.009181 0.018839 0.999780 -0.000000 0.000000 0.000000 0.000000 1.000000
0.999004 0.043405 0.010380 0.000000 -0.043198 0.998877 -0.019464 12.406000 -0.011213 0.018996 0.999757 0.000000 0.000000 0.000000 0.000000 1.000000
0.998998 0.043199 0.011685 0.000000 -0.042955 0.998869 -0.020405 12.406000 -0.012553 0.019883 0.999724 0.000000 0.000000 0.000000 0.000000 1.000000
0.998996 0.042554 0.014040 0.000000 -0.042249 0.998879 -0.021345 12.406000 -0.014932 0.020731 0.999674 -0.000000 0.000000 0.000000 0.000000 1.000000
0.998974 0.041999 0.016915 0.000000 -0.041631 0.998900 -0.021569 12.406000 -0.017802 0.020842 0.999624 -0.000000 0.000000 0.000000 0.000000 1.000000
0.998950 0.041466 0.019480 0.000000 -0.041046 0.998927 -0.021461 12.406000 -0.020349 0.020639 0.999580 0.000000 0.000000 0.000000 0.000000 1.000000
0.998912 0.040583 0.022962 -0.000000 -0.040095 0.998968 -0.021352 12.406000 -0.023805 0.020408 0.999508 0.000000 0.000000 0.000000 0.000000 1.000000
0.998868 0.039510 0.026495 0.000000 -0.038953 0.999015 -0.021234 12.406000 -0.027308 0.020178 0.999423 -0.000000 0.000000 0.000000 0.000000 1.000000
0.998882 0.036653 0.029839 0.000000 -0.036056 0.999143 -0.020307 12.406000 -0.030558 0.019209 0.999348 0.000000 0.000000 0.000000 0.000000 1.000000
0.998914 0.031975 0.033882 0.000000 -0.031344 0.999328 -0.018982 12.406000 -0.034466 0.017899 0.999246 0.000000 0.000000 0.000000 0.000000 1.000000
0.998957 0.027935 0.036125 0.000000 -0.027292 0.999462 -0.018188 12.406000 -0.036614 0.017183 0.999182 0.000000 0.000000 0.000000 0.000000 1.000000
0.999060 0.025567 0.034996 0.000000 -0.024952 0.999528 -0.017912 12.406000 -0.035437 0.017022 0.999227 0.000000 0.000000 0.000000 0.000000 1.000000
0.999265 0.023516 0.030286 0.000000 -0.022993 0.999582 -0.017501 12.406000 -0.030685 0.016791 0.999388 0.000000 0.000000 0.000000 0.000000 1.000000
0.999421 0.021146 0.026660 0.000000 -0.020707 0.999647 -0.016651 12.406000 -0.027003 0.016089 0.999506 0.000000 0.000000 0.000000 0.000000 1.000000
0.999512 0.020150 0.023887 -0.000000 -0.019766 0.999673 -0.016222 12.406000 -0.024206 0.015742 0.999583 0.000000 0.000000 0.000000 0.000000 1.000000
0.999610 0.019670 0.019824 -0.000000 -0.019318 0.999655 -0.017788 12.406000 -0.020168 0.017398 0.999645 0.000000 0.000000 0.000000 0.000000 1.000000
0.999691 0.018773 0.016284 -0.000000 -0.018462 0.999648 -0.019067 12.406000 -0.016636 0.018761 0.999686 0.000000 0.000000 0.000000 0.000000 1.000000
0.999784 0.017011 0.011967 0.000000 -0.016776 0.999670 -0.019470 12.406000 -0.012295 0.019265 0.999739 0.000000 0.000000 0.000000 0.000000 1.000000
0.999862 0.014738 0.007626 0.000000 -0.014582 0.999692 -0.020105 12.406000 -0.007920 0.019991 0.999769 0.000000 0.000000 0.000000 0.000000 1.000000
0.999906 0.012910 0.004580 0.000000 -0.012810 0.999692 -0.021236 12.406000 -0.004853 0.021176 0.999764 0.000000 0.000000 0.000000 0.000000 1.000000
0.999946 0.010280 0.001213 -0.000000 -0.010250 0.999685 -0.022908 12.406000 -0.001448 0.022894 0.999737 0.000000 0.000000 0.000000 0.000000 1.000000
0.999967 0.007833 -0.002064 0.000000 -0.007880 0.999677 -0.024142 12.406000 0.001875 0.024157 0.999706 0.000000 0.000000 0.000000 0.000000 1.000000
0.999968 0.006568 -0.004515 0.000000 -0.006678 0.999672 -0.024722 12.406000 0.004352 0.024751 0.999684 -0.000000 0.000000 0.000000 0.000000 1.000000
0.999950 0.006573 -0.007474 0.000000 -0.006758 0.999665 -0.024966 12.406000 0.007308 0.025015 0.999660 0.000000 0.000000 0.000000 0.000000 1.000000
0.999909 0.009000 -0.010014 0.000000 -0.009244 0.999654 -0.024610 12.406000 0.009790 0.024700 0.999647 0.000000 0.000000 0.000000 0.000000 1.000000
0.999864 0.011893 -0.011438 -0.000000 -0.012169 0.999627 -0.024452 12.406000 0.011143 0.024588 0.999636 -0.000000 0.000000 0.000000 0.000000 1.000000
0.999824 0.014816 -0.011530 0.000000 -0.015085 0.999607 -0.023620 12.406000 0.011176 0.023789 0.999655 0.000000 0.000000 0.000000 0.000000 1.000000
0.999760 0.018761 -0.011337 -0.000000 -0.019013 0.999564 -0.022608 12.406000 0.010908 0.022819 0.999680 0.000000 0.000000 0.000000 0.000000 1.000000
0.999701 0.022120 -0.010400 0.000000 -0.022353 0.999490 -0.022787 12.406000 0.009890 0.023012 0.999686 0.000000 0.000000 0.000000 0.000000 1.000000</float_array>
        <technique_common>
          <accessor source="#mixamorig_Spine1-Matrix-animation-output-transform-array" count="35" stride="16">
            <param type="float4x4"/>
          </accessor>
        </technique_common>
      </source>
      <source id="mixamorig_Spine1-Interpolations">
        <Name_array id="mixamorig_Spine1-Interpolations-array" count="35">
 LINEAR LINEAR LINEAR LINEAR LINEAR LINEAR LINEAR LINEAR LINEAR LINEAR LINEAR
LINEAR LINEAR LINEAR LINEAR LINEAR LINEAR LINEAR LINEAR LINEAR LINEAR LINEAR LINEAR
LINEAR LINEAR LINEAR LINEAR LINEAR LINEAR LINEAR LINEAR LINEAR LINEAR LINEAR LINEAR</Name_array>
        <technique_common>
          <accessor source="#mixamorig_Spine1-Interpolations-array" count="35">
            <param type="name"/>
          </accessor>
        </technique_common>
      </source>
      <sampler id="mixamorig_Spine1-Matrix-animation-transform">
        <input semantic="INPUT" source="#mixamorig_Spine1-Matrix-animation-input"/>
        <input semantic="OUTPUT" source="#mixamorig_Spine1-Matrix-animation-output-transform"/>
        <input semantic="INTERPOLATION" source="#mixamorig_Spine1-Interpolations"/>
      </sampler>
      <channel source="#mixamorig_Spine1-Matrix-animation-transform" target="mixamorig_Spine1/matrix"/>
    </animation>
    <animation id="mixamorig_Spine2-anim" name="mixamorig_Spine2">
      <source id="mixamorig_Spine2-Matrix-animation-input">
        <float_array id="mixamorig_Spine2-Matrix-animation-input-array" count="35">

0.000000 0.033333 0.066667 0.100000 0.133333 0.166667 0.200000 0.233333 0.266667 0.300000 0.333333 0.366667 0.400000 0.433333 0.466667 0.500000
0.533333 0.566667 0.600000 0.633333 0.666667 0.700000 0.733333 0.766667 0.800000 0.833333 0.866667 0.900000 0.933333 0.966667 1.000000 1.033333
1.066667 1.100000 1.133333</float_array>
        <technique_common>
          <accessor source="#mixamorig_Spine2-Matrix-animation-input-array" count="35">
            <param name="TIME" type="float"/>
          </accessor>
        </technique_common>
      </source>
      <source id="mixamorig_Spine2-Matrix-animation-output-transform">
        <float_array id="mixamorig_Spine2-Matrix-animation-output-transform-array" count="560">

0.999747 0.019249 -0.011655 0.000000 -0.020582 0.991581 -0.127840 14.178300 0.009096 0.128048 0.991726 -0.000000 0.000000 0.000000 0.000000 1.000000
0.999577 0.027079 -0.010588 -0.000000 -0.028199 0.991629 -0.126007 14.178300 0.007087 0.126252 0.991973 0.000000 0.000000 0.000000 0.000000 1.000000
0.999362 0.034759 -0.008198 0.000000 -0.035512 0.991491 -0.125238 14.178300 0.003775 0.125449 0.992093 0.000000 0.000000 0.000000 0.000000 1.000000
0.999228 0.038752 -0.006416 0.000000 -0.039251 0.991341 -0.125308 14.178300 0.001504 0.125463 0.992097 0.000000 0.000000 0.000000 0.000000 1.000000
0.999148 0.041063 -0.004222 -0.000000 -0.041268 0.991330 -0.124747 14.178300 -0.000937 0.124815 0.992180 -0.000000 0.000000 0.000000 0.000000 1.000000
0.999080 0.042877 0.000701 0.000000 -0.042460 0.991378 -0.123961 14.178300 -0.006010 0.123817 0.992287 0.000000 0.000000 0.000000 0.000000 1.000000
0.999042 0.043335 0.006127 0.000000 -0.042245 0.991405 -0.123819 14.178300 -0.011440 0.123442 0.992286 -0.000000 0.000000 0.000000 0.000000 1.000000
0.999020 0.043489 0.008184 0.000000 -0.042142 0.991388 -0.123988 14.178300 -0.013505 0.123522 0.992250 0.000000 0.000000 0.000000 0.000000 1.000000
0.999009 0.043473 0.009530 -0.000000 -0.041946 0.991285 -0.124881 14.178300 -0.014876 0.124358 0.992126 0.000000 0.000000 0.000000 0.000000 1.000000
0.998997 0.043165 0.011927 0.000000 -0.041327 0.991201 -0.125749 14.178300 -0.017250 0.125130 0.991990 0.000000 0.000000 0.000000 0.000000 1.000000
0.998965 0.042998 0.014802 0.000000 -0.040799 0.991204 -0.125895 14.178300 -0.020085 0.125161 0.991933 0.000000 0.000000 0.000000 0.000000 1.000000
0.998932 0.042811 0.017396 0.000000 -0.040292 0.991246 -0.125731 14.178300 -0.022626 0.124895 0.991912 0.000000 0.000000 0.000000 0.000000 1.000000
0.998881 0.042405 0.020953 0.000000 -0.039450 0.991303 -0.125547 14.178300 -0.026094 0.124580 0.991866 0.000000 0.000000 0.000000 0.000000 1.000000
0.998823 0.041812 0.024569 -0.000000 -0.038416 0.991367 -0.125360 14.178300 -0.029599 0.124268 0.991807 0.000000 0.000000 0.000000 0.000000 1.000000
0.998830 0.039375 0.028079 0.000000 -0.035592 0.991591 -0.124417 14.178300 -0.032742 0.123272 0.991833 0.000000 0.000000 0.000000 0.000000 1.000000
0.998855 0.035197 0.032397 0.000000 -0.030959 0.991911 -0.123103 14.178300 -0.036467 0.121959 0.991865 0.000000 0.000000 0.000000 0.000000 1.000000
0.998896 0.031448 0.034906 0.000000 -0.026960 0.992121 -0.122349 14.178300 -0.038479 0.121273 0.991873 0.000000 0.000000 0.000000 0.000000 1.000000
0.999004 0.028946 0.033963 0.000000 -0.024596 0.992204 -0.122173 14.178300 -0.037234 0.121215 0.991928 0.000000 0.000000 0.000000 0.000000 1.000000
0.999224 0.026247 0.029365 0.000000 -0.022483 0.992291 -0.121874 14.178300 -0.032337 0.121120 0.992111 0.000000 0.000000 0.000000 0.000000 1.000000
0.999392 0.023363 0.025870 -0.000000 -0.020064 0.992429 -0.121167 14.178300 -0.028505 0.120575 0.992295 0.000000 0.000000 0.000000 0.000000 1.000000
0.999490 0.021996 0.023171 0.000000 -0.019041 0.992492 -0.120818 14.178300 -0.025654 0.120315 0.992404 -0.000000 0.000000 0.000000 0.000000 1.000000
0.999598 0.020972 0.019074 0.000000 -0.018482 0.992302 -0.122453 14.178300 -0.021495 0.122051 0.992291 0.000000 0.000000 0.000000 0.000000 1.000000
0.999688 0.019579 0.015510 0.000000 -0.017511 0.992153 -0.123800 14.178300 -0.017812 0.123490 0.992186 -0.000000 0.000000 0.000000 0.000000 1.000000
0.999789 0.017202 0.011236 -0.000000 -0.015673 0.992124 -0.124276 14.178300 -0.013285 0.124073 0.992184 -0.000000 0.000000 0.000000 0.000000 1.000000
0.999873 0.014308 0.006961 0.000000 -0.013327 0.992071 -0.124967 14.178300 -0.008694 0.124859 0.992136 0.000000 0.000000 0.000000 0.000000 1.000000
0.999920 0.012042 0.003961 0.000000 -0.011447 0.991949 -0.126120 14.178300 -0.005448 0.126064 0.992007 0.000000 0.000000 0.000000 0.000000 1.000000
0.999960 0.008937 0.000706 0.000000 -0.008774 0.991760 -0.127807 14.178300 -0.001842 0.127795 0.991799 0.000000 0.000000 0.000000 0.000000 1.000000
0.999979 0.006035 -0.002458 0.000000 -0.006302 0.991617 -0.129056 14.178300 0.001658 0.129069 0.991634 0.000000 0.000000 0.000000 0.000000 1.000000
0.999978 0.004437 -0.004857 -0.000000 -0.005029 0.991547 -0.129650 14.178300 0.004241 0.129672 0.991548 0.000000 0.000000 0.000000 0.000000 1.000000
0.999961 0.004046 -0.007834 0.000000 -0.005030 0.991512 -0.129921 14.178300 0.007242 0.129955 0.991493 0.000000 0.000000 0.000000 0.000000 1.000000
0.999926 0.006139 -0.010543 0.000000 -0.007454 0.991538 -0.129603 14.178300 0.009658 0.129672 0.991510 0.000000 0.000000 0.000000 0.000000 1.000000
0.999887 0.008848 -0.012151 0.000000 -0.010348 0.991529 -0.129474 14.178300 0.010903 0.129585 0.991508 0.000000 0.000000 0.000000 0.000000 1.000000
0.999854 0.011768 -0.012420 -0.000000 -0.013270 0.991600 -0.128659 14.178300 0.010802 0.128805 0.991611 -0.000000 0.000000 0.000000 0.000000 1.000000
0.999798 0.015752 -0.012446 -0.000000 -0.017213 0.991668 -0.127667 14.178300 0.010331 0.127856 0.991739 0.000000 0.000000 0.000000 0.000000 1.000000
0.999747 0.019249 -0.011655 0.000000 -0.020582 0.991581 -0.127840 14.178300 0.009096 0.128048 0.991726 0.000000 0.000000 0.000000 0.000000 1.000000</float_array>
        <technique_common>
          <accessor source="#mixamorig_Spine2-Matrix-animation-output-transform-array" count="35" stride="16">
            <param type="float4x4"/>
          </accessor>
        </technique_common>
      </source>
      <source id="mixamorig_Spine2-Interpolations">
        <Name_array id="mixamorig_Spine2-Interpolations-array" count="35">
 LINEAR LINEAR LINEAR LINEAR LINEAR LINEAR LINEAR LINEAR LINEAR LINEAR LINEAR
LINEAR LINEAR LINEAR LINEAR LINEAR LINEAR LINEAR LINEAR LINEAR LINEAR LINEAR LINEAR
LINEAR LINEAR LINEAR LINEAR LINEAR LINEAR LINEAR LINEAR LINEAR LINEAR LINEAR LINEAR</Name_array>
        <technique_common>
          <accessor source="#mixamorig_Spine2-Interpolations-array" count="35">
            <param type="name"/>
          </accessor>
        </technique_common>
      </source>
      <sampler id="mixamorig_Spine2-Matrix-animation-transform">
        <input semantic="INPUT" source="#mixamorig_Spine2-Matrix-animation-input"/>
        <input semantic="OUTPUT" source="#mixamorig_Spine2-Matrix-animation-output-transform"/>
        <input semantic="INTERPOLATION" source="#mixamorig_Spine2-Interpolations"/>
      </sampler>
      <channel source="#mixamorig_Spine2-Matrix-animation-transform" target="mixamorig_Spine2/matrix"/>
    </animation>
    <animation id="mixamorig_Neck-anim" name="mixamorig_Neck">
      <source id="mixamorig_Neck-Matrix-animation-input">
        <float_array id="mixamorig_Neck-Matrix-animation-input-array" count="35">

0.000000 0.033333 0.066667 0.100000 0.133333 0.166667 0.200000 0.233333 0.266667 0.300000 0.333333 0.366667 0.400000 0.433333 0.466667 0.500000
0.533333 0.566667 0.600000 0.633333 0.666667 0.700000 0.733333 0.766667 0.800000 0.833333 0.866667 0.900000 0.933333 0.966667 1.000000 1.033333
1.066667 1.100000 1.133333</float_array>
        <technique_common>
          <accessor source="#mixamorig_Neck-Matrix-animation-input-array" count="35">
            <param name="TIME" type="float"/>
          </accessor>
        </technique_common>
      </source>
      <source id="mixamorig_Neck-Matrix-animation-output-transform">
        <float_array id="mixamorig_Neck-Matrix-animation-output-transform-array" count="560">

0.963184 0.030797 0.267072 0.024400 -0.020289 0.998911 -0.042016 15.862300 -0.268076 0.035050 0.962760 -1.675800 0.000000 0.000000 0.000000 1.000000
0.962109 0.034940 0.270418 0.024400 -0.027083 0.999097 -0.032735 15.862300 -0.271317 0.024171 0.962186 -1.675800 0.000000 0.000000 0.000000 1.000000
0.961878 0.040141 0.270516 0.024400 -0.032851 0.998966 -0.031423 15.862300 -0.271497 0.021338 0.962203 -1.675800 0.000000 0.000000 0.000000 1.000000
0.961533 0.044077 0.271131 0.024400 -0.036563 0.998796 -0.032707 15.862300 -0.272247 0.021535 0.961987 -1.675800 0.000000 0.000000 0.000000 1.000000
0.962017 0.040183 0.270016 0.024400 -0.032791 0.998955 -0.031831 15.862300 -0.271013 0.021768 0.962329 -1.675800 0.000000 0.000000 0.000000 1.000000
0.962953 0.036633 0.267168 0.024400 -0.029586 0.999101 -0.030356 15.862300 -0.268040 0.021327 0.963172 -1.675800 0.000000 0.000000 0.000000 1.000000
0.963476 0.037363 0.265177 0.024400 -0.031016 0.999124 -0.028084 15.862300 -0.265994 0.018833 0.963791 -1.675800 0.000000 0.000000 0.000000 1.000000
0.963417 0.038449 0.265235 0.024400 -0.032598 0.999119 -0.026426 15.862300 -0.266017 0.016814 0.963822 -1.675800 0.000000 0.000000 0.000000 1.000000
0.963787 0.039613 0.263715 0.024400 -0.034260 0.999103 -0.024871 15.862300 -0.264464 0.014936 0.964280 -1.675800 0.000000 0.000000 0.000000 1.000000
0.964298 0.040223 0.261745 0.024400 -0.035477 0.999110 -0.022837 15.862300 -0.262431 0.012736 0.964867 -1.675800 0.000000 0.000000 0.000000 1.000000
0.964800 0.038304 0.260181 0.024400 -0.034105 0.999205 -0.020636 15.862300 -0.260765 0.011036 0.965339 -1.675800 0.000000 0.000000 0.000000 1.000000
0.965036 0.036237 0.259599 0.024400 -0.032992 0.999314 -0.016845 15.862300 -0.260031 0.007691 0.965570 -1.675800 0.000000 0.000000 0.000000 1.000000
0.965293 0.033774 0.258975 0.024400 -0.031852 0.999425 -0.011616 15.862300 -0.259218 0.002964 0.965814 -1.675800 0.000000 0.000000 0.000000 1.000000
0.965236 0.029697 0.259687 0.024400 -0.030075 0.999544 -0.002521 15.862300 -0.259644 -0.005377 0.965689 -1.675800 0.000000 0.000000 0.000000 1.000000
0.964362 0.028802 0.263014 0.024400 -0.031672 0.999476 0.006677 15.862300 -0.262684 -0.014769 0.964769 -1.675800 0.000000 0.000000 0.000000 1.000000
0.963790 0.025182 0.265471 0.024400 -0.029361 0.999499 0.011783 15.862300 -0.265041 -0.019150 0.964047 -1.675800 0.000000 0.000000 0.000000 1.000000
0.964250 0.019047 0.264310 0.024400 -0.022843 0.999675 0.011296 15.862300 -0.264009 -0.016930 0.964372 -1.675800 0.000000 0.000000 0.000000 1.000000
0.964925 0.014641 0.262116 0.024400 -0.016934 0.999836 0.006492 15.862300 -0.261978 -0.010703 0.965014 -1.675800 0.000000 0.000000 0.000000 1.000000
0.965203 0.013457 0.261156 0.024400 -0.012714 0.999909 -0.004535 15.862300 -0.261194 0.001056 0.965286 -1.675800 0.000000 0.000000 0.000000 1.000000
0.965559 0.012013 0.259905 0.024400 -0.008546 0.999859 -0.014465 15.862300 -0.260042 0.011746 0.965526 -1.675800 0.000000 0.000000 0.000000 1.000000
0.965094 0.004657 0.261862 0.024400 -0.000993 0.999900 -0.014121 15.862300 -0.261902 0.013368 0.965002 -1.675800 0.000000 0.000000 0.000000 1.000000
0.964374 0.003951 0.264513 0.024400 -0.000409 0.999910 -0.013445 15.862300 -0.264543 0.012858 0.964288 -1.675800 0.000000 0.000000 0.000000 1.000000
0.964068 0.007057 0.265560 0.024400 -0.003188 0.999882 -0.014998 15.862300 -0.265635 0.013612 0.963978 -1.675800 0.000000 0.000000 0.000000 1.000000
0.963746 0.011269 0.266583 0.024400 -0.005781 0.999755 -0.021361 15.862300 -0.266759 0.019046 0.963575 -1.675800 0.000000 0.000000 0.000000 1.000000
0.963351 0.014068 0.267875 0.024400 -0.006524 0.999557 -0.029031 15.862300 -0.268165 0.026219 0.963016 -1.675800 0.000000 0.000000 0.000000 1.000000
0.962963 0.013885 0.269277 0.024400 -0.005459 0.999473 -0.032013 15.862300 -0.269580 0.029358 0.962530 -1.675800 0.000000 0.000000 0.000000 1.000000
0.962794 0.012810 0.269934 0.024400 -0.003997 0.999442 -0.033175 15.862300 -0.270208 0.030862 0.962307 -1.675800 0.000000 0.000000 0.000000 1.000000
0.962812 0.012739 0.269873 0.024400 -0.003379 0.999378 -0.035117 15.862300 -0.270153 0.032899 0.962255 -1.675800 0.000000 0.000000 0.000000 1.000000
0.962989 0.012038 0.269270 0.024400 -0.001841 0.999273 -0.038090 15.862300 -0.269533 0.036185 0.962311 -1.675800 0.000000 0.000000 0.000000 1.000000
0.963647 0.010788 0.266960 0.024400 0.000044 0.999178 -0.040537 15.862300 -0.267178 0.039075 0.962855 -1.675800 0.000000 0.000000 0.000000 1.000000
0.964355 0.008774 0.264465 0.024400 0.001623 0.999235 -0.039070 15.862300 -0.264605 0.038107 0.963604 -1.675800 0.000000 0.000000 0.000000 1.000000
0.964858 0.009872 0.262586 0.024400 -0.000113 0.999310 -0.037151 15.862300 -0.262771 0.035816 0.964193 -1.675800 0.000000 0.000000 0.000000 1.000000
0.965019 0.015173 0.261741 0.024400 -0.004911 0.999195 -0.039817 15.862300 -0.262134 0.037139 0.964316 -1.675800 0.000000 0.000000 0.000000 1.000000
0.964425 0.023103 0.263345 0.024400 -0.012298 0.999016 -0.042604 15.862300 -0.264070 0.037849 0.963760 -1.675800 0.000000 0.000000 0.000000 1.000000
0.963184 0.030797 0.267072 0.024400 -0.020289 0.998911 -0.042016 15.862300 -0.268075 0.035050 0.962760 -1.675800 0.000000 0.000000 0.000000 1.000000</float_array>
        <technique_common>
          <accessor source="#mixamorig_Neck-Matrix-animation-output-transform-array" count="35" stride="16">
            <param type="float4x4"/>
          </accessor>
        </technique_common>
      </source>
      <source id="mixamorig_Neck-Interpolations">
        <Name_array id="mixamorig_Neck-Interpolations-array" count="35">
 LINEAR LINEAR LINEAR LINEAR LINEAR LINEAR LINEAR LINEAR LINEAR LINEAR LINEAR
LINEAR LINEAR LINEAR LINEAR LINEAR LINEAR LINEAR LINEAR LINEAR LINEAR LINEAR LINEAR
LINEAR LINEAR LINEAR LINEAR LINEAR LINEAR LINEAR LINEAR LINEAR LINEAR LINEAR LINEAR</Name_array>
        <technique_common>
          <accessor source="#mixamorig_Neck-Interpolations-array" count="35">
            <param type="name"/>
          </accessor>
        </technique_common>
      </source>
      <sampler id="mixamorig_Neck-Matrix-animation-transform">
        <input semantic="INPUT" source="#mixamorig_Neck-Matrix-animation-input"/>
        <input semantic="OUTPUT" source="#mixamorig_Neck-Matrix-animation-output-transform"/>
        <input semantic="INTERPOLATION" source="#mixamorig_Neck-Interpolations"/>
      </sampler>
      <channel source="#mixamorig_Neck-Matrix-animation-transform" target="mixamorig_Neck/matrix"/>
    </animation>
    <animation id="mixamorig_Head-anim" name="mixamorig_Head">
      <source id="mixamorig_Head-Matrix-animation-input">
        <float_array id="mixamorig_Head-Matrix-animation-input-array" count="35">

0.000000 0.033333 0.066667 0.100000 0.133333 0.166667 0.200000 0.233333 0.266667 0.300000 0.333333 0.366667 0.400000 0.433333 0.466667 0.500000
0.533333 0.566667 0.600000 0.633333 0.666667 0.700000 0.733333 0.766667 0.800000 0.833333 0.866667 0.900000 0.933333 0.966667 1.000000 1.033333
1.066667 1.100000 1.133333</float_array>
        <technique_common>
          <accessor source="#mixamorig_Head-Matrix-animation-input-array" count="35">
            <param name="TIME" type="float"/>
          </accessor>
        </technique_common>
      </source>
      <source id="mixamorig_Head-Matrix-animation-output-transform">
        <float_array id="mixamorig_Head-Matrix-animation-output-transform-array" count="560">

0.776768 0.104186 0.621110 0.000000 -0.175806 0.982888 0.054994 5.564000 -0.604751 -0.151913 0.781792 0.988100 0.000000 0.000000 0.000000 1.000000
0.774330 0.095302 0.625564 0.000000 -0.172463 0.982952 0.063729 5.564000 -0.608826 -0.157234 0.777566 0.988100 0.000000 0.000000 0.000000 1.000000
0.774389 0.091806 0.626013 0.000000 -0.176028 0.981615 0.073794 5.564000 -0.607729 -0.167341 0.776313 0.988100 0.000000 0.000000 0.000000 1.000000
0.772581 0.089698 0.628548 0.000000 -0.181051 0.979991 0.082688 5.564000 -0.608554 -0.177683 0.773363 0.988100 0.000000 0.000000 0.000000 1.000000
0.771901 0.086846 0.629783 0.000000 -0.184978 0.978446 0.091795 5.564000 -0.608237 -0.187353 0.771328 0.988100 0.000000 0.000000 0.000000 1.000000
0.775094 0.083991 0.626238 -0.000000 -0.185333 0.977752 0.098251 5.564000 -0.604053 -0.192216 0.773416 0.988100 0.000000 0.000000 0.000000 1.000000
0.779787 0.079494 0.620977 -0.000000 -0.182449 0.977705 0.103949 5.564000 -0.598869 -0.194355 0.776905 0.988100 0.000000 0.000000 0.000000 1.000000
0.779891 0.077922 0.621047 -0.000000 -0.185125 0.976545 0.109949 5.564000 -0.597913 -0.200720 0.776023 0.988100 0.000000 0.000000 0.000000 1.000000
0.782516 0.079111 0.617584 -0.000000 -0.188994 0.975276 0.114536 5.564000 -0.593254 -0.206345 0.778121 0.988100 0.000000 0.000000 0.000000 1.000000
